ply
format ascii 1.0
element vertex 1572
property float x
property float y
property float z
property uchar red
property uchar green
property uchar blue
property uchar alpha
element face 524
property list uchar int vertex_indices
end_header
190.2 25.4 0 255 255 255 255
188.409 25.1143 0 255 255 255 255
187.799 23.2094 0 255 255 255 255
187.189 21.3046 0 255 255 255 255
185.85 20.4 0 255 255 255 255
183.85 20.4 0 255 255 255 255
182.093 20.7336 0 255 255 255 255
181.484 22.6384 0 255 255 255 255
180.874 24.5433 0 255 255 255 255
179.5 25.4 0 255 255 255 255
179.337 24.0695 0 255 255 255 255
179.962 22.1695 0 255 255 255 255
180.586 20.2695 0 255 255 255 255
181.211 18.3695 0 255 255 255 255
181.835 16.4695 0 255 255 255 255
182.46 14.5695 0 255 255 255 255
183.084 12.6695 0 255 255 255 255
183.948 11.1 0 255 255 255 255
185.707 11.4312 0 255 255 255 255
186.319 13.3351 0 255 255 255 255
186.931 15.239 0 255 255 255 255
187.544 17.143 0 255 255 255 255
188.156 19.0469 0 255 255 255 255
188.769 20.9508 0 255 255 255 255
189.381 22.8547 0 255 255 255 255
189.994 24.7586 0 255 255 255 255
186.4 19 0 255 255 255 255
185.787 17.0963 0 255 255 255 255
185.174 15.1926 0 255 255 255 255
184.561 13.2888 0 255 255 255 255
183.948 14.8149 0 255 255 255 255
183.335 16.7186 0 255 255 255 255
182.722 18.6223 0 255 255 255 255
184.203 19 0 255 255 255 255
186.203 19 0 255 255 255 255
283.9 25.4 0 255 255 255 255
281.9 25.4 0 255 255 255 255
279.9 25.4 0 255 255 255 255
277.9 25.4 0 255 255 255 255
276.1 25.2 0 255 255 255 255
276.1 23.2 0 255 255 255 255
276.1 21.2 0 255 255 255 255
276.1 19.2 0 255 255 255 255
276.1 17.2 0 255 255 255 255
276.1 15.2 0 255 255 255 255
276.1 13.2 0 255 255 255 255
276.1 11.2 0 255 255 255 255
277.8 11.3 0 255 255 255 255
277.8 13.3 0 255 255 255 255
277.8 15.3 0 255 255 255 255
277.8 17.3 0 255 255 255 255
277.8 19.3 0 255 255 255 255
277.8 21.3 0 255 255 255 255
277.8 23.3 0 255 255 255 255
279.1 24 0 255 255 255 255
281.1 24 0 255 255 255 255
283.1 24 0 255 255 255 255
283.9 25.2 0 255 255 255 255
379.2 25.4 0 255 255 255 255
377.2 25.4 0 255 255 255 255
375.2 25.4 0 255 255 255 255
373.2 25.4 0 255 255 255 255
371.4 25.2 0 255 255 255 255
371.4 23.2 0 255 255 255 255
371.4 21.2 0 255 255 255 255
371.4 19.2 0 255 255 255 255
371.4 17.2 0 255 255 255 255
371.4 15.2 0 255 255 255 255
371.4 13.2 0 255 255 255 255
371.4 11.2 0 255 255 255 255
373.1 11.3 0 255 255 255 255
373.1 13.3 0 255 255 255 255
373.1 15.3 0 255 255 255 255
373.1 17.3 0 255 255 255 255
373.1 19.3 0 255 255 255 255
373.1 21.3 0 255 255 255 255
373.1 23.3 0 255 255 255 255
374.4 24 0 255 255 255 255
376.4 24 0 255 255 255 255
378.4 24 0 255 255 255 255
379.2 25.2 0 255 255 255 255
32.3 92.4 0 255 255 255 255
30.3 92.4 0 255 255 255 255
28.3 92.4 0 255 255 255 255
27.9 94 0 255 255 255 255
27.9 96 0 255 255 255 255
27.9 98 0 255 255 255 255
27.9 100 0 255 255 255 255
27.9 102 0 255 255 255 255
27.9 104 0 255 255 255 255
27.2 105.3 0 255 255 255 255
26.3 104.2 0 255 255 255 255
26.3 102.2 0 255 255 255 255
26.3 100.2 0 255 255 255 255
26.3 98.2 0 255 255 255 255
26.3 96.2 0 255 255 255 255
26.3 94.2 0 255 255 255 255
26.1 92.4 0 255 255 255 255
24.1 92.4 0 255 255 255 255
22.1 92.4 0 255 255 255 255
22.4 91.1 0 255 255 255 255
24.4 91.1 0 255 255 255 255
26.4 91.1 0 255 255 255 255
28.4 91.1 0 255 255 255 255
30.4 91.1 0 255 255 255 255
32.4 91.1 0 255 255 255 255
127.6 91.1 0 255 255 255 255
126.638 92.8533 0 255 255 255 255
125.676 94.6067 0 255 255 255 255
124.713 96.36 0 255 255 255 255
123.751 98.1133 0 255 255 255 255
123.1 99.9464 0 255 255 255 255
123.1 101.946 0 255 255 255 255
123.1 103.946 0 255 255 255 255
122.554 105.4 0 255 255 255 255
121.5 104.454 0 255 255 255 255
121.5 102.454 0 255 255 255 255
121.5 100.454 0 255 255 255 255
121.093 98.558 0 255 255 255 255
120.131 96.8047 0 255 255 255 255
119.168 95.0513 0 255 255 255 255
118.206 93.298 0 255 255 255 255
117.244 91.5447 0 255 255 255 255
118.493 91.1 0 255 255 255 255
119.647 92.5066 0 255 255 255 255
120.586 94.2729 0 255 255 255 255
121.524 96.0391 0 255 255 255 255
122.462 97.1947 0 255 255 255 255
123.401 95.4285 0 255 255 255 255
124.339 93.6622 0 255 255 255 255
125.277 91.896 0 255 255 255 255
126.799 91.1 0 255 255 255 255
214 91.1 0 255 255 255 255
216 91.1 0 255 255 255 255
218 91.1089 0 255 255 255 255
219.949 91.5081 0 255 255 255 255
221.484 92.748 0 255 255 255 255
222.092 94.6254 0 255 255 255 255
221.78 96.5834 0 255 255 255 255
220.516 98.0967 0 255 255 255 255
218.669 98.8209 0 255 255 255 255
216.673 98.9 0 255 255 255 255
215.7 99.9272 0 255 255 255 255
215.7 101.927 0 255 255 255 255
215.7 103.927 0 255 255 255 255
215.073 105.3 0 255 255 255 255
214 104.373 0 255 255 255 255
214 102.373 0 255 255 255 255
214 100.373 0 255 255 255 255
214 98.3729 0 255 255 255 255
214 96.3729 0 255 255 255 255
214 94.3729 0 255 255 255 255
214 92.3729 0 255 255 255 255
215.7 97.5 0 255 255 255 255
217.7 97.4955 0 255 255 255 255
219.593 96.9536 0 255 255 255 255
220.397 95.2006 0 255 255 255 255
219.707 93.3925 0 255 255 255 255
217.917 92.6116 0 255 255 255 255
215.918 92.6 0 255 255 255 255
215.7 94.3822 0 255 255 255 255
215.7 96.3822 0 255 255 255 255
27 170.7 0 255 255 255 255
28.9471 171.085 0 255 255 255 255
30.4929 172.322 0 255 255 255 255
31.3998 174.094 0 255 255 255 255
31.8613 176.037 0 255 255 255 255
31.9992 178.031 0 255 255 255 255
31.897 180.027 0 255 255 255 255
31.4871 181.981 0 255 255 255 255
30.5941 183.762 0 255 255 255 255
29.1031 185.059 0 255 255 255 255
27.1672 185.497 0 255 255 255 255
25.2072 185.179 0 255 255 255 255
23.6494 183.965 0 255 255 255 255
22.7312 182.196 0 255 255 255 255
22.2528 180.257 0 255 255 255 255
22.1018 178.264 0 255 255 255 255
22.192 176.268 0 255 255 255 255
22.5843 174.31 0 255 255 255 255
23.4536 172.518 0 255 255 255 255
24.8963 171.166 0 255 255 255 255
26.8238 170.704 0 255 255 255 255
27 184.1 0 255 255 255 255
28.8109 183.385 0 255 255 255 255
29.7779 181.659 0 255 255 255 255
30.1359 179.695 0 255 255 255 255
30.1925 177.697 0 255 255 255 255
30.0154 175.707 0 255 255 255 255
29.4371 173.801 0 255 255 255 255
28.0607 172.41 0 255 255 255 255
26.1068 172.353 0 255 255 255 255
24.6982 173.704 0 255 255 255 255
24.1049 175.607 0 255 255 255 255
23.9078 177.595 0 255 255 255 255
23.9683 179.593 0 255 255 255 255
24.3333 181.556 0 255 255 255 255
25.2277 183.329 0 255 255 255 255
126.9 184.2 0 255 255 255 255
125.147 185.146 0 255 255 255 255
123.186 185.497 0 255 255 255 255
121.205 185.278 0 255 255 255 255
119.456 184.347 0 255 255 255 255
118.267 182.751 0 255 255 255 255
117.636 180.86 0 255 255 255 255
117.415 178.874 0 255 255 255 255
117.451 176.876 0 255 255 255 255
117.781 174.906 0 255 255 255 255
118.517 173.052 0 255 255 255 255
119.811 171.547 0 255 255 255 255
121.628 170.747 0 255 255 255 255
123.617 170.618 0 255 255 255 255
125.565 171.044 0 255 255 255 255
126.438 172.282 0 255 255 255 255
124.963 172.393 0 255 255 255 255
122.994 172.102 0 255 255 255 255
121.09 172.629 0 255 255 255 255
119.864 174.165 0 255 255 255 255
119.338 176.089 0 255 255 255 255
119.201 178.082 0 255 255 255 255
119.347 180.075 0 255 255 255 255
119.91 181.986 0 255 255 255 255
121.229 183.448 0 255 255 255 255
123.153 183.899 0 255 255 255 255
125.077 183.456 0 255 255 255 255
125.3 181.572 0 255 255 255 255
125.072 179.8 0 255 255 255 255
123.072 179.8 0 255 255 255 255
122.928 178.4 0 255 255 255 255
124.928 178.4 0 255 255 255 255
126.9 178.428 0 255 255 255 255
126.9 180.428 0 255 255 255 255
126.9 182.428 0 255 255 255 255
223.3 185.2 0 255 255 255 255
221.3 185.2 0 255 255 255 255
220.169 183.604 0 255 255 255 255
219.083 181.924 0 255 255 255 255
217.998 180.244 0 255 255 255 255
216.839 178.7 0 255 255 255 255
215.2 179.061 0 255 255 255 255
215.2 181.061 0 255 255 255 255
215.2 183.061 0 255 255 255 255
215.2 185.061 0 255 255 255 255
213.5 185.039 0 255 255 255 255
213.5 183.039 0 255 255 255 255
213.5 181.039 0 255 255 255 255
213.5 179.039 0 255 255 255 255
213.5 177.039 0 255 255 255 255
213.5 175.039 0 255 255 255 255
213.5 173.039 0 255 255 255 255
213.5 171.039 0 255 255 255 255
215.461 171 0 255 255 255 255
217.461 171 0 255 255 255 255
219.433 171.273 0 255 255 255 255
221.073 172.375 0 255 255 255 255
221.868 174.178 0 255 255 255 255
221.584 176.13 0 255 255 255 255
220.296 177.633 0 255 255 255 255
218.674 178.507 0 255 255 255 255
219.811 180.152 0 255 255 255 255
220.948 181.798 0 255 255 255 255
222.086 183.443 0 255 255 255 255
223.223 185.088 0 255 255 255 255
215.2 177.3 0 255 255 255 255
217.2 177.3 0 255 255 255 255
219.113 176.839 0 255 255 255 255
220.166 175.196 0 255 255 255 255
219.748 173.295 0 255 255 255 255
217.997 172.443 0 255 255 255 255
215.999 172.4 0 255 255 255 255
215.2 173.601 0 255 255 255 255
215.2 175.601 0 255 255 255 255
32.7 265.2 0 255 255 255 255
30.9086 264.914 0 255 255 255 255
30.299 263.009 0 255 255 255 255
29.6895 261.105 0 255 255 255 255
28.3498 260.2 0 255 255 255 255
26.3498 260.2 0 255 255 255 255
24.5933 260.534 0 255 255 255 255
23.9837 262.438 0 255 255 255 255
23.3742 264.343 0 255 255 255 255
21.9995 265.2 0 255 255 255 255
21.8373 263.87 0 255 255 255 255
22.4618 261.97 0 255 255 255 255
23.0862 260.07 0 255 255 255 255
23.7107 258.17 0 255 255 255 255
24.3352 256.27 0 255 255 255 255
24.9597 254.37 0 255 255 255 255
25.5841 252.47 0 255 255 255 255
26.4479 250.9 0 255 255 255 255
28.2065 251.231 0 255 255 255 255
28.819 253.135 0 255 255 255 255
29.4314 255.039 0 255 255 255 255
30.0439 256.943 0 255 255 255 255
30.6563 258.847 0 255 255 255 255
31.2688 260.751 0 255 255 255 255
31.8812 262.655 0 255 255 255 255
32.4937 264.559 0 255 255 255 255
28.9 258.7 0 255 255 255 255
28.2869 256.796 0 255 255 255 255
27.6739 254.893 0 255 255 255 255
27.0608 252.989 0 255 255 255 255
26.4477 254.515 0 255 255 255 255
25.8347 256.419 0 255 255 255 255
25.2216 258.322 0 255 255 255 255
26.7032 258.7 0 255 255 255 255
28.7032 258.7 0 255 255 255 255
118.7 250.9 0 255 255 255 255
120.7 250.9 0 255 255 255 255
122.7 250.909 0 255 255 255 255
124.649 251.308 0 255 255 255 255
126.184 252.548 0 255 255 255 255
126.792 254.425 0 255 255 255 255
126.48 256.383 0 255 255 255 255
125.216 257.897 0 255 255 255 255
123.369 258.621 0 255 255 255 255
121.373 258.7 0 255 255 255 255
120.4 259.727 0 255 255 255 255
120.4 261.727 0 255 255 255 255
120.4 263.727 0 255 255 255 255
119.773 265.1 0 255 255 255 255
118.7 264.173 0 255 255 255 255
118.7 262.173 0 255 255 255 255
118.7 260.173 0 255 255 255 255
118.7 258.173 0 255 255 255 255
118.7 256.173 0 255 255 255 255
118.7 254.173 0 255 255 255 255
118.7 252.173 0 255 255 255 255
120.4 257.3 0 255 255 255 255
122.4 257.295 0 255 255 255 255
124.293 256.754 0 255 255 255 255
125.097 255.001 0 255 255 255 255
124.407 253.192 0 255 255 255 255
122.617 252.412 0 255 255 255 255
120.618 252.4 0 255 255 255 255
120.4 254.182 0 255 255 255 255
120.4 256.182 0 255 255 255 255
221.7 265.2 0 255 255 255 255
220 264.9 0 255 255 255 255
220 262.9 0 255 255 255 255
220 260.9 0 255 255 255 255
220 258.9 0 255 255 255 255
218.8 258.1 0 255 255 255 255
216.8 258.1 0 255 255 255 255
215.1 258.4 0 255 255 255 255
215.1 260.4 0 255 255 255 255
215.1 262.4 0 255 255 255 255
215.1 264.4 0 255 255 255 255
213.9 265.2 0 255 255 255 255
213.4 263.7 0 255 255 255 255
213.4 261.7 0 255 255 255 255
213.4 259.7 0 255 255 255 255
213.4 257.7 0 255 255 255 255
213.4 255.7 0 255 255 255 255
213.4 253.7 0 255 255 255 255
213.4 251.7 0 255 255 255 255
214.6 250.9 0 255 255 255 255
215.1 252.4 0 255 255 255 255
215.1 254.4 0 255 255 255 255
215.1 256.4 0 255 255 255 255
216.9 256.6 0 255 255 255 255
218.9 256.6 0 255 255 255 255
220 255.7 0 255 255 255 255
220 253.7 0 255 255 255 255
220 251.7 0 255 255 255 255
221.2 250.9 0 255 255 255 255
221.7 252.4 0 255 255 255 255
221.7 254.4 0 255 255 255 255
221.7 256.4 0 255 255 255 255
221.7 258.4 0 255 255 255 255
221.7 260.4 0 255 255 255 255
221.7 262.4 0 255 255 255 255
221.7 264.4 0 255 255 255 255
318.2 250.9 0 255 255 255 255
317.238 252.653 0 255 255 255 255
316.276 254.407 0 255 255 255 255
315.313 256.16 0 255 255 255 255
314.351 257.913 0 255 255 255 255
313.7 259.746 0 255 255 255 255
313.7 261.746 0 255 255 255 255
313.7 263.746 0 255 255 255 255
313.154 265.2 0 255 255 255 255
312.1 264.254 0 255 255 255 255
312.1 262.254 0 255 255 255 255
312.1 260.254 0 255 255 255 255
311.693 258.358 0 255 255 255 255
310.731 256.605 0 255 255 255 255
309.768 254.851 0 255 255 255 255
308.806 253.098 0 255 255 255 255
307.844 251.345 0 255 255 255 255
309.093 250.9 0 255 255 255 255
310.247 252.307 0 255 255 255 255
311.186 254.073 0 255 255 255 255
312.124 255.839 0 255 255 255 255
313.062 256.995 0 255 255 255 255
314 255.229 0 255 255 255 255
314.939 253.462 0 255 255 255 255
315.877 251.696 0 255 255 255 255
317.399 250.9 0 255 255 255 255
249.8 345.1 0 255 255 255 255
247.8 345.1 0 255 255 255 255
245.8 345.1 0 255 255 255 255
243.8 345.1 0 255 255 255 255
243.4 343.7 0 255 255 255 255
245.4 343.7 0 255 255 255 255
245.8 342.1 0 255 255 255 255
245.8 340.1 0 255 255 255 255
245.8 338.1 0 255 255 255 255
245.8 336.1 0 255 255 255 255
245.8 334.1 0 255 255 255 255
245.6 332.3 0 255 255 255 255
243.6 332.3 0 255 255 255 255
243.6 330.9 0 255 255 255 255
245.6 330.9 0 255 255 255 255
247.6 330.9 0 255 255 255 255
249.6 330.9 0 255 255 255 255
249.4 332.3 0 255 255 255 255
247.4 332.3 0 255 255 255 255
247.4 334.3 0 255 255 255 255
247.4 336.3 0 255 255 255 255
247.4 338.3 0 255 255 255 255
247.4 340.3 0 255 255 255 255
247.4 342.3 0 255 255 255 255
248 343.7 0 255 255 255 255
249.8 343.9 0 255 255 255 255
344.9 332.4 0 255 255 255 255
342.945 332.013 0 255 255 255 255
340.978 332.263 0 255 255 255 255
339.681 333.691 0 255 255 255 255
340.138 335.537 0 255 255 255 255
341.792 336.642 0 255 255 255 255
343.599 337.5 0 255 255 255 255
345.146 338.74 0 255 255 255 255
345.867 340.584 0 255 255 255 255
345.688 342.561 0 255 255 255 255
344.607 344.212 0 255 255 255 255
342.881 345.186 0 255 255 255 255
340.9 345.395 0 255 255 255 255
338.93 345.093 0 255 255 255 255
338.207 343.733 0 255 255 255 255
339.764 343.825 0 255 255 255 255
341.747 343.961 0 255 255 255 255
343.544 343.169 0 255 255 255 255
344.298 341.373 0 255 255 255 255
343.573 339.58 0 255 255 255 255
341.919 338.465 0 255 255 255 255
340.124 337.584 0 255 255 255 255
338.522 336.408 0 255 255 255 255
337.801 334.594 0 255 255 255 255
338.191 332.655 0 255 255 255 255
339.581 331.249 0 255 255 255 255
341.471 330.645 0 255 255 255 255
343.468 330.656 0 255 255 255 255
345.053 331.325 0 255 255 255 255
31.7 424 0 255 255 255 255
29.9467 424.946 0 255 255 255 255
27.9861 425.297 0 255 255 255 255
26.0053 425.078 0 255 255 255 255
24.2561 424.147 0 255 255 255 255
23.0673 422.551 0 255 255 255 255
22.4362 420.66 0 255 255 255 255
22.2153 418.674 0 255 255 255 255
22.2509 416.676 0 255 255 255 255
22.5814 414.706 0 255 255 255 255
23.3171 412.852 0 255 255 255 255
24.6111 411.347 0 255 255 255 255
26.4278 410.547 0 255 255 255 255
28.4173 410.418 0 255 255 255 255
30.3652 410.844 0 255 255 255 255
31.2377 412.082 0 255 255 255 255
29.7634 412.193 0 255 255 255 255
27.7938 411.902 0 255 255 255 255
25.8905 412.429 0 255 255 255 255
24.6642 413.965 0 255 255 255 255
24.1384 415.889 0 255 255 255 255
24.0014 417.882 0 255 255 255 255
24.147 419.875 0 255 255 255 255
24.7102 421.786 0 255 255 255 255
26.029 423.248 0 255 255 255 255
27.9525 423.699 0 255 255 255 255
29.8774 423.256 0 255 255 255 255
30.1 421.372 0 255 255 255 255
29.872 419.6 0 255 255 255 255
27.872 419.6 0 255 255 255 255
27.728 418.2 0 255 255 255 255
29.728 418.2 0 255 255 255 255
31.7 418.228 0 255 255 255 255
31.7 420.228 0 255 255 255 255
31.7 422.228 0 255 255 255 255
126.2 425 0 255 255 255 255
124.2 425 0 255 255 255 255
122.2 425 0 255 255 255 255
120.2 425 0 255 255 255 255
118.7 424.5 0 255 255 255 255
118.7 422.5 0 255 255 255 255
118.7 420.5 0 255 255 255 255
118.7 418.5 0 255 255 255 255
118.7 416.5 0 255 255 255 255
118.7 414.5 0 255 255 255 255
118.7 412.5 0 255 255 255 255
118.9 410.7 0 255 255 255 255
120.9 410.7 0 255 255 255 255
122.9 410.7 0 255 255 255 255
124.9 410.7 0 255 255 255 255
126.1 411.5 0 255 255 255 255
124.7 412.1 0 255 255 255 255
122.7 412.1 0 255 255 255 255
120.7 412.1 0 255 255 255 255
120.4 413.8 0 255 255 255 255
120.4 415.8 0 255 255 255 255
121.7 416.5 0 255 255 255 255
123.7 416.5 0 255 255 255 255
125.7 416.5 0 255 255 255 255
125.5 417.9 0 255 255 255 255
123.5 417.9 0 255 255 255 255
121.5 417.9 0 255 255 255 255
120.4 418.8 0 255 255 255 255
120.4 420.8 0 255 255 255 255
120.4 422.8 0 255 255 255 255
121.8 423.4 0 255 255 255 255
123.8 423.4 0 255 255 255 255
125.8 423.4 0 255 255 255 255
221.9 425 0 255 255 255 255
220.018 424.818 0 255 255 255 255
219.195 422.995 0 255 255 255 255
218.372 421.172 0 255 255 255 255
217.549 419.349 0 255 255 255 255
216.727 417.526 0 255 255 255 255
215.904 415.703 0 255 255 255 255
215.081 413.88 0 255 255 255 255
215 415.502 0 255 255 255 255
215 417.502 0 255 255 255 255
215 419.502 0 255 255 255 255
215 421.502 0 255 255 255 255
215 423.502 0 255 255 255 255
214.498 425 0 255 255 255 255
213.3 424.198 0 255 255 255 255
213.3 422.198 0 255 255 255 255
213.3 420.198 0 255 255 255 255
213.3 418.198 0 255 255 255 255
213.3 416.198 0 255 255 255 255
213.3 414.198 0 255 255 255 255
213.3 412.198 0 255 255 255 255
213.802 410.7 0 255 255 255 255
215.45 411.248 0 255 255 255 255
216.278 413.068 0 255 255 255 255
217.107 414.889 0 255 255 255 255
217.936 416.709 0 255 255 255 255
218.765 418.529 0 255 255 255 255
219.594 420.349 0 255 255 255 255
220.3 421.604 0 255 255 255 255
220.3 419.604 0 255 255 255 255
220.3 417.604 0 255 255 255 255
220.3 415.604 0 255 255 255 255
220.3 413.604 0 255 255 255 255
220.3 411.604 0 255 255 255 255
221.396 410.7 0 255 255 255 255
221.9 412.196 0 255 255 255 255
221.9 414.196 0 255 255 255 255
221.9 416.196 0 255 255 255 255
221.9 418.196 0 255 255 255 255
221.9 420.196 0 255 255 255 255
221.9 422.196 0 255 255 255 255
221.9 424.196 0 255 255 255 255
30.9 504.9 0 255 255 255 255
28.9 504.9 0 255 255 255 255
26.9 504.9 0 255 255 255 255
24.9 504.9 0 255 255 255 255
23.4 504.4 0 255 255 255 255
23.4 502.4 0 255 255 255 255
23.4 500.4 0 255 255 255 255
23.4 498.4 0 255 255 255 255
23.4 496.4 0 255 255 255 255
23.4 494.4 0 255 255 255 255
23.4 492.4 0 255 255 255 255
23.6 490.6 0 255 255 255 255
25.6 490.6 0 255 255 255 255
27.6 490.6 0 255 255 255 255
29.6 490.6 0 255 255 255 255
30.8 491.4 0 255 255 255 255
29.4 492 0 255 255 255 255
27.4 492 0 255 255 255 255
25.4 492 0 255 255 255 255
25.1 493.7 0 255 255 255 255
25.1 495.7 0 255 255 255 255
26.4 496.4 0 255 255 255 255
28.4 496.4 0 255 255 255 255
30.4 496.4 0 255 255 255 255
30.2 497.8 0 255 255 255 255
28.2 497.8 0 255 255 255 255
26.2 497.8 0 255 255 255 255
25.1 498.7 0 255 255 255 255
25.1 500.7 0 255 255 255 255
25.1 502.7 0 255 255 255 255
26.5 503.3 0 255 255 255 255
28.5 503.3 0 255 255 255 255
30.5 503.3 0 255 255 255 255
128 504.9 0 255 255 255 255
126 504.9 0 255 255 255 255
124.869 503.304 0 255 255 255 255
123.783 501.624 0 255 255 255 255
122.698 499.944 0 255 255 255 255
121.539 498.4 0 255 255 255 255
119.9 498.761 0 255 255 255 255
119.9 500.761 0 255 255 255 255
119.9 502.761 0 255 255 255 255
119.9 504.761 0 255 255 255 255
118.2 504.739 0 255 255 255 255
118.2 502.739 0 255 255 255 255
118.2 500.739 0 255 255 255 255
118.2 498.739 0 255 255 255 255
118.2 496.739 0 255 255 255 255
118.2 494.739 0 255 255 255 255
118.2 492.739 0 255 255 255 255
118.2 490.739 0 255 255 255 255
120.061 490.6 0 255 255 255 255
122.061 490.6 0 255 255 255 255
124.038 490.842 0 255 255 255 255
125.707 491.901 0 255 255 255 255
126.554 493.679 0 255 255 255 255
126.326 495.639 0 255 255 255 255
125.078 497.175 0 255 255 255 255
123.317 498.025 0 255 255 255 255
124.443 499.678 0 255 255 255 255
125.569 501.331 0 255 255 255 255
126.695 502.984 0 255 255 255 255
127.821 504.637 0 255 255 255 255
119.9 497 0 255 255 255 255
121.9 497 0 255 255 255 255
123.813 496.539 0 255 255 255 255
124.866 494.896 0 255 255 255 255
124.448 492.995 0 255 255 255 255
122.697 492.143 0 255 255 255 255
120.699 492.1 0 255 255 255 255
119.9 493.301 0 255 255 255 255
119.9 495.301 0 255 255 255 255
223.3 504.9 0 255 255 255 255
221.509 504.614 0 255 255 255 255
220.899 502.709 0 255 255 255 255
220.289 500.805 0 255 255 255 255
218.95 499.9 0 255 255 255 255
216.95 499.9 0 255 255 255 255
215.193 500.234 0 255 255 255 255
214.584 502.138 0 255 255 255 255
213.974 504.043 0 255 255 255 255
212.6 504.9 0 255 255 255 255
212.437 503.57 0 255 255 255 255
213.062 501.67 0 255 255 255 255
213.686 499.77 0 255 255 255 255
214.311 497.87 0 255 255 255 255
214.935 495.97 0 255 255 255 255
215.56 494.069 0 255 255 255 255
216.184 492.169 0 255 255 255 255
217.048 490.6 0 255 255 255 255
218.807 490.931 0 255 255 255 255
219.419 492.835 0 255 255 255 255
220.031 494.739 0 255 255 255 255
220.644 496.643 0 255 255 255 255
221.256 498.547 0 255 255 255 255
221.869 500.451 0 255 255 255 255
222.481 502.355 0 255 255 255 255
223.094 504.259 0 255 255 255 255
219.5 498.5 0 255 255 255 255
218.887 496.596 0 255 255 255 255
218.274 494.693 0 255 255 255 255
217.661 492.789 0 255 255 255 255
217.048 494.315 0 255 255 255 255
216.435 496.219 0 255 255 255 255
215.822 498.122 0 255 255 255 255
217.303 498.5 0 255 255 255 255
219.303 498.5 0 255 255 255 255
32.3 571.9 0 255 255 255 255
30.3 571.9 0 255 255 255 255
28.3 571.9 0 255 255 255 255
27.9 573.5 0 255 255 255 255
27.9 575.5 0 255 255 255 255
27.9 577.5 0 255 255 255 255
27.9 579.5 0 255 255 255 255
27.9 581.5 0 255 255 255 255
27.9 583.5 0 255 255 255 255
27.2 584.8 0 255 255 255 255
26.3 583.7 0 255 255 255 255
26.3 581.7 0 255 255 255 255
26.3 579.7 0 255 255 255 255
26.3 577.7 0 255 255 255 255
26.3 575.7 0 255 255 255 255
26.3 573.7 0 255 255 255 255
26.1 571.9 0 255 255 255 255
24.1 571.9 0 255 255 255 255
22.1 571.9 0 255 255 255 255
22.4 570.6 0 255 255 255 255
24.4 570.6 0 255 255 255 255
26.4 570.6 0 255 255 255 255
28.4 570.6 0 255 255 255 255
30.4 570.6 0 255 255 255 255
32.4 570.6 0 255 255 255 255
125.5 584.8 0 255 255 255 255
123.5 584.8 0 255 255 255 255
121.5 584.8 0 255 255 255 255
119.5 584.8 0 255 255 255 255
119.1 583.4 0 255 255 255 255
121.1 583.4 0 255 255 255 255
121.5 581.8 0 255 255 255 255
121.5 579.8 0 255 255 255 255
121.5 577.8 0 255 255 255 255
121.5 575.8 0 255 255 255 255
121.5 573.8 0 255 255 255 255
121.3 572 0 255 255 255 255
119.3 572 0 255 255 255 255
119.3 570.6 0 255 255 255 255
121.3 570.6 0 255 255 255 255
123.3 570.6 0 255 255 255 255
125.3 570.6 0 255 255 255 255
125.1 572 0 255 255 255 255
123.1 572 0 255 255 255 255
123.1 574 0 255 255 255 255
123.1 576 0 255 255 255 255
123.1 578 0 255 255 255 255
123.1 580 0 255 255 255 255
123.1 582 0 255 255 255 255
123.7 583.4 0 255 255 255 255
125.5 583.6 0 255 255 255 255
223.3 570.6 0 255 255 255 255
222.676 572.5 0 255 255 255 255
222.051 574.4 0 255 255 255 255
221.427 576.3 0 255 255 255 255
220.802 578.2 0 255 255 255 255
220.178 580.1 0 255 255 255 255
219.553 582 0 255 255 255 255
218.929 583.9 0 255 255 255 255
217.653 584.9 0 255 255 255 255
216.304 584 0 255 255 255 255
215.68 582.1 0 255 255 255 255
215.055 580.2 0 255 255 255 255
214.431 578.3 0 255 255 255 255
213.806 576.4 0 255 255 255 255
213.182 574.5 0 255 255 255 255
212.557 572.6 0 255 255 255 255
211.933 570.7 0 255 255 255 255
213.659 570.786 0 255 255 255 255
214.263 572.692 0 255 255 255 255
214.868 574.599 0 255 255 255 255
215.472 576.505 0 255 255 255 255
216.077 578.412 0 255 255 255 255
216.681 580.318 0 255 255 255 255
217.286 582.224 0 255 255 255 255
217.89 581.669 0 255 255 255 255
218.495 579.763 0 255 255 255 255
219.099 577.856 0 255 255 255 255
219.704 575.95 0 255 255 255 255
220.308 574.043 0 255 255 255 255
220.913 572.137 0 255 255 255 255
221.788 570.6 0 255 255 255 255
316.7 584.8 0 255 255 255 255
314.7 584.8 0 255 255 255 255
312.7 584.8 0 255 255 255 255
310.7 584.8 0 255 255 255 255
309.2 584.3 0 255 255 255 255
309.2 582.3 0 255 255 255 255
309.2 580.3 0 255 255 255 255
309.2 578.3 0 255 255 255 255
309.2 576.3 0 255 255 255 255
309.2 574.3 0 255 255 255 255
309.2 572.3 0 255 255 255 255
309.4 570.5 0 255 255 255 255
311.4 570.5 0 255 255 255 255
313.4 570.5 0 255 255 255 255
315.4 570.5 0 255 255 255 255
316.6 571.3 0 255 255 255 255
315.2 571.9 0 255 255 255 255
313.2 571.9 0 255 255 255 255
311.2 571.9 0 255 255 255 255
310.9 573.6 0 255 255 255 255
310.9 575.6 0 255 255 255 255
312.2 576.3 0 255 255 255 255
314.2 576.3 0 255 255 255 255
316.2 576.3 0 255 255 255 255
316 577.7 0 255 255 255 255
314 577.7 0 255 255 255 255
312 577.7 0 255 255 255 255
310.9 578.6 0 255 255 255 255
310.9 580.6 0 255 255 255 255
310.9 582.6 0 255 255 255 255
312.3 583.2 0 255 255 255 255
314.3 583.2 0 255 255 255 255
316.3 583.2 0 255 255 255 255
129.3 25.4 0 255 255 255 255
127.509 25.1143 0 255 255 255 255
126.899 23.2094 0 255 255 255 255
126.289 21.3046 0 255 255 255 255
124.95 20.4 0 255 255 255 255
122.95 20.4 0 255 255 255 255
121.193 20.7336 0 255 255 255 255
120.584 22.6384 0 255 255 255 255
119.974 24.5433 0 255 255 255 255
118.6 25.4 0 255 255 255 255
118.437 24.0695 0 255 255 255 255
119.062 22.1695 0 255 255 255 255
119.686 20.2695 0 255 255 255 255
120.311 18.3695 0 255 255 255 255
120.935 16.4695 0 255 255 255 255
121.56 14.5695 0 255 255 255 255
122.184 12.6695 0 255 255 255 255
123.048 11.1 0 255 255 255 255
124.807 11.4312 0 255 255 255 255
125.419 13.3351 0 255 255 255 255
126.031 15.239 0 255 255 255 255
126.644 17.143 0 255 255 255 255
127.256 19.0469 0 255 255 255 255
127.869 20.9508 0 255 255 255 255
128.481 22.8547 0 255 255 255 255
129.094 24.7586 0 255 255 255 255
125.5 19 0 255 255 255 255
124.887 17.0963 0 255 255 255 255
124.274 15.1926 0 255 255 255 255
123.661 13.2888 0 255 255 255 255
123.048 14.8149 0 255 255 255 255
122.435 16.7186 0 255 255 255 255
121.822 18.6223 0 255 255 255 255
123.303 19 0 255 255 255 255
125.303 19 0 255 255 255 255
223 25.4 0 255 255 255 255
221 25.4 0 255 255 255 255
219 25.4 0 255 255 255 255
217 25.4 0 255 255 255 255
215.2 25.2 0 255 255 255 255
215.2 23.2 0 255 255 255 255
215.2 21.2 0 255 255 255 255
215.2 19.2 0 255 255 255 255
215.2 17.2 0 255 255 255 255
215.2 15.2 0 255 255 255 255
215.2 13.2 0 255 255 255 255
215.2 11.2 0 255 255 255 255
216.9 11.3 0 255 255 255 255
216.9 13.3 0 255 255 255 255
216.9 15.3 0 255 255 255 255
216.9 17.3 0 255 255 255 255
216.9 19.3 0 255 255 255 255
216.9 21.3 0 255 255 255 255
216.9 23.3 0 255 255 255 255
218.2 24 0 255 255 255 255
220.2 24 0 255 255 255 255
222.2 24 0 255 255 255 255
223 25.2 0 255 255 255 255
318.3 25.4 0 255 255 255 255
316.3 25.4 0 255 255 255 255
314.3 25.4 0 255 255 255 255
312.3 25.4 0 255 255 255 255
310.5 25.2 0 255 255 255 255
310.5 23.2 0 255 255 255 255
310.5 21.2 0 255 255 255 255
310.5 19.2 0 255 255 255 255
310.5 17.2 0 255 255 255 255
310.5 15.2 0 255 255 255 255
310.5 13.2 0 255 255 255 255
310.5 11.2 0 255 255 255 255
312.2 11.3 0 255 255 255 255
312.2 13.3 0 255 255 255 255
312.2 15.3 0 255 255 255 255
312.2 17.3 0 255 255 255 255
312.2 19.3 0 255 255 255 255
312.2 21.3 0 255 255 255 255
312.2 23.3 0 255 255 255 255
313.5 24 0 255 255 255 255
315.5 24 0 255 255 255 255
317.5 24 0 255 255 255 255
318.3 25.2 0 255 255 255 255
32.3 86.5 0 255 255 255 255
30.3 86.5 0 255 255 255 255
28.3 86.5 0 255 255 255 255
27.9 88.1 0 255 255 255 255
27.9 90.1 0 255 255 255 255
27.9 92.1 0 255 255 255 255
27.9 94.1 0 255 255 255 255
27.9 96.1 0 255 255 255 255
27.9 98.1 0 255 255 255 255
27.2 99.4 0 255 255 255 255
26.3 98.3 0 255 255 255 255
26.3 96.3 0 255 255 255 255
26.3 94.3 0 255 255 255 255
26.3 92.3 0 255 255 255 255
26.3 90.3 0 255 255 255 255
26.3 88.3 0 255 255 255 255
26.1 86.5 0 255 255 255 255
24.1 86.5 0 255 255 255 255
22.1 86.5 0 255 255 255 255
22.4 85.2 0 255 255 255 255
24.4 85.2 0 255 255 255 255
26.4 85.2 0 255 255 255 255
28.4 85.2 0 255 255 255 255
30.4 85.2 0 255 255 255 255
32.4 85.2 0 255 255 255 255
127.6 85.2 0 255 255 255 255
126.638 86.9533 0 255 255 255 255
125.676 88.7067 0 255 255 255 255
124.713 90.46 0 255 255 255 255
123.751 92.2133 0 255 255 255 255
123.1 94.0464 0 255 255 255 255
123.1 96.0464 0 255 255 255 255
123.1 98.0464 0 255 255 255 255
122.554 99.5 0 255 255 255 255
121.5 98.5536 0 255 255 255 255
121.5 96.5536 0 255 255 255 255
121.5 94.5536 0 255 255 255 255
121.093 92.658 0 255 255 255 255
120.131 90.9046 0 255 255 255 255
119.168 89.1513 0 255 255 255 255
118.206 87.398 0 255 255 255 255
117.244 85.6446 0 255 255 255 255
118.493 85.2 0 255 255 255 255
119.647 86.6066 0 255 255 255 255
120.586 88.3728 0 255 255 255 255
121.524 90.1391 0 255 255 255 255
122.462 91.2947 0 255 255 255 255
123.401 89.5285 0 255 255 255 255
124.339 87.7622 0 255 255 255 255
125.277 85.996 0 255 255 255 255
126.799 85.2 0 255 255 255 255
214 85.2 0 255 255 255 255
216 85.2 0 255 255 255 255
218 85.2089 0 255 255 255 255
219.949 85.6081 0 255 255 255 255
221.484 86.848 0 255 255 255 255
222.092 88.7254 0 255 255 255 255
221.78 90.6834 0 255 255 255 255
220.516 92.1967 0 255 255 255 255
218.669 92.9209 0 255 255 255 255
216.673 93 0 255 255 255 255
215.7 94.0271 0 255 255 255 255
215.7 96.0271 0 255 255 255 255
215.7 98.0272 0 255 255 255 255
215.073 99.4 0 255 255 255 255
214 98.4729 0 255 255 255 255
214 96.4728 0 255 255 255 255
214 94.4728 0 255 255 255 255
214 92.4729 0 255 255 255 255
214 90.4729 0 255 255 255 255
214 88.4729 0 255 255 255 255
214 86.4729 0 255 255 255 255
215.7 91.6 0 255 255 255 255
217.7 91.5955 0 255 255 255 255
219.593 91.0536 0 255 255 255 255
220.397 89.3006 0 255 255 255 255
219.707 87.4925 0 255 255 255 255
217.917 86.7116 0 255 255 255 255
215.918 86.7 0 255 255 255 255
215.7 88.4822 0 255 255 255 255
215.7 90.4822 0 255 255 255 255
27 158.9 0 255 255 255 255
28.9471 159.285 0 255 255 255 255
30.4929 160.522 0 255 255 255 255
31.3998 162.294 0 255 255 255 255
31.8613 164.237 0 255 255 255 255
31.9992 166.231 0 255 255 255 255
31.897 168.227 0 255 255 255 255
31.4871 170.181 0 255 255 255 255
30.5941 171.962 0 255 255 255 255
29.1031 173.259 0 255 255 255 255
27.1672 173.697 0 255 255 255 255
25.2072 173.379 0 255 255 255 255
23.6494 172.165 0 255 255 255 255
22.7312 170.396 0 255 255 255 255
22.2528 168.457 0 255 255 255 255
22.1018 166.464 0 255 255 255 255
22.192 164.468 0 255 255 255 255
22.5843 162.51 0 255 255 255 255
23.4536 160.718 0 255 255 255 255
24.8963 159.366 0 255 255 255 255
26.8238 158.904 0 255 255 255 255
27 172.3 0 255 255 255 255
28.8109 171.585 0 255 255 255 255
29.7779 169.859 0 255 255 255 255
30.1359 167.895 0 255 255 255 255
30.1925 165.897 0 255 255 255 255
30.0154 163.907 0 255 255 255 255
29.4371 162.001 0 255 255 255 255
28.0607 160.61 0 255 255 255 255
26.1068 160.553 0 255 255 255 255
24.6982 161.904 0 255 255 255 255
24.1049 163.807 0 255 255 255 255
23.9078 165.795 0 255 255 255 255
23.9683 167.793 0 255 255 255 255
24.3333 169.756 0 255 255 255 255
25.2277 171.529 0 255 255 255 255
126.9 172.4 0 255 255 255 255
125.147 173.346 0 255 255 255 255
123.186 173.697 0 255 255 255 255
121.205 173.478 0 255 255 255 255
119.456 172.547 0 255 255 255 255
118.267 170.951 0 255 255 255 255
117.636 169.06 0 255 255 255 255
117.415 167.074 0 255 255 255 255
117.451 165.076 0 255 255 255 255
117.781 163.106 0 255 255 255 255
118.517 161.252 0 255 255 255 255
119.811 159.747 0 255 255 255 255
121.628 158.947 0 255 255 255 255
123.617 158.818 0 255 255 255 255
125.565 159.244 0 255 255 255 255
126.438 160.482 0 255 255 255 255
124.963 160.593 0 255 255 255 255
122.994 160.302 0 255 255 255 255
121.09 160.829 0 255 255 255 255
119.864 162.365 0 255 255 255 255
119.338 164.289 0 255 255 255 255
119.201 166.282 0 255 255 255 255
119.347 168.275 0 255 255 255 255
119.91 170.186 0 255 255 255 255
121.229 171.648 0 255 255 255 255
123.153 172.099 0 255 255 255 255
125.077 171.656 0 255 255 255 255
125.3 169.772 0 255 255 255 255
125.072 168 0 255 255 255 255
123.072 168 0 255 255 255 255
122.928 166.6 0 255 255 255 255
124.928 166.6 0 255 255 255 255
126.9 166.628 0 255 255 255 255
126.9 168.628 0 255 255 255 255
126.9 170.628 0 255 255 255 255
223.3 173.5 0 255 255 255 255
221.3 173.5 0 255 255 255 255
220.169 171.904 0 255 255 255 255
219.083 170.224 0 255 255 255 255
217.998 168.544 0 255 255 255 255
216.839 167 0 255 255 255 255
215.2 167.361 0 255 255 255 255
215.2 169.361 0 255 255 255 255
215.2 171.361 0 255 255 255 255
215.2 173.361 0 255 255 255 255
213.5 173.339 0 255 255 255 255
213.5 171.339 0 255 255 255 255
213.5 169.339 0 255 255 255 255
213.5 167.339 0 255 255 255 255
213.5 165.339 0 255 255 255 255
213.5 163.339 0 255 255 255 255
213.5 161.339 0 255 255 255 255
213.5 159.339 0 255 255 255 255
215.361 159.2 0 255 255 255 255
217.361 159.2 0 255 255 255 255
219.338 159.442 0 255 255 255 255
221.007 160.501 0 255 255 255 255
221.854 162.279 0 255 255 255 255
221.626 164.239 0 255 255 255 255
220.378 165.775 0 255 255 255 255
218.617 166.625 0 255 255 255 255
219.743 168.278 0 255 255 255 255
220.869 169.931 0 255 255 255 255
221.995 171.584 0 255 255 255 255
223.121 173.237 0 255 255 255 255
215.2 165.5 0 255 255 255 255
217.2 165.5 0 255 255 255 255
219.113 165.039 0 255 255 255 255
220.166 163.396 0 255 255 255 255
219.748 161.495 0 255 255 255 255
217.997 160.643 0 255 255 255 255
215.999 160.6 0 255 255 255 255
215.2 161.801 0 255 255 255 255
215.2 163.801 0 255 255 255 255
32.7 247.5 0 255 255 255 255
30.9086 247.214 0 255 255 255 255
30.299 245.309 0 255 255 255 255
29.6895 243.405 0 255 255 255 255
28.3498 242.5 0 255 255 255 255
26.3498 242.5 0 255 255 255 255
24.5933 242.834 0 255 255 255 255
23.9837 244.738 0 255 255 255 255
23.3742 246.643 0 255 255 255 255
21.9995 247.5 0 255 255 255 255
21.8373 246.17 0 255 255 255 255
22.4618 244.27 0 255 255 255 255
23.0862 242.37 0 255 255 255 255
23.7107 240.47 0 255 255 255 255
24.3352 238.57 0 255 255 255 255
24.9597 236.669 0 255 255 255 255
25.5841 234.77 0 255 255 255 255
26.4479 233.2 0 255 255 255 255
28.2065 233.531 0 255 255 255 255
28.819 235.435 0 255 255 255 255
29.4314 237.339 0 255 255 255 255
30.0439 239.243 0 255 255 255 255
30.6563 241.147 0 255 255 255 255
31.2688 243.051 0 255 255 255 255
31.8812 244.955 0 255 255 255 255
32.4937 246.859 0 255 255 255 255
28.9 241 0 255 255 255 255
28.2869 239.096 0 255 255 255 255
27.6739 237.193 0 255 255 255 255
27.0608 235.289 0 255 255 255 255
26.4477 236.815 0 255 255 255 255
25.8347 238.719 0 255 255 255 255
25.2216 240.622 0 255 255 255 255
26.7032 241 0 255 255 255 255
28.7032 241 0 255 255 255 255
118.7 233.2 0 255 255 255 255
120.7 233.2 0 255 255 255 255
122.7 233.209 0 255 255 255 255
124.649 233.608 0 255 255 255 255
126.184 234.848 0 255 255 255 255
126.792 236.725 0 255 255 255 255
126.48 238.683 0 255 255 255 255
125.216 240.197 0 255 255 255 255
123.369 240.921 0 255 255 255 255
121.373 241 0 255 255 255 255
120.4 242.027 0 255 255 255 255
120.4 244.027 0 255 255 255 255
120.4 246.027 0 255 255 255 255
119.773 247.4 0 255 255 255 255
118.7 246.473 0 255 255 255 255
118.7 244.473 0 255 255 255 255
118.7 242.473 0 255 255 255 255
118.7 240.473 0 255 255 255 255
118.7 238.473 0 255 255 255 255
118.7 236.473 0 255 255 255 255
118.7 234.473 0 255 255 255 255
120.4 239.6 0 255 255 255 255
122.4 239.595 0 255 255 255 255
124.293 239.054 0 255 255 255 255
125.097 237.301 0 255 255 255 255
124.407 235.493 0 255 255 255 255
122.617 234.712 0 255 255 255 255
120.618 234.7 0 255 255 255 255
120.4 236.482 0 255 255 255 255
120.4 238.482 0 255 255 255 255
221.7 247.5 0 255 255 255 255
220 247.2 0 255 255 255 255
220 245.2 0 255 255 255 255
220 243.2 0 255 255 255 255
220 241.2 0 255 255 255 255
218.8 240.4 0 255 255 255 255
216.8 240.4 0 255 255 255 255
215.1 240.7 0 255 255 255 255
215.1 242.7 0 255 255 255 255
215.1 244.7 0 255 255 255 255
215.1 246.7 0 255 255 255 255
213.9 247.5 0 255 255 255 255
213.4 246 0 255 255 255 255
213.4 244 0 255 255 255 255
213.4 242 0 255 255 255 255
213.4 240 0 255 255 255 255
213.4 238 0 255 255 255 255
213.4 236 0 255 255 255 255
213.4 234 0 255 255 255 255
214.6 233.2 0 255 255 255 255
215.1 234.7 0 255 255 255 255
215.1 236.7 0 255 255 255 255
215.1 238.7 0 255 255 255 255
216.9 238.9 0 255 255 255 255
218.9 238.9 0 255 255 255 255
220 238 0 255 255 255 255
220 236 0 255 255 255 255
220 234 0 255 255 255 255
221.2 233.2 0 255 255 255 255
221.7 234.7 0 255 255 255 255
221.7 236.7 0 255 255 255 255
221.7 238.7 0 255 255 255 255
221.7 240.7 0 255 255 255 255
221.7 242.7 0 255 255 255 255
221.7 244.7 0 255 255 255 255
221.7 246.7 0 255 255 255 255
318.2 233.2 0 255 255 255 255
317.238 234.953 0 255 255 255 255
316.276 236.707 0 255 255 255 255
315.313 238.46 0 255 255 255 255
314.351 240.213 0 255 255 255 255
313.7 242.046 0 255 255 255 255
313.7 244.046 0 255 255 255 255
313.7 246.046 0 255 255 255 255
313.154 247.5 0 255 255 255 255
312.1 246.554 0 255 255 255 255
312.1 244.554 0 255 255 255 255
312.1 242.554 0 255 255 255 255
311.693 240.658 0 255 255 255 255
310.731 238.905 0 255 255 255 255
309.768 237.151 0 255 255 255 255
308.806 235.398 0 255 255 255 255
307.844 233.645 0 255 255 255 255
309.093 233.2 0 255 255 255 255
310.247 234.607 0 255 255 255 255
311.186 236.373 0 255 255 255 255
312.124 238.139 0 255 255 255 255
313.062 239.295 0 255 255 255 255
314 237.528 0 255 255 255 255
314.939 235.762 0 255 255 255 255
315.877 233.996 0 255 255 255 255
317.399 233.2 0 255 255 255 255
324.4 321.5 0 255 255 255 255
322.4 321.5 0 255 255 255 255
320.4 321.5 0 255 255 255 255
318.4 321.5 0 255 255 255 255
318 320.1 0 255 255 255 255
320 320.1 0 255 255 255 255
320.4 318.5 0 255 255 255 255
320.4 316.5 0 255 255 255 255
320.4 314.5 0 255 255 255 255
320.4 312.5 0 255 255 255 255
320.4 310.5 0 255 255 255 255
320.2 308.7 0 255 255 255 255
318.2 308.7 0 255 255 255 255
318.2 307.3 0 255 255 255 255
320.2 307.3 0 255 255 255 255
322.2 307.3 0 255 255 255 255
324.2 307.3 0 255 255 255 255
324 308.7 0 255 255 255 255
322 308.7 0 255 255 255 255
322 310.7 0 255 255 255 255
322 312.7 0 255 255 255 255
322 314.7 0 255 255 255 255
322 316.7 0 255 255 255 255
322 318.7 0 255 255 255 255
322.6 320.1 0 255 255 255 255
324.4 320.3 0 255 255 255 255
419.5 308.8 0 255 255 255 255
417.545 308.413 0 255 255 255 255
415.578 308.663 0 255 255 255 255
414.281 310.091 0 255 255 255 255
414.738 311.937 0 255 255 255 255
416.392 313.042 0 255 255 255 255
418.199 313.9 0 255 255 255 255
419.746 315.14 0 255 255 255 255
420.467 316.984 0 255 255 255 255
420.288 318.961 0 255 255 255 255
419.207 320.612 0 255 255 255 255
417.481 321.586 0 255 255 255 255
415.5 321.795 0 255 255 255 255
413.53 321.493 0 255 255 255 255
412.807 320.133 0 255 255 255 255
414.364 320.225 0 255 255 255 255
416.347 320.361 0 255 255 255 255
418.144 319.569 0 255 255 255 255
418.898 317.773 0 255 255 255 255
418.173 315.98 0 255 255 255 255
416.519 314.865 0 255 255 255 255
414.724 313.984 0 255 255 255 255
413.122 312.808 0 255 255 255 255
412.401 310.994 0 255 255 255 255
412.791 309.055 0 255 255 255 255
414.192 307.664 0 255 255 255 255
416.078 307.046 0 255 255 255 255
418.075 307.056 0 255 255 255 255
419.652 307.732 0 255 255 255 255
31.7 394.5 0 255 255 255 255
29.9467 395.446 0 255 255 255 255
27.9861 395.797 0 255 255 255 255
26.0053 395.578 0 255 255 255 255
24.2561 394.647 0 255 255 255 255
23.0673 393.051 0 255 255 255 255
22.4362 391.16 0 255 255 255 255
22.2153 389.174 0 255 255 255 255
22.2509 387.176 0 255 255 255 255
22.5814 385.206 0 255 255 255 255
23.3171 383.352 0 255 255 255 255
24.6111 381.847 0 255 255 255 255
26.4278 381.047 0 255 255 255 255
28.4173 380.918 0 255 255 255 255
30.3652 381.344 0 255 255 255 255
31.2377 382.582 0 255 255 255 255
29.7634 382.693 0 255 255 255 255
27.7938 382.402 0 255 255 255 255
25.8905 382.929 0 255 255 255 255
24.6642 384.465 0 255 255 255 255
24.1384 386.389 0 255 255 255 255
24.0014 388.382 0 255 255 255 255
24.147 390.375 0 255 255 255 255
24.7102 392.285 0 255 255 255 255
26.029 393.748 0 255 255 255 255
27.9525 394.199 0 255 255 255 255
29.8774 393.756 0 255 255 255 255
30.1 391.872 0 255 255 255 255
29.872 390.1 0 255 255 255 255
27.872 390.1 0 255 255 255 255
27.728 388.7 0 255 255 255 255
29.728 388.7 0 255 255 255 255
31.7 388.728 0 255 255 255 255
31.7 390.728 0 255 255 255 255
31.7 392.728 0 255 255 255 255
126.2 395.5 0 255 255 255 255
124.2 395.5 0 255 255 255 255
122.2 395.5 0 255 255 255 255
120.2 395.5 0 255 255 255 255
118.7 395 0 255 255 255 255
118.7 393 0 255 255 255 255
118.7 391 0 255 255 255 255
118.7 389 0 255 255 255 255
118.7 387 0 255 255 255 255
118.7 385 0 255 255 255 255
118.7 383 0 255 255 255 255
118.9 381.2 0 255 255 255 255
120.9 381.2 0 255 255 255 255
122.9 381.2 0 255 255 255 255
124.9 381.2 0 255 255 255 255
126.1 382 0 255 255 255 255
124.7 382.6 0 255 255 255 255
122.7 382.6 0 255 255 255 255
120.7 382.6 0 255 255 255 255
120.4 384.3 0 255 255 255 255
120.4 386.3 0 255 255 255 255
121.7 387 0 255 255 255 255
123.7 387 0 255 255 255 255
125.7 387 0 255 255 255 255
125.5 388.4 0 255 255 255 255
123.5 388.4 0 255 255 255 255
121.5 388.4 0 255 255 255 255
120.4 389.3 0 255 255 255 255
120.4 391.3 0 255 255 255 255
120.4 393.3 0 255 255 255 255
121.8 393.9 0 255 255 255 255
123.8 393.9 0 255 255 255 255
125.8 393.9 0 255 255 255 255
221.9 395.5 0 255 255 255 255
220.018 395.318 0 255 255 255 255
219.195 393.495 0 255 255 255 255
218.372 391.672 0 255 255 255 255
217.549 389.849 0 255 255 255 255
216.727 388.026 0 255 255 255 255
215.904 386.203 0 255 255 255 255
215.081 384.38 0 255 255 255 255
215 386.002 0 255 255 255 255
215 388.002 0 255 255 255 255
215 390.002 0 255 255 255 255
215 392.002 0 255 255 255 255
215 394.002 0 255 255 255 255
214.498 395.5 0 255 255 255 255
213.3 394.698 0 255 255 255 255
213.3 392.698 0 255 255 255 255
213.3 390.698 0 255 255 255 255
213.3 388.698 0 255 255 255 255
213.3 386.698 0 255 255 255 255
213.3 384.698 0 255 255 255 255
213.3 382.698 0 255 255 255 255
213.802 381.2 0 255 255 255 255
215.45 381.748 0 255 255 255 255
216.278 383.568 0 255 255 255 255
217.107 385.389 0 255 255 255 255
217.936 387.209 0 255 255 255 255
218.765 389.029 0 255 255 255 255
219.594 390.849 0 255 255 255 255
220.3 392.104 0 255 255 255 255
220.3 390.104 0 255 255 255 255
220.3 388.104 0 255 255 255 255
220.3 386.104 0 255 255 255 255
220.3 384.104 0 255 255 255 255
220.3 382.104 0 255 255 255 255
221.396 381.2 0 255 255 255 255
221.9 382.696 0 255 255 255 255
221.9 384.696 0 255 255 255 255
221.9 386.696 0 255 255 255 255
221.9 388.696 0 255 255 255 255
221.9 390.696 0 255 255 255 255
221.9 392.696 0 255 255 255 255
221.9 394.696 0 255 255 255 255
126.2 469.5 0 255 255 255 255
124.2 469.5 0 255 255 255 255
122.2 469.5 0 255 255 255 255
120.2 469.5 0 255 255 255 255
118.7 469 0 255 255 255 255
118.7 467 0 255 255 255 255
118.7 465 0 255 255 255 255
118.7 463 0 255 255 255 255
118.7 461 0 255 255 255 255
118.7 459 0 255 255 255 255
118.7 457 0 255 255 255 255
118.9 455.2 0 255 255 255 255
120.9 455.2 0 255 255 255 255
122.9 455.2 0 255 255 255 255
124.9 455.2 0 255 255 255 255
126.1 456 0 255 255 255 255
124.7 456.6 0 255 255 255 255
122.7 456.6 0 255 255 255 255
120.7 456.6 0 255 255 255 255
120.4 458.3 0 255 255 255 255
120.4 460.3 0 255 255 255 255
121.7 461 0 255 255 255 255
123.7 461 0 255 255 255 255
125.7 461 0 255 255 255 255
125.5 462.4 0 255 255 255 255
123.5 462.4 0 255 255 255 255
121.5 462.4 0 255 255 255 255
120.4 463.3 0 255 255 255 255
120.4 465.3 0 255 255 255 255
120.4 467.3 0 255 255 255 255
121.8 467.9 0 255 255 255 255
123.8 467.9 0 255 255 255 255
125.8 467.9 0 255 255 255 255
223.3 469.5 0 255 255 255 255
221.3 469.5 0 255 255 255 255
220.169 467.904 0 255 255 255 255
219.083 466.224 0 255 255 255 255
217.998 464.544 0 255 255 255 255
216.839 463 0 255 255 255 255
215.2 463.361 0 255 255 255 255
215.2 465.361 0 255 255 255 255
215.2 467.361 0 255 255 255 255
215.2 469.361 0 255 255 255 255
213.5 469.339 0 255 255 255 255
213.5 467.339 0 255 255 255 255
213.5 465.339 0 255 255 255 255
213.5 463.339 0 255 255 255 255
213.5 461.339 0 255 255 255 255
213.5 459.339 0 255 255 255 255
213.5 457.339 0 255 255 255 255
213.5 455.339 0 255 255 255 255
215.361 455.2 0 255 255 255 255
217.361 455.2 0 255 255 255 255
219.338 455.442 0 255 255 255 255
221.007 456.501 0 255 255 255 255
221.854 458.279 0 255 255 255 255
221.626 460.239 0 255 255 255 255
220.378 461.775 0 255 255 255 255
218.617 462.625 0 255 255 255 255
219.743 464.278 0 255 255 255 255
220.869 465.931 0 255 255 255 255
221.995 467.584 0 255 255 255 255
223.121 469.237 0 255 255 255 255
215.2 461.6 0 255 255 255 255
217.2 461.6 0 255 255 255 255
219.113 461.139 0 255 255 255 255
220.166 459.496 0 255 255 255 255
219.748 457.595 0 255 255 255 255
217.997 456.743 0 255 255 255 255
215.999 456.7 0 255 255 255 255
215.2 457.901 0 255 255 255 255
215.2 459.901 0 255 255 255 255
318.6 469.5 0 255 255 255 255
316.809 469.214 0 255 255 255 255
316.199 467.309 0 255 255 255 255
315.589 465.405 0 255 255 255 255
314.25 464.5 0 255 255 255 255
312.25 464.5 0 255 255 255 255
310.493 464.834 0 255 255 255 255
309.884 466.738 0 255 255 255 255
309.274 468.643 0 255 255 255 255
307.9 469.5 0 255 255 255 255
307.737 468.17 0 255 255 255 255
308.362 466.27 0 255 255 255 255
308.986 464.37 0 255 255 255 255
309.611 462.47 0 255 255 255 255
310.235 460.57 0 255 255 255 255
310.86 458.67 0 255 255 255 255
311.484 456.77 0 255 255 255 255
312.348 455.2 0 255 255 255 255
314.107 455.531 0 255 255 255 255
314.719 457.435 0 255 255 255 255
315.331 459.339 0 255 255 255 255
315.944 461.243 0 255 255 255 255
316.556 463.147 0 255 255 255 255
317.169 465.051 0 255 255 255 255
317.781 466.955 0 255 255 255 255
318.394 468.859 0 255 255 255 255
314.8 463.1 0 255 255 255 255
314.187 461.196 0 255 255 255 255
313.574 459.293 0 255 255 255 255
312.961 457.389 0 255 255 255 255
312.348 458.915 0 255 255 255 255
311.735 460.819 0 255 255 255 255
311.122 462.722 0 255 255 255 255
312.603 463.1 0 255 255 255 255
314.603 463.1 0 255 255 255 255
32.3 530.6 0 255 255 255 255
30.3 530.6 0 255 255 255 255
28.3 530.6 0 255 255 255 255
27.9 532.2 0 255 255 255 255
27.9 534.2 0 255 255 255 255
27.9 536.2 0 255 255 255 255
27.9 538.2 0 255 255 255 255
27.9 540.2 0 255 255 255 255
27.9 542.2 0 255 255 255 255
27.2 543.5 0 255 255 255 255
26.3 542.4 0 255 255 255 255
26.3 540.4 0 255 255 255 255
26.3 538.4 0 255 255 255 255
26.3 536.4 0 255 255 255 255
26.3 534.4 0 255 255 255 255
26.3 532.4 0 255 255 255 255
26.1 530.6 0 255 255 255 255
24.1 530.6 0 255 255 255 255
22.1 530.6 0 255 255 255 255
22.4 529.3 0 255 255 255 255
24.4 529.3 0 255 255 255 255
26.4 529.3 0 255 255 255 255
28.4 529.3 0 255 255 255 255
30.4 529.3 0 255 255 255 255
32.4 529.3 0 255 255 255 255
125.5 543.6 0 255 255 255 255
123.5 543.6 0 255 255 255 255
121.5 543.6 0 255 255 255 255
119.5 543.6 0 255 255 255 255
119.1 542.2 0 255 255 255 255
121.1 542.2 0 255 255 255 255
121.5 540.6 0 255 255 255 255
121.5 538.6 0 255 255 255 255
121.5 536.6 0 255 255 255 255
121.5 534.6 0 255 255 255 255
121.5 532.6 0 255 255 255 255
121.3 530.8 0 255 255 255 255
119.3 530.8 0 255 255 255 255
119.3 529.4 0 255 255 255 255
121.3 529.4 0 255 255 255 255
123.3 529.4 0 255 255 255 255
125.3 529.4 0 255 255 255 255
125.1 530.8 0 255 255 255 255
123.1 530.8 0 255 255 255 255
123.1 532.8 0 255 255 255 255
123.1 534.8 0 255 255 255 255
123.1 536.8 0 255 255 255 255
123.1 538.8 0 255 255 255 255
123.1 540.8 0 255 255 255 255
123.7 542.2 0 255 255 255 255
125.5 542.4 0 255 255 255 255
223.3 529.3 0 255 255 255 255
222.676 531.2 0 255 255 255 255
222.051 533.1 0 255 255 255 255
221.427 535 0 255 255 255 255
220.802 536.9 0 255 255 255 255
220.178 538.8 0 255 255 255 255
219.553 540.7 0 255 255 255 255
218.929 542.6 0 255 255 255 255
217.653 543.6 0 255 255 255 255
216.304 542.7 0 255 255 255 255
215.68 540.8 0 255 255 255 255
215.055 538.9 0 255 255 255 255
214.431 537 0 255 255 255 255
213.806 535.1 0 255 255 255 255
213.182 533.2 0 255 255 255 255
212.557 531.3 0 255 255 255 255
211.933 529.4 0 255 255 255 255
213.659 529.486 0 255 255 255 255
214.263 531.392 0 255 255 255 255
214.868 533.299 0 255 255 255 255
215.472 535.205 0 255 255 255 255
216.077 537.112 0 255 255 255 255
216.681 539.018 0 255 255 255 255
217.286 540.924 0 255 255 255 255
217.89 540.369 0 255 255 255 255
218.495 538.463 0 255 255 255 255
219.099 536.556 0 255 255 255 255
219.704 534.65 0 255 255 255 255
220.308 532.743 0 255 255 255 255
220.913 530.837 0 255 255 255 255
221.788 529.3 0 255 255 255 255
316.7 543.6 0 255 255 255 255
314.7 543.6 0 255 255 255 255
312.7 543.6 0 255 255 255 255
310.7 543.6 0 255 255 255 255
309.2 543.1 0 255 255 255 255
309.2 541.1 0 255 255 255 255
309.2 539.1 0 255 255 255 255
309.2 537.1 0 255 255 255 255
309.2 535.1 0 255 255 255 255
309.2 533.1 0 255 255 255 255
309.2 531.1 0 255 255 255 255
309.4 529.3 0 255 255 255 255
311.4 529.3 0 255 255 255 255
313.4 529.3 0 255 255 255 255
315.4 529.3 0 255 255 255 255
316.6 530.1 0 255 255 255 255
315.2 530.7 0 255 255 255 255
313.2 530.7 0 255 255 255 255
311.2 530.7 0 255 255 255 255
310.9 532.4 0 255 255 255 255
310.9 534.4 0 255 255 255 255
312.2 535.1 0 255 255 255 255
314.2 535.1 0 255 255 255 255
316.2 535.1 0 255 255 255 255
316 536.5 0 255 255 255 255
314 536.5 0 255 255 255 255
312 536.5 0 255 255 255 255
310.9 537.4 0 255 255 255 255
310.9 539.4 0 255 255 255 255
310.9 541.4 0 255 255 255 255
312.3 542 0 255 255 255 255
314.3 542 0 255 255 255 255
316.3 542 0 255 255 255 255
3 0 1 2
3 3 4 5
3 6 7 8
3 9 10 11
3 12 13 14
3 15 16 17
3 18 19 20
3 21 22 23
3 24 25 26
3 27 28 29
3 30 31 32
3 33 34 35
3 36 37 38
3 39 40 41
3 42 43 44
3 45 46 47
3 48 49 50
3 51 52 53
3 54 55 56
3 57 58 59
3 60 61 62
3 63 64 65
3 66 67 68
3 69 70 71
3 72 73 74
3 75 76 77
3 78 79 80
3 81 82 83
3 84 85 86
3 87 88 89
3 90 91 92
3 93 94 95
3 96 97 98
3 99 100 101
3 102 103 104
3 105 106 107
3 108 109 110
3 111 112 113
3 114 115 116
3 117 118 119
3 120 121 122
3 123 124 125
3 126 127 128
3 129 130 131
3 132 133 134
3 135 136 137
3 138 139 140
3 141 142 143
3 144 145 146
3 147 148 149
3 150 151 152
3 153 154 155
3 156 157 158
3 159 160 161
3 162 163 164
3 165 166 167
3 168 169 170
3 171 172 173
3 174 175 176
3 177 178 179
3 180 181 182
3 183 184 185
3 186 187 188
3 189 190 191
3 192 193 194
3 195 196 197
3 198 199 200
3 201 202 203
3 204 205 206
3 207 208 209
3 210 211 212
3 213 214 215
3 216 217 218
3 219 220 221
3 222 223 224
3 225 226 227
3 228 229 230
3 231 232 233
3 234 235 236
3 237 238 239
3 240 241 242
3 243 244 245
3 246 247 248
3 249 250 251
3 252 253 254
3 255 256 257
3 258 259 260
3 261 262 263
3 264 265 266
3 267 268 269
3 270 271 272
3 273 274 275
3 276 277 278
3 279 280 281
3 282 283 284
3 285 286 287
3 288 289 290
3 291 292 293
3 294 295 296
3 297 298 299
3 300 301 302
3 303 304 305
3 306 307 308
3 309 310 311
3 312 313 314
3 315 316 317
3 318 319 320
3 321 322 323
3 324 325 326
3 327 328 329
3 330 331 332
3 333 334 335
3 336 337 338
3 339 340 341
3 342 343 344
3 345 346 347
3 348 349 350
3 351 352 353
3 354 355 356
3 357 358 359
3 360 361 362
3 363 364 365
3 366 367 368
3 369 370 371
3 372 373 374
3 375 376 377
3 378 379 380
3 381 382 383
3 384 385 386
3 387 388 389
3 390 391 392
3 393 394 395
3 396 397 398
3 399 400 401
3 402 403 404
3 405 406 407
3 408 409 410
3 411 412 413
3 414 415 416
3 417 418 419
3 420 421 422
3 423 424 425
3 426 427 428
3 429 430 431
3 432 433 434
3 435 436 437
3 438 439 440
3 441 442 443
3 444 445 446
3 447 448 449
3 450 451 452
3 453 454 455
3 456 457 458
3 459 460 461
3 462 463 464
3 465 466 467
3 468 469 470
3 471 472 473
3 474 475 476
3 477 478 479
3 480 481 482
3 483 484 485
3 486 487 488
3 489 490 491
3 492 493 494
3 495 496 497
3 498 499 500
3 501 502 503
3 504 505 506
3 507 508 509
3 510 511 512
3 513 514 515
3 516 517 518
3 519 520 521
3 522 523 524
3 525 526 527
3 528 529 530
3 531 532 533
3 534 535 536
3 537 538 539
3 540 541 542
3 543 544 545
3 546 547 548
3 549 550 551
3 552 553 554
3 555 556 557
3 558 559 560
3 561 562 563
3 564 565 566
3 567 568 569
3 570 571 572
3 573 574 575
3 576 577 578
3 579 580 581
3 582 583 584
3 585 586 587
3 588 589 590
3 591 592 593
3 594 595 596
3 597 598 599
3 600 601 602
3 603 604 605
3 606 607 608
3 609 610 611
3 612 613 614
3 615 616 617
3 618 619 620
3 621 622 623
3 624 625 626
3 627 628 629
3 630 631 632
3 633 634 635
3 636 637 638
3 639 640 641
3 642 643 644
3 645 646 647
3 648 649 650
3 651 652 653
3 654 655 656
3 657 658 659
3 660 661 662
3 663 664 665
3 666 667 668
3 669 670 671
3 672 673 674
3 675 676 677
3 678 679 680
3 681 682 683
3 684 685 686
3 687 688 689
3 690 691 692
3 693 694 695
3 696 697 698
3 699 700 701
3 702 703 704
3 705 706 707
3 708 709 710
3 711 712 713
3 714 715 716
3 717 718 719
3 720 721 722
3 723 724 725
3 726 727 728
3 729 730 731
3 732 733 734
3 735 736 737
3 738 739 740
3 741 742 743
3 744 745 746
3 747 748 749
3 750 751 752
3 753 754 755
3 756 757 758
3 759 760 761
3 762 763 764
3 765 766 767
3 768 769 770
3 771 772 773
3 774 775 776
3 777 778 779
3 780 781 782
3 783 784 785
3 786 787 788
3 789 790 791
3 792 793 794
3 795 796 797
3 798 799 800
3 801 802 803
3 804 805 806
3 807 808 809
3 810 811 812
3 813 814 815
3 816 817 818
3 819 820 821
3 822 823 824
3 825 826 827
3 828 829 830
3 831 832 833
3 834 835 836
3 837 838 839
3 840 841 842
3 843 844 845
3 846 847 848
3 849 850 851
3 852 853 854
3 855 856 857
3 858 859 860
3 861 862 863
3 864 865 866
3 867 868 869
3 870 871 872
3 873 874 875
3 876 877 878
3 879 880 881
3 882 883 884
3 885 886 887
3 888 889 890
3 891 892 893
3 894 895 896
3 897 898 899
3 900 901 902
3 903 904 905
3 906 907 908
3 909 910 911
3 912 913 914
3 915 916 917
3 918 919 920
3 921 922 923
3 924 925 926
3 927 928 929
3 930 931 932
3 933 934 935
3 936 937 938
3 939 940 941
3 942 943 944
3 945 946 947
3 948 949 950
3 951 952 953
3 954 955 956
3 957 958 959
3 960 961 962
3 963 964 965
3 966 967 968
3 969 970 971
3 972 973 974
3 975 976 977
3 978 979 980
3 981 982 983
3 984 985 986
3 987 988 989
3 990 991 992
3 993 994 995
3 996 997 998
3 999 1000 1001
3 1002 1003 1004
3 1005 1006 1007
3 1008 1009 1010
3 1011 1012 1013
3 1014 1015 1016
3 1017 1018 1019
3 1020 1021 1022
3 1023 1024 1025
3 1026 1027 1028
3 1029 1030 1031
3 1032 1033 1034
3 1035 1036 1037
3 1038 1039 1040
3 1041 1042 1043
3 1044 1045 1046
3 1047 1048 1049
3 1050 1051 1052
3 1053 1054 1055
3 1056 1057 1058
3 1059 1060 1061
3 1062 1063 1064
3 1065 1066 1067
3 1068 1069 1070
3 1071 1072 1073
3 1074 1075 1076
3 1077 1078 1079
3 1080 1081 1082
3 1083 1084 1085
3 1086 1087 1088
3 1089 1090 1091
3 1092 1093 1094
3 1095 1096 1097
3 1098 1099 1100
3 1101 1102 1103
3 1104 1105 1106
3 1107 1108 1109
3 1110 1111 1112
3 1113 1114 1115
3 1116 1117 1118
3 1119 1120 1121
3 1122 1123 1124
3 1125 1126 1127
3 1128 1129 1130
3 1131 1132 1133
3 1134 1135 1136
3 1137 1138 1139
3 1140 1141 1142
3 1143 1144 1145
3 1146 1147 1148
3 1149 1150 1151
3 1152 1153 1154
3 1155 1156 1157
3 1158 1159 1160
3 1161 1162 1163
3 1164 1165 1166
3 1167 1168 1169
3 1170 1171 1172
3 1173 1174 1175
3 1176 1177 1178
3 1179 1180 1181
3 1182 1183 1184
3 1185 1186 1187
3 1188 1189 1190
3 1191 1192 1193
3 1194 1195 1196
3 1197 1198 1199
3 1200 1201 1202
3 1203 1204 1205
3 1206 1207 1208
3 1209 1210 1211
3 1212 1213 1214
3 1215 1216 1217
3 1218 1219 1220
3 1221 1222 1223
3 1224 1225 1226
3 1227 1228 1229
3 1230 1231 1232
3 1233 1234 1235
3 1236 1237 1238
3 1239 1240 1241
3 1242 1243 1244
3 1245 1246 1247
3 1248 1249 1250
3 1251 1252 1253
3 1254 1255 1256
3 1257 1258 1259
3 1260 1261 1262
3 1263 1264 1265
3 1266 1267 1268
3 1269 1270 1271
3 1272 1273 1274
3 1275 1276 1277
3 1278 1279 1280
3 1281 1282 1283
3 1284 1285 1286
3 1287 1288 1289
3 1290 1291 1292
3 1293 1294 1295
3 1296 1297 1298
3 1299 1300 1301
3 1302 1303 1304
3 1305 1306 1307
3 1308 1309 1310
3 1311 1312 1313
3 1314 1315 1316
3 1317 1318 1319
3 1320 1321 1322
3 1323 1324 1325
3 1326 1327 1328
3 1329 1330 1331
3 1332 1333 1334
3 1335 1336 1337
3 1338 1339 1340
3 1341 1342 1343
3 1344 1345 1346
3 1347 1348 1349
3 1350 1351 1352
3 1353 1354 1355
3 1356 1357 1358
3 1359 1360 1361
3 1362 1363 1364
3 1365 1366 1367
3 1368 1369 1370
3 1371 1372 1373
3 1374 1375 1376
3 1377 1378 1379
3 1380 1381 1382
3 1383 1384 1385
3 1386 1387 1388
3 1389 1390 1391
3 1392 1393 1394
3 1395 1396 1397
3 1398 1399 1400
3 1401 1402 1403
3 1404 1405 1406
3 1407 1408 1409
3 1410 1411 1412
3 1413 1414 1415
3 1416 1417 1418
3 1419 1420 1421
3 1422 1423 1424
3 1425 1426 1427
3 1428 1429 1430
3 1431 1432 1433
3 1434 1435 1436
3 1437 1438 1439
3 1440 1441 1442
3 1443 1444 1445
3 1446 1447 1448
3 1449 1450 1451
3 1452 1453 1454
3 1455 1456 1457
3 1458 1459 1460
3 1461 1462 1463
3 1464 1465 1466
3 1467 1468 1469
3 1470 1471 1472
3 1473 1474 1475
3 1476 1477 1478
3 1479 1480 1481
3 1482 1483 1484
3 1485 1486 1487
3 1488 1489 1490
3 1491 1492 1493
3 1494 1495 1496
3 1497 1498 1499
3 1500 1501 1502
3 1503 1504 1505
3 1506 1507 1508
3 1509 1510 1511
3 1512 1513 1514
3 1515 1516 1517
3 1518 1519 1520
3 1521 1522 1523
3 1524 1525 1526
3 1527 1528 1529
3 1530 1531 1532
3 1533 1534 1535
3 1536 1537 1538
3 1539 1540 1541
3 1542 1543 1544
3 1545 1546 1547
3 1548 1549 1550
3 1551 1552 1553
3 1554 1555 1556
3 1557 1558 1559
3 1560 1561 1562
3 1563 1564 1565
3 1566 1567 1568
3 1569 1570 1571
