ply
format ascii 1.0
element vertex 2334
property float x
property float y
property float z
property uchar red
property uchar green
property uchar blue
property uchar alpha
element face 778
property list uchar int vertex_indices
end_header
29.9 367.4 0 255 255 255 255
31.9 367.4 0 255 255 255 255
33.9 367.4 0 255 255 255 255
35.9 367.4 0 255 255 255 255
37 368.3 0 255 255 255 255
37 370.3 0 255 255 255 255
37 372.3 0 255 255 255 255
35.9 373.2 0 255 255 255 255
33.9 373.2 0 255 255 255 255
31.9 373.2 0 255 255 255 255
29.9 373.2 0 255 255 255 255
29.8 371.3 0 255 255 255 255
29.8 369.3 0 255 255 255 255
29.9 376.3 0 255 255 255 255
31.9 376.3 0 255 255 255 255
33.9 376.3 0 255 255 255 255
35.9 376.3 0 255 255 255 255
37 377.2 0 255 255 255 255
37 379.2 0 255 255 255 255
37 381.2 0 255 255 255 255
37 383.2 0 255 255 255 255
37 385.2 0 255 255 255 255
37 387.2 0 255 255 255 255
37 389.2 0 255 255 255 255
37 391.2 0 255 255 255 255
37 393.2 0 255 255 255 255
37 395.2 0 255 255 255 255
37 397.2 0 255 255 255 255
36.6 398.8 0 255 255 255 255
34.6 398.8 0 255 255 255 255
32.6 398.8 0 255 255 255 255
30.6 398.8 0 255 255 255 255
29.8 397.6 0 255 255 255 255
29.8 395.6 0 255 255 255 255
29.8 393.6 0 255 255 255 255
29.8 391.6 0 255 255 255 255
29.8 389.6 0 255 255 255 255
29.8 387.6 0 255 255 255 255
29.8 385.6 0 255 255 255 255
29.8 383.6 0 255 255 255 255
29.8 381.6 0 255 255 255 255
29.8 379.6 0 255 255 255 255
29.8 377.6 0 255 255 255 255
39.1 391.5 0 255 255 255 255
41.1 391.5 0 255 255 255 255
43.1 391.5 0 255 255 255 255
45.1 391.5 0 255 255 255 255
46.2097 392.656 0 255 255 255 255
47.4728 394.164 0 255 255 255 255
49.3599 394.768 0 255 255 255 255
51.3511 394.678 0 255 255 255 255
53.0925 393.776 0 255 255 255 255
53.3555 391.891 0 255 255 255 255
51.8245 390.695 0 255 255 255 255
49.8898 390.197 0 255 255 255 255
47.9248 389.824 0 255 255 255 255
45.9635 389.434 0 255 255 255 255
44.0438 388.878 0 255 255 255 255
42.2542 387.996 0 255 255 255 255
40.8005 386.639 0 255 255 255 255
39.9562 384.839 0 255 255 255 255
39.7026 382.861 0 255 255 255 255
39.9679 380.886 0 255 255 255 255
40.8265 379.091 0 255 255 255 255
42.2107 377.659 0 255 255 255 255
43.9308 376.649 0 255 255 255 255
45.8231 376.012 0 255 255 255 255
47.793 375.677 0 255 255 255 255
49.7906 375.609 0 255 255 255 255
51.7842 375.751 0 255 255 255 255
53.7442 376.138 0 255 255 255 255
55.6062 376.858 0 255 255 255 255
57.2598 377.971 0 255 255 255 255
58.5427 379.494 0 255 255 255 255
59.3314 381.324 0 255 255 255 255
59.1027 382.8 0 255 255 255 255
57.1027 382.8 0 255 255 255 255
55.1027 382.8 0 255 255 255 255
53.1027 382.8 0 255 255 255 255
52.2475 381.091 0 255 255 255 255
50.4641 380.272 0 255 255 255 255
48.4714 380.271 0 255 255 255 255
46.7112 381.128 0 255 255 255 255
46.5077 382.99 0 255 255 255 255
48.2222 383.94 0 255 255 255 255
50.1806 384.342 0 255 255 255 255
52.1517 384.681 0 255 255 255 255
54.1095 385.088 0 255 255 255 255
56.0172 385.683 0 255 255 255 255
57.7812 386.615 0 255 255 255 255
59.1893 388.02 0 255 255 255 255
60.0236 389.825 0 255 255 255 255
60.2914 391.801 0 255 255 255 255
60.0767 393.782 0 255 255 255 255
59.292 395.611 0 255 255 255 255
57.9791 397.107 0 255 255 255 255
56.3106 398.2 0 255 255 255 255
54.4471 398.918 0 255 255 255 255
52.492 399.329 0 255 255 255 255
50.4997 399.488 0 255 255 255 255
48.5015 399.438 0 255 255 255 255
46.5214 399.169 0 255 255 255 255
44.5954 398.638 0 255 255 255 255
42.7967 397.771 0 255 255 255 255
41.226 396.543 0 255 255 255 255
40.0267 394.951 0 255 255 255 255
39.3154 393.089 0 255 255 255 255
31.6 437.2 0 255 255 255 255
31.6 435.2 0 255 255 255 255
31.6 433.2 0 255 255 255 255
31.6 431.2 0 255 255 255 255
31.6 429.2 0 255 255 255 255
31.6 427.2 0 255 255 255 255
31.6 425.2 0 255 255 255 255
29.7 425.1 0 255 255 255 255
28.6 424.2 0 255 255 255 255
28.6 422.2 0 255 255 255 255
29 420.6 0 255 255 255 255
31 420.6 0 255 255 255 255
31.6 419.2 0 255 255 255 255
31.6 417.2 0 255 255 255 255
31.6 415.2 0 255 255 255 255
31.9 413.5 0 255 255 255 255
33.9 413.5 0 255 255 255 255
35.9 413.5 0 255 255 255 255
37.9 413.5 0 255 255 255 255
38.6 414.8 0 255 255 255 255
38.6 416.8 0 255 255 255 255
38.6 418.8 0 255 255 255 255
38.8 420.6 0 255 255 255 255
40.8 420.6 0 255 255 255 255
42.7 420.7 0 255 255 255 255
42.7 422.7 0 255 255 255 255
42.7 424.7 0 255 255 255 255
41.1 425.1 0 255 255 255 255
39.1 425.1 0 255 255 255 255
38.6 426.6 0 255 255 255 255
38.6 428.6 0 255 255 255 255
38.6 430.6 0 255 255 255 255
38.6 432.6 0 255 255 255 255
38.6 434.6 0 255 255 255 255
38.7097 436.59 0 255 255 255 255
40.1355 437.82 0 255 255 255 255
42.1306 437.9 0 255 255 255 255
42.7 439.331 0 255 255 255 255
42.7 441.331 0 255 255 255 255
42.4786 443.164 0 255 255 255 255
40.5004 443.442 0 255 255 255 255
38.502 443.488 0 255 255 255 255
36.5139 443.287 0 255 255 255 255
34.6031 442.717 0 255 255 255 255
32.9857 441.566 0 255 255 255 255
31.9867 439.85 0 255 255 255 255
31.6228 437.889 0 255 255 255 255
45.3 411.7 0 255 255 255 255
47.3 411.7 0 255 255 255 255
49.3 411.7 0 255 255 255 255
51.3 411.7 0 255 255 255 255
52.5 412.5 0 255 255 255 255
52.5 414.5 0 255 255 255 255
52.5 416.5 0 255 255 255 255
52.5 418.5 0 255 255 255 255
52.5 420.5 0 255 255 255 255
52.5 422.5 0 255 255 255 255
53.225 422.62 0 255 255 255 255
54.7096 421.288 0 255 255 255 255
56.4979 420.409 0 255 255 255 255
58.4571 420.033 0 255 255 255 255
60.4529 420.076 0 255 255 255 255
62.3884 420.553 0 255 255 255 255
64.1234 421.531 0 255 255 255 255
65.5033 422.967 0 255 255 255 255
66.4431 424.726 0 255 255 255 255
66.9526 426.655 0 255 255 255 255
67.1 428.647 0 255 255 255 255
67.1 430.647 0 255 255 255 255
67.1 432.647 0 255 255 255 255
67.1 434.647 0 255 255 255 255
67.1 436.647 0 255 255 255 255
67.1 438.647 0 255 255 255 255
67.1 440.647 0 255 255 255 255
67.1 442.647 0 255 255 255 255
65.653 443.2 0 255 255 255 255
63.653 443.2 0 255 255 255 255
61.653 443.2 0 255 255 255 255
60 442.853 0 255 255 255 255
60 440.853 0 255 255 255 255
60 438.853 0 255 255 255 255
60 436.853 0 255 255 255 255
60 434.853 0 255 255 255 255
60 432.853 0 255 255 255 255
60 430.853 0 255 255 255 255
59.8966 428.859 0 255 255 255 255
59.0759 427.062 0 255 255 255 255
57.3713 426.089 0 255 255 255 255
55.3921 426.156 0 255 255 255 255
53.7218 427.21 0 255 255 255 255
52.7662 428.948 0 255 255 255 255
52.5 430.922 0 255 255 255 255
52.5 432.922 0 255 255 255 255
52.5 434.922 0 255 255 255 255
52.5 436.922 0 255 255 255 255
52.5 438.922 0 255 255 255 255
52.5 440.922 0 255 255 255 255
52.5 442.922 0 255 255 255 255
50.8781 443.3 0 255 255 255 255
48.8781 443.3 0 255 255 255 255
46.8781 443.3 0 255 255 255 255
45.3 442.878 0 255 255 255 255
45.3 440.878 0 255 255 255 255
45.3 438.878 0 255 255 255 255
45.3 436.878 0 255 255 255 255
45.3 434.878 0 255 255 255 255
45.3 432.878 0 255 255 255 255
45.3 430.878 0 255 255 255 255
45.3 428.878 0 255 255 255 255
45.3 426.878 0 255 255 255 255
45.3 424.878 0 255 255 255 255
45.3 422.878 0 255 255 255 255
45.3 420.878 0 255 255 255 255
45.3 418.878 0 255 255 255 255
45.3 416.878 0 255 255 255 255
45.3 414.878 0 255 255 255 255
45.3 412.878 0 255 255 255 255
69.4 431.9 0 255 255 255 255
69.5456 429.907 0 255 255 255 255
69.9864 427.958 0 255 255 255 255
70.7344 426.105 0 255 255 255 255
71.7929 424.411 0 255 255 255 255
73.1367 422.935 0 255 255 255 255
74.7274 421.729 0 255 255 255 255
76.5113 420.833 0 255 255 255 255
78.4255 420.266 0 255 255 255 255
80.4074 420.024 0 255 255 255 255
82.4044 420.074 0 255 255 255 255
84.3671 420.446 0 255 255 255 255
86.2358 421.151 0 255 255 255 255
87.9436 422.186 0 255 255 255 255
89.4145 423.535 0 255 255 255 255
90.5965 425.144 0 255 255 255 255
91.4879 426.932 0 255 255 255 255
92.1113 428.831 0 255 255 255 255
92.4965 430.792 0 255 255 255 255
92.6756 432.783 0 255 255 255 255
91.7175 433.8 0 255 255 255 255
89.7175 433.8 0 255 255 255 255
87.7175 433.8 0 255 255 255 255
85.7175 433.8 0 255 255 255 255
83.7175 433.8 0 255 255 255 255
81.7175 433.8 0 255 255 255 255
79.7175 433.8 0 255 255 255 255
77.7175 433.8 0 255 255 255 255
76.5185 434.472 0 255 255 255 255
77.201 436.343 0 255 255 255 255
78.5154 437.828 0 255 255 255 255
80.3456 438.592 0 255 255 255 255
82.3361 438.642 0 255 255 255 255
84.1649 437.894 0 255 255 255 255
85.4458 436.5 0 255 255 255 255
87.4458 436.5 0 255 255 255 255
89.4458 436.5 0 255 255 255 255
91.4458 436.5 0 255 255 255 255
91.8088 437.682 0 255 255 255 255
90.8477 439.431 0 255 255 255 255
89.5285 440.928 0 255 255 255 255
87.9194 442.111 0 255 255 255 255
86.1384 443.016 0 255 255 255 255
84.2291 443.603 0 255 255 255 255
82.2497 443.875 0 255 255 255 255
80.2516 443.843 0 255 255 255 255
78.2784 443.526 0 255 255 255 255
76.3751 442.92 0 255 255 255 255
74.5993 442.007 0 255 255 255 255
73.0154 440.791 0 255 255 255 255
71.6859 439.3 0 255 255 255 255
70.6558 437.589 0 255 255 255 255
69.9376 435.726 0 255 255 255 255
69.5271 433.771 0 255 255 255 255
85.4 429.5 0 255 255 255 255
84.8944 427.573 0 255 255 255 255
83.7074 425.986 0 255 255 255 255
81.9059 425.171 0 255 255 255 255
79.9187 425.224 0 255 255 255 255
78.155 426.119 0 255 255 255 255
77.0205 427.747 0 255 255 255 255
76.667 429.5 0 255 255 255 255
78.667 429.5 0 255 255 255 255
80.6671 429.5 0 255 255 255 255
82.667 429.5 0 255 255 255 255
84.667 429.5 0 255 255 255 255
29.9 465 0 255 255 255 255
31.9 465 0 255 255 255 255
33.9 465 0 255 255 255 255
35.9 465 0 255 255 255 255
36.8 466.1 0 255 255 255 255
37.0847 467.464 0 255 255 255 255
38.4911 466.048 0 255 255 255 255
40.1943 465.01 0 255 255 255 255
42.1044 464.436 0 255 255 255 255
44.0962 464.318 0 255 255 255 255
46.0713 464.599 0 255 255 255 255
47.9356 465.309 0 255 255 255 255
49.57 466.453 0 255 255 255 255
50.9146 467.927 0 255 255 255 255
51.9366 469.642 0 255 255 255 255
52.6479 471.509 0 255 255 255 255
53.0854 473.458 0 255 255 255 255
53.2789 475.448 0 255 255 255 255
53.2577 477.446 0 255 255 255 255
53.0194 479.431 0 255 255 255 255
52.5291 481.369 0 255 255 255 255
51.7486 483.208 0 255 255 255 255
50.6513 484.875 0 255 255 255 255
49.2388 486.284 0 255 255 255 255
47.5428 487.334 0 255 255 255 255
45.6508 487.966 0 255 255 255 255
43.6679 488.193 0 255 255 255 255
41.6779 488.037 0 255 255 255 255
39.7787 487.43 0 255 255 255 255
38.1192 486.326 0 255 255 255 255
37 485.578 0 255 255 255 255
37 487.578 0 255 255 255 255
37 489.578 0 255 255 255 255
37 491.578 0 255 255 255 255
37 493.578 0 255 255 255 255
36.4216 495 0 255 255 255 255
34.4216 495 0 255 255 255 255
32.4216 495 0 255 255 255 255
30.4216 495 0 255 255 255 255
29.8 493.622 0 255 255 255 255
29.8 491.622 0 255 255 255 255
29.8 489.622 0 255 255 255 255
29.8 487.622 0 255 255 255 255
29.8 485.622 0 255 255 255 255
29.8 483.622 0 255 255 255 255
29.8 481.622 0 255 255 255 255
29.8 479.622 0 255 255 255 255
29.8 477.622 0 255 255 255 255
29.8 475.622 0 255 255 255 255
29.8 473.622 0 255 255 255 255
29.8 471.622 0 255 255 255 255
29.8 469.622 0 255 255 255 255
29.8 467.622 0 255 255 255 255
29.8 465.622 0 255 255 255 255
46.1 476.5 0 255 255 255 255
45.946 474.508 0 255 255 255 255
45.3896 472.594 0 255 255 255 255
44.2192 470.994 0 255 255 255 255
42.4233 470.171 0 255 255 255 255
40.4406 470.251 0 255 255 255 255
38.7147 471.215 0 255 255 255 255
37.5906 472.853 0 255 255 255 255
37.0363 474.768 0 255 255 255 255
36.9068 476.761 0 255 255 255 255
37.1542 478.741 0 255 255 255 255
37.9053 480.586 0 255 255 255 255
39.2769 482.017 0 255 255 255 255
41.1486 482.667 0 255 255 255 255
43.1164 482.445 0 255 255 255 255
44.7124 481.281 0 255 255 255 255
45.652 479.529 0 255 255 255 255
46.0501 477.573 0 255 255 255 255
54.7 476.3 0 255 255 255 255
54.8462 474.307 0 255 255 255 255
55.29 472.359 0 255 255 255 255
56.0465 470.51 0 255 255 255 255
57.1181 468.824 0 255 255 255 255
58.4807 467.364 0 255 255 255 255
60.0864 466.178 0 255 255 255 255
61.8767 465.294 0 255 255 255 255
63.7893 464.719 0 255 255 255 255
65.7675 464.438 0 255 255 255 255
67.7661 464.436 0 255 255 255 255
69.7452 464.708 0 255 255 255 255
71.6595 465.276 0 255 255 255 255
73.4506 466.158 0 255 255 255 255
75.0542 467.347 0 255 255 255 255
76.4107 468.812 0 255 255 255 255
77.4737 470.503 0 255 255 255 255
78.2202 472.356 0 255 255 255 255
78.6566 474.306 0 255 255 255 255
78.8 476.299 0 255 255 255 255
78.654 478.293 0 255 255 255 255
78.211 480.241 0 255 255 255 255
77.4564 482.09 0 255 255 255 255
76.3878 483.778 0 255 255 255 255
75.0285 485.241 0 255 255 255 255
73.4255 486.431 0 255 255 255 255
71.6364 487.317 0 255 255 255 255
69.7236 487.89 0 255 255 255 255
67.7448 488.165 0 255 255 255 255
65.7462 488.16 0 255 255 255 255
63.7692 487.871 0 255 255 255 255
61.86 487.284 0 255 255 255 255
60.0746 486.39 0 255 255 255 255
58.4736 485.196 0 255 255 255 255
57.1135 483.733 0 255 255 255 255
56.0456 482.045 0 255 255 255 255
55.2877 480.197 0 255 255 255 255
54.8439 478.25 0 255 255 255 255
71.5 476.3 0 255 255 255 255
71.3476 474.308 0 255 255 255 255
70.8261 472.382 0 255 255 255 255
69.7697 470.697 0 255 255 255 255
68.1089 469.621 0 255 255 255 255
66.1338 469.436 0 255 255 255 255
64.2812 470.131 0 255 255 255 255
62.9573 471.608 0 255 255 255 255
62.2244 473.461 0 255 255 255 255
61.9297 475.436 0 255 255 255 255
61.9459 477.434 0 255 255 255 255
62.2847 479.402 0 255 255 255 255
63.0947 481.22 0 255 255 255 255
64.5365 482.578 0 255 255 255 255
66.4509 483.089 0 255 255 255 255
68.412 482.788 0 255 255 255 255
70.0072 481.62 0 255 255 255 255
70.9654 479.877 0 255 255 255 255
71.4033 477.93 0 255 255 255 255
81.2 465 0 255 255 255 255
83.2 465 0 255 255 255 255
85.2 465 0 255 255 255 255
87.2 465 0 255 255 255 255
88.1 466.1 0 255 255 255 255
88.1 468.1 0 255 255 255 255
89.0361 467.256 0 255 255 255 255
90.4322 465.832 0 255 255 255 255
92.1967 464.913 0 255 255 255 255
94.1656 464.605 0 255 255 255 255
95.8 465.132 0 255 255 255 255
95.8 467.132 0 255 255 255 255
95.8 469.132 0 255 255 255 255
95.6681 471 0 255 255 255 255
93.6727 470.917 0 255 255 255 255
91.7249 471.331 0 255 255 255 255
90.062 472.413 0 255 255 255 255
88.9761 474.076 0 255 255 255 255
88.4855 476.009 0 255 255 255 255
88.4 478.006 0 255 255 255 255
88.4 480.006 0 255 255 255 255
88.4 482.006 0 255 255 255 255
88.4 484.006 0 255 255 255 255
88.4 486.006 0 255 255 255 255
87.8941 487.5 0 255 255 255 255
85.8941 487.5 0 255 255 255 255
83.8941 487.5 0 255 255 255 255
81.8941 487.5 0 255 255 255 255
81.2 486.194 0 255 255 255 255
81.2 484.194 0 255 255 255 255
81.2 482.194 0 255 255 255 255
81.2 480.194 0 255 255 255 255
81.2 478.194 0 255 255 255 255
81.2 476.194 0 255 255 255 255
81.2 474.194 0 255 255 255 255
81.2 472.194 0 255 255 255 255
81.2 470.194 0 255 255 255 255
81.2 468.194 0 255 255 255 255
81.2 466.194 0 255 255 255 255
100.3 481.6 0 255 255 255 255
100.3 479.6 0 255 255 255 255
100.3 477.6 0 255 255 255 255
100.3 475.6 0 255 255 255 255
100.3 473.6 0 255 255 255 255
100.3 471.6 0 255 255 255 255
100.3 469.6 0 255 255 255 255
98.4 469.5 0 255 255 255 255
97.3 468.6 0 255 255 255 255
97.3 466.6 0 255 255 255 255
97.7 465 0 255 255 255 255
99.7 465 0 255 255 255 255
100.3 463.6 0 255 255 255 255
100.3 461.6 0 255 255 255 255
100.3 459.6 0 255 255 255 255
100.6 457.9 0 255 255 255 255
102.6 457.9 0 255 255 255 255
104.6 457.9 0 255 255 255 255
106.6 457.9 0 255 255 255 255
107.3 459.2 0 255 255 255 255
107.3 461.2 0 255 255 255 255
107.3 463.2 0 255 255 255 255
107.5 465 0 255 255 255 255
109.5 465 0 255 255 255 255
111.4 465.1 0 255 255 255 255
111.4 467.1 0 255 255 255 255
111.4 469.1 0 255 255 255 255
109.8 469.5 0 255 255 255 255
107.8 469.5 0 255 255 255 255
107.3 471 0 255 255 255 255
107.3 473 0 255 255 255 255
107.3 475 0 255 255 255 255
107.3 477 0 255 255 255 255
107.3 479 0 255 255 255 255
107.438 480.986 0 255 255 255 255
108.934 482.139 0 255 255 255 255
110.931 482.2 0 255 255 255 255
111.4 483.731 0 255 255 255 255
111.4 485.731 0 255 255 255 255
111.081 487.488 0 255 255 255 255
109.101 487.749 0 255 255 255 255
107.102 487.793 0 255 255 255 255
105.112 487.609 0 255 255 255 255
103.208 487.021 0 255 255 255 255
101.617 485.836 0 255 255 255 255
100.654 484.1 0 255 255 255 255
100.318 482.135 0 255 255 255 255
114 465 0 255 255 255 255
116 465 0 255 255 255 255
118 465 0 255 255 255 255
120 465 0 255 255 255 255
120.9 466.1 0 255 255 255 255
120.9 468.1 0 255 255 255 255
121.836 467.256 0 255 255 255 255
123.232 465.832 0 255 255 255 255
124.997 464.913 0 255 255 255 255
126.966 464.605 0 255 255 255 255
128.6 465.132 0 255 255 255 255
128.6 467.132 0 255 255 255 255
128.6 469.132 0 255 255 255 255
128.468 471 0 255 255 255 255
126.473 470.917 0 255 255 255 255
124.525 471.331 0 255 255 255 255
122.862 472.413 0 255 255 255 255
121.776 474.076 0 255 255 255 255
121.285 476.009 0 255 255 255 255
121.2 478.006 0 255 255 255 255
121.2 480.006 0 255 255 255 255
121.2 482.006 0 255 255 255 255
121.2 484.006 0 255 255 255 255
121.2 486.006 0 255 255 255 255
120.694 487.5 0 255 255 255 255
118.694 487.5 0 255 255 255 255
116.694 487.5 0 255 255 255 255
114.694 487.5 0 255 255 255 255
114 486.194 0 255 255 255 255
114 484.194 0 255 255 255 255
114 482.194 0 255 255 255 255
114 480.194 0 255 255 255 255
114 478.194 0 255 255 255 255
114 476.194 0 255 255 255 255
114 474.194 0 255 255 255 255
114 472.194 0 255 255 255 255
114 470.194 0 255 255 255 255
114 468.194 0 255 255 255 255
114 466.194 0 255 255 255 255
129.1 481.2 0 255 255 255 255
129.352 479.222 0 255 255 255 255
130.196 477.421 0 255 255 255 255
131.629 476.04 0 255 255 255 255
133.395 475.113 0 255 255 255 255
135.305 474.527 0 255 255 255 255
137.271 474.161 0 255 255 255 255
139.253 473.895 0 255 255 255 255
141.216 473.519 0 255 255 255 255
142.998 472.666 0 255 255 255 255
143.289 470.781 0 255 255 255 255
141.925 469.432 0 255 255 255 255
139.949 469.208 0 255 255 255 255
138.033 469.708 0 255 255 255 255
136.814 471.241 0 255 255 255 255
135.487 472.1 0 255 255 255 255
133.487 472.1 0 255 255 255 255
131.487 472.1 0 255 255 255 255
130.044 471.589 0 255 255 255 255
130.503 469.648 0 255 255 255 255
131.461 467.9 0 255 255 255 255
132.865 466.484 0 255 255 255 255
134.582 465.468 0 255 255 255 255
136.471 464.819 0 255 255 255 255
138.441 464.49 0 255 255 255 255
140.438 464.402 0 255 255 255 255
142.435 464.502 0 255 255 255 255
144.408 464.822 0 255 255 255 255
146.294 465.476 0 255 255 255 255
147.959 466.572 0 255 255 255 255
149.246 468.093 0 255 255 255 255
150.043 469.92 0 255 255 255 255
150.376 471.888 0 255 255 255 255
150.4 473.887 0 255 255 255 255
150.4 475.887 0 255 255 255 255
150.4 477.887 0 255 255 255 255
150.4 479.887 0 255 255 255 255
150.4 481.887 0 255 255 255 255
150.4 483.887 0 255 255 255 255
150.525 485.881 0 255 255 255 255
151.023 487.5 0 255 255 255 255
149.023 487.5 0 255 255 255 255
147.023 487.5 0 255 255 255 255
145.023 487.5 0 255 255 255 255
143.726 486.431 0 255 255 255 255
143.135 485.363 0 255 255 255 255
141.702 486.747 0 255 255 255 255
139.919 487.637 0 255 255 255 255
137.964 488.037 0 255 255 255 255
135.966 488.076 0 255 255 255 255
133.996 487.753 0 255 255 255 255
132.158 486.981 0 255 255 255 255
130.626 485.711 0 255 255 255 255
129.604 484.003 0 255 255 255 255
129.146 482.064 0 255 255 255 255
143.6 479.4 0 255 255 255 255
143.6 477.4 0 255 255 255 255
142.403 477.202 0 255 255 255 255
140.479 477.747 0 255 255 255 255
138.542 478.243 0 255 255 255 255
136.754 479.107 0 255 255 255 255
136.001 480.885 0 255 255 255 255
136.71 482.688 0 255 255 255 255
138.551 483.376 0 255 255 255 255
140.541 483.274 0 255 255 255 255
142.32 482.408 0 255 255 255 255
143.398 480.755 0 255 255 255 255
154 456 0 255 255 255 255
156 456 0 255 255 255 255
158 456 0 255 255 255 255
160 456 0 255 255 255 255
161.2 456.8 0 255 255 255 255
161.2 458.8 0 255 255 255 255
161.2 460.8 0 255 255 255 255
160.2 461.8 0 255 255 255 255
158.2 461.8 0 255 255 255 255
156.2 461.8 0 255 255 255 255
154.2 461.8 0 255 255 255 255
154 460 0 255 255 255 255
154 458 0 255 255 255 255
154 465 0 255 255 255 255
156 465 0 255 255 255 255
158 465 0 255 255 255 255
160 465 0 255 255 255 255
161.2 465.8 0 255 255 255 255
161.2 467.8 0 255 255 255 255
161.2 469.8 0 255 255 255 255
161.2 471.8 0 255 255 255 255
161.2 473.8 0 255 255 255 255
161.2 475.8 0 255 255 255 255
161.2 477.8 0 255 255 255 255
161.2 479.8 0 255 255 255 255
161.2 481.8 0 255 255 255 255
161.2 483.8 0 255 255 255 255
161.2 485.8 0 255 255 255 255
160.9 487.5 0 255 255 255 255
158.9 487.5 0 255 255 255 255
156.9 487.5 0 255 255 255 255
154.9 487.5 0 255 255 255 255
154 486.4 0 255 255 255 255
154 484.4 0 255 255 255 255
154 482.4 0 255 255 255 255
154 480.4 0 255 255 255 255
154 478.4 0 255 255 255 255
154 476.4 0 255 255 255 255
154 474.4 0 255 255 255 255
154 472.4 0 255 255 255 255
154 470.4 0 255 255 255 255
154 468.4 0 255 255 255 255
154 466.4 0 255 255 255 255
166.3 481.6 0 255 255 255 255
166.3 479.6 0 255 255 255 255
166.3 477.6 0 255 255 255 255
166.3 475.6 0 255 255 255 255
166.3 473.6 0 255 255 255 255
166.3 471.6 0 255 255 255 255
166.3 469.6 0 255 255 255 255
164.4 469.5 0 255 255 255 255
163.3 468.6 0 255 255 255 255
163.3 466.6 0 255 255 255 255
163.7 465 0 255 255 255 255
165.7 465 0 255 255 255 255
166.3 463.6 0 255 255 255 255
166.3 461.6 0 255 255 255 255
166.3 459.6 0 255 255 255 255
166.6 457.9 0 255 255 255 255
168.6 457.9 0 255 255 255 255
170.6 457.9 0 255 255 255 255
172.6 457.9 0 255 255 255 255
173.3 459.2 0 255 255 255 255
173.3 461.2 0 255 255 255 255
173.3 463.2 0 255 255 255 255
173.5 465 0 255 255 255 255
175.5 465 0 255 255 255 255
177.4 465.1 0 255 255 255 255
177.4 467.1 0 255 255 255 255
177.4 469.1 0 255 255 255 255
175.8 469.5 0 255 255 255 255
173.8 469.5 0 255 255 255 255
173.3 471 0 255 255 255 255
173.3 473 0 255 255 255 255
173.3 475 0 255 255 255 255
173.3 477 0 255 255 255 255
173.3 479 0 255 255 255 255
173.438 480.986 0 255 255 255 255
174.934 482.139 0 255 255 255 255
176.931 482.2 0 255 255 255 255
177.4 483.731 0 255 255 255 255
177.4 485.731 0 255 255 255 255
177.081 487.488 0 255 255 255 255
175.101 487.749 0 255 255 255 255
173.102 487.793 0 255 255 255 255
171.112 487.609 0 255 255 255 255
169.208 487.021 0 255 255 255 255
167.617 485.836 0 255 255 255 255
166.654 484.1 0 255 255 255 255
166.318 482.135 0 255 255 255 255
28.8 520.6 0 255 255 255 255
28.9462 518.607 0 255 255 255 255
29.39 516.659 0 255 255 255 255
30.1465 514.81 0 255 255 255 255
31.2181 513.124 0 255 255 255 255
32.5807 511.664 0 255 255 255 255
34.1864 510.478 0 255 255 255 255
35.9767 509.594 0 255 255 255 255
37.8893 509.019 0 255 255 255 255
39.8675 508.738 0 255 255 255 255
41.8661 508.736 0 255 255 255 255
43.8452 509.008 0 255 255 255 255
45.7595 509.576 0 255 255 255 255
47.5506 510.458 0 255 255 255 255
49.1542 511.647 0 255 255 255 255
50.5107 513.112 0 255 255 255 255
51.5737 514.803 0 255 255 255 255
52.3202 516.656 0 255 255 255 255
52.7566 518.606 0 255 255 255 255
52.9 520.599 0 255 255 255 255
52.754 522.593 0 255 255 255 255
52.311 524.541 0 255 255 255 255
51.5564 526.39 0 255 255 255 255
50.4878 528.078 0 255 255 255 255
49.1285 529.541 0 255 255 255 255
47.5255 530.731 0 255 255 255 255
45.7364 531.617 0 255 255 255 255
43.8236 532.191 0 255 255 255 255
41.8448 532.465 0 255 255 255 255
39.8462 532.461 0 255 255 255 255
37.8692 532.171 0 255 255 255 255
35.96 531.584 0 255 255 255 255
34.1746 530.69 0 255 255 255 255
32.5736 529.496 0 255 255 255 255
31.2135 528.033 0 255 255 255 255
30.1456 526.345 0 255 255 255 255
29.3877 524.497 0 255 255 255 255
28.9439 522.55 0 255 255 255 255
45.7 520.6 0 255 255 255 255
45.5476 518.608 0 255 255 255 255
45.0261 516.682 0 255 255 255 255
43.9697 514.997 0 255 255 255 255
42.309 513.921 0 255 255 255 255
40.3338 513.736 0 255 255 255 255
38.4812 514.431 0 255 255 255 255
37.1573 515.908 0 255 255 255 255
36.4244 517.761 0 255 255 255 255
36.1297 519.736 0 255 255 255 255
36.1459 521.734 0 255 255 255 255
36.4847 523.702 0 255 255 255 255
37.2947 525.52 0 255 255 255 255
38.7364 526.878 0 255 255 255 255
40.6509 527.389 0 255 255 255 255
42.609 527.075 0 255 255 255 255
44.1921 525.888 0 255 255 255 255
45.1544 524.147 0 255 255 255 255
45.6014 522.203 0 255 255 255 255
56.6 513.9 0 255 255 255 255
54.6 513.9 0 255 255 255 255
53.7 512.8 0 255 255 255 255
53.7 510.8 0 255 255 255 255
54.2 509.3 0 255 255 255 255
56.2 509.3 0 255 255 255 255
56.6 507.7 0 255 255 255 255
56.7969 505.713 0 255 255 255 255
57.4641 503.835 0 255 255 255 255
58.67 502.254 0 255 255 255 255
60.389 501.25 0 255 255 255 255
62.3121 500.714 0 255 255 255 255
64.298 500.488 0 255 255 255 255
66.2972 500.479 0 255 255 255 255
68 500.893 0 255 255 255 255
68 502.893 0 255 255 255 255
68 504.893 0 255 255 255 255
66.8077 505.683 0 255 255 255 255
64.8576 506.044 0 255 255 255 255
63.8409 507.664 0 255 255 255 255
64.062 509.4 0 255 255 255 255
66.062 509.4 0 255 255 255 255
68 509.462 0 255 255 255 255
68 511.462 0 255 255 255 255
68 513.462 0 255 255 255 255
66.538 514 0 255 255 255 255
64.538 514 0 255 255 255 255
63.8 515.262 0 255 255 255 255
63.8 517.262 0 255 255 255 255
63.8 519.262 0 255 255 255 255
63.8 521.262 0 255 255 255 255
63.8 523.262 0 255 255 255 255
63.8 525.262 0 255 255 255 255
63.8 527.262 0 255 255 255 255
63.8 529.262 0 255 255 255 255
63.8 531.262 0 255 255 255 255
62.538 532 0 255 255 255 255
60.538 532 0 255 255 255 255
58.538 532 0 255 255 255 255
56.6 531.938 0 255 255 255 255
56.6 529.938 0 255 255 255 255
56.6 527.938 0 255 255 255 255
56.6 525.938 0 255 255 255 255
56.6 523.938 0 255 255 255 255
56.6 521.938 0 255 255 255 255
56.6 519.938 0 255 255 255 255
56.6 517.938 0 255 255 255 255
56.6 515.938 0 255 255 255 255
56.6 513.938 0 255 255 255 255
76 525.5 0 255 255 255 255
76.2524 523.522 0 255 255 255 255
77.0958 521.721 0 255 255 255 255
78.5286 520.339 0 255 255 255 255
80.2952 519.413 0 255 255 255 255
82.2053 518.827 0 255 255 255 255
84.1707 518.461 0 255 255 255 255
86.1527 518.195 0 255 255 255 255
88.1161 517.819 0 255 255 255 255
89.8976 516.966 0 255 255 255 255
90.189 515.081 0 255 255 255 255
88.8248 513.732 0 255 255 255 255
86.849 513.508 0 255 255 255 255
84.9326 514.008 0 255 255 255 255
83.7141 515.541 0 255 255 255 255
82.387 516.4 0 255 255 255 255
80.387 516.4 0 255 255 255 255
78.387 516.4 0 255 255 255 255
77.0526 515.789 0 255 255 255 255
77.5363 513.854 0 255 255 255 255
78.5232 512.122 0 255 255 255 255
79.9452 510.724 0 255 255 255 255
81.673 509.726 0 255 255 255 255
83.5683 509.098 0 255 255 255 255
85.541 508.781 0 255 255 255 255
87.5383 508.703 0 255 255 255 255
89.5346 508.812 0 255 255 255 255
91.5046 509.147 0 255 255 255 255
93.3844 509.818 0 255 255 255 255
95.0342 510.937 0 255 255 255 255
96.2964 512.479 0 255 255 255 255
97.0707 514.316 0 255 255 255 255
97.3815 516.287 0 255 255 255 255
97.4 518.287 0 255 255 255 255
97.4 520.287 0 255 255 255 255
97.4 522.287 0 255 255 255 255
97.4 524.287 0 255 255 255 255
97.4 526.287 0 255 255 255 255
97.4 528.287 0 255 255 255 255
97.5438 530.279 0 255 255 255 255
97.9226 531.8 0 255 255 255 255
95.9227 531.8 0 255 255 255 255
93.9226 531.8 0 255 255 255 255
91.9227 531.8 0 255 255 255 255
90.7027 530.634 0 255 255 255 255
90.0725 529.741 0 255 255 255 255
88.6203 531.105 0 255 255 255 255
86.8235 531.966 0 255 255 255 255
84.8642 532.347 0 255 255 255 255
82.8667 532.368 0 255 255 255 255
80.8978 532.039 0 255 255 255 255
79.0594 531.268 0 255 255 255 255
77.5248 530.001 0 255 255 255 255
76.5021 528.294 0 255 255 255 255
76.0454 526.354 0 255 255 255 255
90.5 523.8 0 255 255 255 255
90.5 521.8 0 255 255 255 255
89.303 521.602 0 255 255 255 255
87.379 522.147 0 255 255 255 255
85.4419 522.643 0 255 255 255 255
83.6539 523.507 0 255 255 255 255
82.9005 525.285 0 255 255 255 255
83.6097 527.088 0 255 255 255 255
85.451 527.776 0 255 255 255 255
87.4365 527.629 0 255 255 255 255
89.2086 526.743 0 255 255 255 255
90.3004 525.099 0 255 255 255 255
31.6 570.2 0 255 255 255 255
31.6 568.2 0 255 255 255 255
31.6 566.2 0 255 255 255 255
31.6 564.2 0 255 255 255 255
31.6 562.2 0 255 255 255 255
31.6 560.2 0 255 255 255 255
31.6 558.2 0 255 255 255 255
29.7 558.1 0 255 255 255 255
28.6 557.2 0 255 255 255 255
28.6 555.2 0 255 255 255 255
29 553.6 0 255 255 255 255
31 553.6 0 255 255 255 255
31.6 552.2 0 255 255 255 255
31.6 550.2 0 255 255 255 255
31.6 548.2 0 255 255 255 255
31.9 546.5 0 255 255 255 255
33.9 546.5 0 255 255 255 255
35.9 546.5 0 255 255 255 255
37.9 546.5 0 255 255 255 255
38.6 547.8 0 255 255 255 255
38.6 549.8 0 255 255 255 255
38.6 551.8 0 255 255 255 255
38.8001 553.6 0 255 255 255 255
40.8001 553.6 0 255 255 255 255
42.7 553.7 0 255 255 255 255
42.7 555.7 0 255 255 255 255
42.7 557.7 0 255 255 255 255
41.0999 558.1 0 255 255 255 255
39.0999 558.1 0 255 255 255 255
38.6 559.6 0 255 255 255 255
38.6 561.6 0 255 255 255 255
38.6 563.6 0 255 255 255 255
38.6 565.6 0 255 255 255 255
38.6 567.6 0 255 255 255 255
38.7098 569.59 0 255 255 255 255
40.1356 570.82 0 255 255 255 255
42.1307 570.9 0 255 255 255 255
42.7 572.331 0 255 255 255 255
42.7 574.331 0 255 255 255 255
42.4785 576.164 0 255 255 255 255
40.5003 576.442 0 255 255 255 255
38.5019 576.488 0 255 255 255 255
36.5138 576.287 0 255 255 255 255
34.603 575.717 0 255 255 255 255
32.9857 574.566 0 255 255 255 255
31.9866 572.85 0 255 255 255 255
31.6228 570.889 0 255 255 255 255
45.3 544.7 0 255 255 255 255
47.3 544.7 0 255 255 255 255
49.3 544.7 0 255 255 255 255
51.3 544.7 0 255 255 255 255
52.5 545.5 0 255 255 255 255
52.5 547.5 0 255 255 255 255
52.5 549.5 0 255 255 255 255
51.5 550.5 0 255 255 255 255
49.5 550.5 0 255 255 255 255
47.5 550.5 0 255 255 255 255
45.5 550.5 0 255 255 255 255
45.3 548.7 0 255 255 255 255
45.3 546.7 0 255 255 255 255
45.3 553.6 0 255 255 255 255
47.3 553.6 0 255 255 255 255
49.3 553.6 0 255 255 255 255
51.3 553.6 0 255 255 255 255
52.5 554.4 0 255 255 255 255
52.5 556.4 0 255 255 255 255
52.5 558.4 0 255 255 255 255
52.5 560.4 0 255 255 255 255
52.5 562.4 0 255 255 255 255
52.5 564.4 0 255 255 255 255
52.5 566.4 0 255 255 255 255
52.5 568.4 0 255 255 255 255
52.5 570.4 0 255 255 255 255
52.5 572.4 0 255 255 255 255
52.5 574.4 0 255 255 255 255
52.2 576.1 0 255 255 255 255
50.2 576.1 0 255 255 255 255
48.2 576.1 0 255 255 255 255
46.2 576.1 0 255 255 255 255
45.3 575 0 255 255 255 255
45.3 573 0 255 255 255 255
45.3 571 0 255 255 255 255
45.3 569 0 255 255 255 255
45.3 567 0 255 255 255 255
45.3 565 0 255 255 255 255
45.3 563 0 255 255 255 255
45.3 561 0 255 255 255 255
45.3 559 0 255 255 255 255
45.3 557 0 255 255 255 255
45.3 555 0 255 255 255 255
55.9 553.6 0 255 255 255 255
57.9 553.6 0 255 255 255 255
59.9 553.6 0 255 255 255 255
61.9 553.6 0 255 255 255 255
62.8 554.7 0 255 255 255 255
62.8 556.7 0 255 255 255 255
63.9753 555.36 0 255 255 255 255
65.4958 554.07 0 255 255 255 255
67.3076 553.239 0 255 255 255 255
69.2753 552.911 0 255 255 255 255
71.2644 553.058 0 255 255 255 255
73.1373 553.737 0 255 255 255 255
74.7151 554.951 0 255 255 255 255
75.8516 556.588 0 255 255 255 255
77.0481 555.67 0 255 255 255 255
78.532 554.336 0 255 255 255 255
80.2938 553.402 0 255 255 255 255
82.2368 552.951 0 255 255 255 255
84.2328 552.957 0 255 255 255 255
86.1811 553.384 0 255 255 255 255
87.9376 554.323 0 255 255 255 255
89.3255 555.75 0 255 255 255 255
90.2534 557.514 0 255 255 255 255
90.75 559.447 0 255 255 255 255
90.9 561.439 0 255 255 255 255
90.9 563.439 0 255 255 255 255
90.9 565.439 0 255 255 255 255
90.9 567.439 0 255 255 255 255
90.9 569.439 0 255 255 255 255
90.9 571.439 0 255 255 255 255
90.9 573.439 0 255 255 255 255
90.9 575.439 0 255 255 255 255
89.5609 576.1 0 255 255 255 255
87.5609 576.1 0 255 255 255 255
85.5609 576.1 0 255 255 255 255
83.7 575.961 0 255 255 255 255
83.7 573.961 0 255 255 255 255
83.7 571.961 0 255 255 255 255
83.7 569.961 0 255 255 255 255
83.7 567.961 0 255 255 255 255
83.7 565.961 0 255 255 255 255
83.7 563.961 0 255 255 255 255
83.6648 561.962 0 255 255 255 255
83.0543 560.079 0 255 255 255 255
81.4304 558.999 0 255 255 255 255
79.4518 559.05 0 255 255 255 255
77.8457 560.183 0 255 255 255 255
77.0524 562 0 255 255 255 255
76.9 563.99 0 255 255 255 255
76.9 565.99 0 255 255 255 255
76.9 567.99 0 255 255 255 255
76.9 569.99 0 255 255 255 255
76.9 571.99 0 255 255 255 255
76.9 573.99 0 255 255 255 255
76.9 575.99 0 255 255 255 255
75.01 576.1 0 255 255 255 255
73.01 576.1 0 255 255 255 255
71.01 576.1 0 255 255 255 255
69.7 575.41 0 255 255 255 255
69.7 573.41 0 255 255 255 255
69.7 571.41 0 255 255 255 255
69.7 569.41 0 255 255 255 255
69.7 567.41 0 255 255 255 255
69.7 565.41 0 255 255 255 255
69.7 563.41 0 255 255 255 255
69.5831 561.417 0 255 255 255 255
68.7 559.659 0 255 255 255 255
66.8861 558.917 0 255 255 255 255
64.9461 559.272 0 255 255 255 255
63.5589 560.674 0 255 255 255 255
62.9612 562.569 0 255 255 255 255
62.9 564.567 0 255 255 255 255
62.9 566.567 0 255 255 255 255
62.9 568.567 0 255 255 255 255
62.9 570.567 0 255 255 255 255
62.9 572.567 0 255 255 255 255
62.9 574.567 0 255 255 255 255
62.4332 576.1 0 255 255 255 255
60.4333 576.1 0 255 255 255 255
58.4332 576.1 0 255 255 255 255
56.4332 576.1 0 255 255 255 255
55.7 574.833 0 255 255 255 255
55.7 572.833 0 255 255 255 255
55.7 570.833 0 255 255 255 255
55.7 568.833 0 255 255 255 255
55.7 566.833 0 255 255 255 255
55.7 564.833 0 255 255 255 255
55.7 562.833 0 255 255 255 255
55.7 560.833 0 255 255 255 255
55.7 558.833 0 255 255 255 255
55.7 556.833 0 255 255 255 255
55.7 554.833 0 255 255 255 255
93.1 564.9 0 255 255 255 255
93.2456 562.907 0 255 255 255 255
93.6864 560.958 0 255 255 255 255
94.4344 559.105 0 255 255 255 255
95.4929 557.411 0 255 255 255 255
96.8367 555.935 0 255 255 255 255
98.4274 554.729 0 255 255 255 255
100.211 553.833 0 255 255 255 255
102.125 553.266 0 255 255 255 255
104.107 553.024 0 255 255 255 255
106.104 553.074 0 255 255 255 255
108.067 553.446 0 255 255 255 255
109.936 554.151 0 255 255 255 255
111.644 555.186 0 255 255 255 255
113.114 556.535 0 255 255 255 255
114.297 558.144 0 255 255 255 255
115.188 559.932 0 255 255 255 255
115.811 561.831 0 255 255 255 255
116.196 563.792 0 255 255 255 255
116.376 565.783 0 255 255 255 255
115.418 566.8 0 255 255 255 255
113.418 566.8 0 255 255 255 255
111.418 566.8 0 255 255 255 255
109.418 566.8 0 255 255 255 255
107.418 566.8 0 255 255 255 255
105.418 566.8 0 255 255 255 255
103.418 566.8 0 255 255 255 255
101.418 566.8 0 255 255 255 255
100.339 567.57 0 255 255 255 255
101.052 569.429 0 255 255 255 255
102.397 570.885 0 255 255 255 255
104.244 571.61 0 255 255 255 255
106.235 571.626 0 255 255 255 255
108.042 570.83 0 255 255 255 255
109.346 569.5 0 255 255 255 255
111.346 569.5 0 255 255 255 255
113.346 569.5 0 255 255 255 255
115.346 569.5 0 255 255 255 255
115.571 570.774 0 255 255 255 255
114.59 572.513 0 255 255 255 255
113.254 573.994 0 255 255 255 255
111.635 575.164 0 255 255 255 255
109.845 576.052 0 255 255 255 255
107.931 576.623 0 255 255 255 255
105.95 576.879 0 255 255 255 255
103.952 576.832 0 255 255 255 255
101.979 576.514 0 255 255 255 255
100.077 575.905 0 255 255 255 255
98.3005 574.992 0 255 255 255 255
96.715 573.777 0 255 255 255 255
95.3847 572.288 0 255 255 255 255
94.3534 570.578 0 255 255 255 255
93.6353 568.714 0 255 255 255 255
93.2259 566.759 0 255 255 255 255
109.1 562.5 0 255 255 255 255
108.594 560.573 0 255 255 255 255
107.407 558.986 0 255 255 255 255
105.606 558.171 0 255 255 255 255
103.619 558.224 0 255 255 255 255
101.855 559.119 0 255 255 255 255
100.721 560.747 0 255 255 255 255
100.367 562.5 0 255 255 255 255
102.367 562.5 0 255 255 255 255
104.367 562.5 0 255 255 255 255
106.367 562.5 0 255 255 255 255
108.367 562.5 0 255 255 255 255
118.3 568.8 0 255 255 255 255
120.3 568.8 0 255 255 255 255
122.3 568.8 0 255 255 255 255
124.3 568.8 0 255 255 255 255
125.8 569.3 0 255 255 255 255
125.8 571.3 0 255 255 255 255
125.8 573.3 0 255 255 255 255
125.8 575.3 0 255 255 255 255
124.7 576.2 0 255 255 255 255
122.7 576.2 0 255 255 255 255
120.7 576.2 0 255 255 255 255
118.7 576.2 0 255 255 255 255
118.3 574.6 0 255 255 255 255
118.3 572.6 0 255 255 255 255
118.3 570.6 0 255 255 255 255
66.6 44.6 0 255 255 255 255
64.6 44.6 0 255 255 255 255
62.6 44.6 0 255 255 255 255
60.6 44.6 0 255 255 255 255
58.6 44.6 0 255 255 255 255
56.6 44.6 0 255 255 255 255
54.6 44.6 0 255 255 255 255
52.6 44.6 0 255 255 255 255
50.6 44.6 0 255 255 255 255
48.6 44.6 0 255 255 255 255
46.6 44.6 0 255 255 255 255
44.6 44.6 0 255 255 255 255
42.6 44.6 0 255 255 255 255
40.6 44.6 0 255 255 255 255
38.6 44.6 0 255 255 255 255
36.6 44.6 0 255 255 255 255
34.6 44.6 0 255 255 255 255
32.6 44.6 0 255 255 255 255
30.6 44.6 0 255 255 255 255
28.6 44.6 0 255 255 255 255
26.6 44.6 0 255 255 255 255
24.6 44.6 0 255 255 255 255
23.8 43.4 0 255 255 255 255
23.8 41.4 0 255 255 255 255
23.8 39.4 0 255 255 255 255
23.8 37.4 0 255 255 255 255
23.8 35.4 0 255 255 255 255
23.8 33.4 0 255 255 255 255
23.8 31.4 0 255 255 255 255
23.8 29.4 0 255 255 255 255
23.8 27.4 0 255 255 255 255
23.8 25.4 0 255 255 255 255
23.8 23.4 0 255 255 255 255
23.8 21.4 0 255 255 255 255
23.8 19.4 0 255 255 255 255
23.8 17.4 0 255 255 255 255
23.8 15.4 0 255 255 255 255
24.1 13.7 0 255 255 255 255
26.1 13.7 0 255 255 255 255
28.1 13.7 0 255 255 255 255
30.1 13.7 0 255 255 255 255
32.1 13.7 0 255 255 255 255
34.1 13.7 0 255 255 255 255
36.1 13.7 0 255 255 255 255
38.1 13.7 0 255 255 255 255
40.1 13.7 0 255 255 255 255
42.1 13.7 0 255 255 255 255
44.1 13.7 0 255 255 255 255
46.1 13.7 0 255 255 255 255
48.1 13.7 0 255 255 255 255
50.1 13.7 0 255 255 255 255
52.1 13.7 0 255 255 255 255
54.1 13.7 0 255 255 255 255
56.1 13.7 0 255 255 255 255
58.1 13.7 0 255 255 255 255
60.1 13.7 0 255 255 255 255
62.1 13.7 0 255 255 255 255
64.1 13.7 0 255 255 255 255
66.1 13.7 0 255 255 255 255
68.1 13.7 0 255 255 255 255
70.1 13.7 0 255 255 255 255
72.1 13.7 0 255 255 255 255
74.1 13.7 0 255 255 255 255
76.1 13.7 0 255 255 255 255
78.1 13.7 0 255 255 255 255
80.1 13.7 0 255 255 255 255
82.1 13.7 0 255 255 255 255
84.1 13.7 0 255 255 255 255
86.1 13.7 0 255 255 255 255
88.1 13.7 0 255 255 255 255
90.1 13.7 0 255 255 255 255
92.1 13.7 0 255 255 255 255
94.1 13.7 0 255 255 255 255
96.1 13.7 0 255 255 255 255
98.1 13.7 0 255 255 255 255
100.1 13.7 0 255 255 255 255
102.1 13.7 0 255 255 255 255
104.1 13.7 0 255 255 255 255
106.1 13.7 0 255 255 255 255
108.1 13.7 0 255 255 255 255
110.1 13.7 0 255 255 255 255
112.1 13.7 0 255 255 255 255
114.1 13.7 0 255 255 255 255
116.1 13.7 0 255 255 255 255
118.1 13.7 0 255 255 255 255
120.1 13.7 0 255 255 255 255
122.1 13.7 0 255 255 255 255
124.1 13.7 0 255 255 255 255
126.1 13.7 0 255 255 255 255
128.1 13.7 0 255 255 255 255
130.1 13.7 0 255 255 255 255
132.1 13.7 0 255 255 255 255
134.1 13.7 0 255 255 255 255
136.1 13.7 0 255 255 255 255
138.1 13.7 0 255 255 255 255
140.1 13.7 0 255 255 255 255
142.1 13.7 0 255 255 255 255
144.1 13.7 0 255 255 255 255
146.1 13.7 0 255 255 255 255
146.2 15.6 0 255 255 255 255
146.2 17.6 0 255 255 255 255
146.2 19.6 0 255 255 255 255
146.2 21.6 0 255 255 255 255
146.2 23.6 0 255 255 255 255
146.2 25.6 0 255 255 255 255
146.2 27.6 0 255 255 255 255
146.2 29.6 0 255 255 255 255
146.2 31.6 0 255 255 255 255
146.2 33.6 0 255 255 255 255
146.2 35.6 0 255 255 255 255
146.2 37.6 0 255 255 255 255
146.2 39.6 0 255 255 255 255
146.2 41.6 0 255 255 255 255
146.2 43.6 0 255 255 255 255
145.2 44.6 0 255 255 255 255
143.2 44.6 0 255 255 255 255
141.2 44.6 0 255 255 255 255
139.2 44.6 0 255 255 255 255
137.2 44.6 0 255 255 255 255
135.2 44.6 0 255 255 255 255
133.2 44.6 0 255 255 255 255
131.2 44.6 0 255 255 255 255
129.2 44.6 0 255 255 255 255
127.2 44.6 0 255 255 255 255
125.2 44.6 0 255 255 255 255
123.2 44.6 0 255 255 255 255
121.2 44.6 0 255 255 255 255
119.2 44.6 0 255 255 255 255
117.2 44.6 0 255 255 255 255
115.2 44.6 0 255 255 255 255
113.2 44.6 0 255 255 255 255
111.2 44.6 0 255 255 255 255
109.2 44.6 0 255 255 255 255
107.2 44.6 0 255 255 255 255
105.2 44.6 0 255 255 255 255
103.2 44.6 0 255 255 255 255
103 46.4 0 255 255 255 255
103 48.4 0 255 255 255 255
103 50.4 0 255 255 255 255
103 52.4 0 255 255 255 255
103 54.4 0 255 255 255 255
103 56.4 0 255 255 255 255
103 58.4 0 255 255 255 255
103 60.4 0 255 255 255 255
103 62.4 0 255 255 255 255
103 64.4 0 255 255 255 255
103 66.4 0 255 255 255 255
103 68.4 0 255 255 255 255
103 70.4 0 255 255 255 255
103 72.4 0 255 255 255 255
103 74.4 0 255 255 255 255
103 76.4 0 255 255 255 255
103 78.4 0 255 255 255 255
103 80.4 0 255 255 255 255
103 82.4 0 255 255 255 255
103 84.4 0 255 255 255 255
103 86.4 0 255 255 255 255
103 88.4 0 255 255 255 255
103 90.4 0 255 255 255 255
103 92.4 0 255 255 255 255
103 94.4 0 255 255 255 255
103 96.4 0 255 255 255 255
103 98.4 0 255 255 255 255
103 100.4 0 255 255 255 255
103 102.4 0 255 255 255 255
103 104.4 0 255 255 255 255
103 106.4 0 255 255 255 255
103 108.4 0 255 255 255 255
103 110.4 0 255 255 255 255
103 112.4 0 255 255 255 255
103 114.4 0 255 255 255 255
103 116.4 0 255 255 255 255
103 118.4 0 255 255 255 255
103 120.4 0 255 255 255 255
103 122.4 0 255 255 255 255
103 124.4 0 255 255 255 255
103 126.4 0 255 255 255 255
103 128.4 0 255 255 255 255
103 130.4 0 255 255 255 255
103 132.4 0 255 255 255 255
103 134.4 0 255 255 255 255
103 136.4 0 255 255 255 255
103 138.4 0 255 255 255 255
103 140.4 0 255 255 255 255
103 142.4 0 255 255 255 255
103 144.4 0 255 255 255 255
103 146.4 0 255 255 255 255
103 148.4 0 255 255 255 255
103 150.4 0 255 255 255 255
103 152.4 0 255 255 255 255
103 154.4 0 255 255 255 255
103 156.4 0 255 255 255 255
103 158.4 0 255 255 255 255
103 160.4 0 255 255 255 255
101.4 160.8 0 255 255 255 255
99.4 160.8 0 255 255 255 255
97.4 160.8 0 255 255 255 255
95.4 160.8 0 255 255 255 255
93.4 160.8 0 255 255 255 255
91.4 160.8 0 255 255 255 255
89.3999 160.8 0 255 255 255 255
87.4 160.8 0 255 255 255 255
85.4 160.8 0 255 255 255 255
83.4 160.8 0 255 255 255 255
81.4 160.8 0 255 255 255 255
79.4 160.8 0 255 255 255 255
77.4 160.8 0 255 255 255 255
75.3999 160.8 0 255 255 255 255
73.4 160.8 0 255 255 255 255
71.4 160.8 0 255 255 255 255
69.4 160.8 0 255 255 255 255
67.4 160.8 0 255 255 255 255
66.6 159.6 0 255 255 255 255
66.6 157.6 0 255 255 255 255
66.6 155.6 0 255 255 255 255
66.6 153.6 0 255 255 255 255
66.6 151.6 0 255 255 255 255
66.6 149.6 0 255 255 255 255
66.6 147.6 0 255 255 255 255
66.6 145.6 0 255 255 255 255
66.6 143.6 0 255 255 255 255
66.6 141.6 0 255 255 255 255
66.6 139.6 0 255 255 255 255
66.6 137.6 0 255 255 255 255
66.6 135.6 0 255 255 255 255
66.6 133.6 0 255 255 255 255
66.6 131.6 0 255 255 255 255
66.6 129.6 0 255 255 255 255
66.6 127.6 0 255 255 255 255
66.6 125.6 0 255 255 255 255
66.6 123.6 0 255 255 255 255
66.6 121.6 0 255 255 255 255
66.6 119.6 0 255 255 255 255
66.6 117.6 0 255 255 255 255
66.6 115.6 0 255 255 255 255
66.6 113.6 0 255 255 255 255
66.6 111.6 0 255 255 255 255
66.6 109.6 0 255 255 255 255
66.6 107.6 0 255 255 255 255
66.6 105.6 0 255 255 255 255
66.6 103.6 0 255 255 255 255
66.6 101.6 0 255 255 255 255
66.6 99.5999 0 255 255 255 255
66.6 97.5999 0 255 255 255 255
66.6 95.6 0 255 255 255 255
66.6 93.5999 0 255 255 255 255
66.6 91.6 0 255 255 255 255
66.6 89.5999 0 255 255 255 255
66.6 87.6 0 255 255 255 255
66.6 85.5999 0 255 255 255 255
66.6 83.5999 0 255 255 255 255
66.6 81.5999 0 255 255 255 255
66.6 79.5999 0 255 255 255 255
66.6 77.6 0 255 255 255 255
66.6 75.5999 0 255 255 255 255
66.6 73.6 0 255 255 255 255
66.6 71.5999 0 255 255 255 255
66.6 69.6 0 255 255 255 255
66.6 67.5999 0 255 255 255 255
66.6 65.5999 0 255 255 255 255
66.6 63.6 0 255 255 255 255
66.6 61.5999 0 255 255 255 255
66.6 59.6 0 255 255 255 255
66.6 57.5999 0 255 255 255 255
66.6 55.5999 0 255 255 255 255
66.6 53.5999 0 255 255 255 255
66.6 51.5999 0 255 255 255 255
66.6 49.5999 0 255 255 255 255
66.6 47.5999 0 255 255 255 255
66.6 45.6 0 255 255 255 255
142.7 169.4 0 255 255 255 255
144.7 169.4 0 255 255 255 255
146.7 169.4 0 255 255 255 255
148.7 169.4 0 255 255 255 255
150.7 169.4 0 255 255 255 255
152.7 169.4 0 255 255 255 255
154.7 169.389 0 255 255 255 255
156.697 169.301 0 255 255 255 255
158.683 169.068 0 255 255 255 255
160.636 168.644 0 255 255 255 255
162.515 167.966 0 255 255 255 255
164.249 166.977 0 255 255 255 255
165.727 165.639 0 255 255 255 255
166.831 163.977 0 255 255 255 255
167.536 162.11 0 255 255 255 255
167.898 160.146 0 255 255 255 255
167.996 158.15 0 255 255 255 255
167.857 156.156 0 255 255 255 255
167.529 154.183 0 255 255 255 255
167.077 152.235 0 255 255 255 255
166.542 150.309 0 255 255 255 255
165.947 148.399 0 255 255 255 255
165.313 146.502 0 255 255 255 255
164.65 144.615 0 255 255 255 255
163.967 142.736 0 255 255 255 255
163.268 140.862 0 255 255 255 255
162.558 138.992 0 255 255 255 255
161.841 137.125 0 255 255 255 255
161.123 135.258 0 255 255 255 255
160.406 133.391 0 255 255 255 255
159.689 131.524 0 255 255 255 255
158.973 129.657 0 255 255 255 255
158.256 127.79 0 255 255 255 255
157.539 125.923 0 255 255 255 255
156.822 124.056 0 255 255 255 255
156.105 122.188 0 255 255 255 255
155.388 120.321 0 255 255 255 255
154.671 118.454 0 255 255 255 255
153.954 116.587 0 255 255 255 255
153.238 114.72 0 255 255 255 255
152.521 112.853 0 255 255 255 255
151.804 110.986 0 255 255 255 255
151.087 109.119 0 255 255 255 255
150.37 107.252 0 255 255 255 255
149.653 105.385 0 255 255 255 255
148.936 103.517 0 255 255 255 255
148.219 101.65 0 255 255 255 255
147.503 99.7833 0 255 255 255 255
146.786 97.916 0 255 255 255 255
146.069 96.0488 0 255 255 255 255
145.352 94.1819 0 255 255 255 255
144.635 92.3147 0 255 255 255 255
143.918 90.4477 0 255 255 255 255
143.201 88.5805 0 255 255 255 255
142.484 86.7133 0 255 255 255 255
141.768 84.8464 0 255 255 255 255
141.051 82.9791 0 255 255 255 255
140.334 81.1122 0 255 255 255 255
139.617 79.245 0 255 255 255 255
138.9 77.3777 0 255 255 255 255
138.183 75.5108 0 255 255 255 255
137.466 73.6436 0 255 255 255 255
136.749 71.7767 0 255 255 255 255
136.033 69.9094 0 255 255 255 255
135.316 68.0422 0 255 255 255 255
134.599 66.1753 0 255 255 255 255
133.882 64.3081 0 255 255 255 255
133.165 62.4411 0 255 255 255 255
132.448 60.5739 0 255 255 255 255
131.731 58.7067 0 255 255 255 255
131.014 56.8398 0 255 255 255 255
131.065 55.5 0 255 255 255 255
133.065 55.5 0 255 255 255 255
135.065 55.5 0 255 255 255 255
137.065 55.5 0 255 255 255 255
139.065 55.5 0 255 255 255 255
141.065 55.5 0 255 255 255 255
143.065 55.5 0 255 255 255 255
145.065 55.5 0 255 255 255 255
147.065 55.5 0 255 255 255 255
149.065 55.5 0 255 255 255 255
151.065 55.5 0 255 255 255 255
153.065 55.5 0 255 255 255 255
155.065 55.5 0 255 255 255 255
157.065 55.5 0 255 255 255 255
159.065 55.5 0 255 255 255 255
161.065 55.5 0 255 255 255 255
163.065 55.5 0 255 255 255 255
165.065 55.5 0 255 255 255 255
166.252 56.6105 0 255 255 255 255
166.856 58.517 0 255 255 255 255
167.461 60.4236 0 255 255 255 255
168.065 62.3299 0 255 255 255 255
168.669 64.2365 0 255 255 255 255
169.273 66.143 0 255 255 255 255
169.878 68.0496 0 255 255 255 255
170.482 69.9561 0 255 255 255 255
171.086 71.8627 0 255 255 255 255
171.691 73.7692 0 255 255 255 255
172.295 75.6757 0 255 255 255 255
172.899 77.5821 0 255 255 255 255
173.504 79.4887 0 255 255 255 255
174.108 81.3952 0 255 255 255 255
174.712 83.3017 0 255 255 255 255
175.316 85.2083 0 255 255 255 255
175.921 87.1148 0 255 255 255 255
176.525 89.0214 0 255 255 255 255
177.129 90.9279 0 255 255 255 255
177.734 92.8343 0 255 255 255 255
178.338 94.7408 0 255 255 255 255
178.942 96.6474 0 255 255 255 255
179.547 98.5539 0 255 255 255 255
180.151 100.461 0 255 255 255 255
180.747 102.37 0 255 255 255 255
181.324 104.284 0 255 255 255 255
181.886 106.204 0 255 255 255 255
182.434 108.127 0 255 255 255 255
182.97 110.054 0 255 255 255 255
183.495 111.984 0 255 255 255 255
184.011 113.916 0 255 255 255 255
184.518 115.851 0 255 255 255 255
185.016 117.788 0 255 255 255 255
185.507 119.727 0 255 255 255 255
185.989 121.668 0 255 255 255 255
186.463 123.611 0 255 255 255 255
187.22 124.03 0 255 255 255 255
187.644 122.075 0 255 255 255 255
188.079 120.123 0 255 255 255 255
188.526 118.174 0 255 255 255 255
188.984 116.227 0 255 255 255 255
189.452 114.282 0 255 255 255 255
189.932 112.341 0 255 255 255 255
190.426 110.403 0 255 255 255 255
190.933 108.468 0 255 255 255 255
191.457 106.538 0 255 255 255 255
191.999 104.613 0 255 255 255 255
192.562 102.694 0 255 255 255 255
193.149 100.782 0 255 255 255 255
193.74 98.8713 0 255 255 255 255
194.329 96.96 0 255 255 255 255
194.918 95.0486 0 255 255 255 255
195.506 93.1369 0 255 255 255 255
196.095 91.2256 0 255 255 255 255
196.684 89.3143 0 255 255 255 255
197.273 87.403 0 255 255 255 255
197.861 85.4916 0 255 255 255 255
198.45 83.5803 0 255 255 255 255
199.039 81.669 0 255 255 255 255
199.628 79.7573 0 255 255 255 255
200.217 77.846 0 255 255 255 255
200.805 75.9347 0 255 255 255 255
201.394 74.0233 0 255 255 255 255
201.983 72.112 0 255 255 255 255
202.572 70.2007 0 255 255 255 255
203.16 68.2893 0 255 255 255 255
203.749 66.378 0 255 255 255 255
204.338 64.4663 0 255 255 255 255
204.927 62.555 0 255 255 255 255
205.516 60.6437 0 255 255 255 255
206.104 58.7324 0 255 255 255 255
206.693 56.821 0 255 255 255 255
207.718 55.5 0 255 255 255 255
209.718 55.5 0 255 255 255 255
211.718 55.5 0 255 255 255 255
213.718 55.5 0 255 255 255 255
215.718 55.5 0 255 255 255 255
217.718 55.5 0 255 255 255 255
219.718 55.5 0 255 255 255 255
221.718 55.5 0 255 255 255 255
223.718 55.5 0 255 255 255 255
225.718 55.5 0 255 255 255 255
227.718 55.5 0 255 255 255 255
229.718 55.5 0 255 255 255 255
231.718 55.5 0 255 255 255 255
233.718 55.5 0 255 255 255 255
235.718 55.5 0 255 255 255 255
237.718 55.5 0 255 255 255 255
239.718 55.5 0 255 255 255 255
240.24 56.5576 0 255 255 255 255
239.594 58.4513 0 255 255 255 255
238.949 60.3441 0 255 255 255 255
238.304 62.2369 0 255 255 255 255
237.658 64.1306 0 255 255 255 255
237.013 66.0234 0 255 255 255 255
236.368 67.9162 0 255 255 255 255
235.723 69.8098 0 255 255 255 255
235.078 71.7027 0 255 255 255 255
234.433 73.5955 0 255 255 255 255
233.787 75.4883 0 255 255 255 255
233.142 77.382 0 255 255 255 255
232.497 79.2748 0 255 255 255 255
231.852 81.1676 0 255 255 255 255
231.206 83.0612 0 255 255 255 255
230.561 84.9541 0 255 255 255 255
229.916 86.8469 0 255 255 255 255
229.271 88.7405 0 255 255 255 255
228.626 90.6334 0 255 255 255 255
227.981 92.5262 0 255 255 255 255
227.335 94.419 0 255 255 255 255
226.69 96.3127 0 255 255 255 255
226.045 98.2055 0 255 255 255 255
225.4 100.098 0 255 255 255 255
224.754 101.992 0 255 255 255 255
224.109 103.885 0 255 255 255 255
223.464 105.778 0 255 255 255 255
222.819 107.671 0 255 255 255 255
222.174 109.564 0 255 255 255 255
221.529 111.457 0 255 255 255 255
220.883 113.35 0 255 255 255 255
220.238 115.243 0 255 255 255 255
219.593 117.136 0 255 255 255 255
218.948 119.029 0 255 255 255 255
218.302 120.923 0 255 255 255 255
217.657 122.815 0 255 255 255 255
217.012 124.708 0 255 255 255 255
216.367 126.601 0 255 255 255 255
215.722 128.495 0 255 255 255 255
215.077 130.388 0 255 255 255 255
214.431 132.28 0 255 255 255 255
213.786 134.174 0 255 255 255 255
213.141 136.067 0 255 255 255 255
212.496 137.96 0 255 255 255 255
211.85 139.853 0 255 255 255 255
211.205 141.746 0 255 255 255 255
210.56 143.639 0 255 255 255 255
209.915 145.532 0 255 255 255 255
209.27 147.425 0 255 255 255 255
208.624 149.318 0 255 255 255 255
207.979 151.211 0 255 255 255 255
207.334 153.105 0 255 255 255 255
206.689 154.998 0 255 255 255 255
206.044 156.89 0 255 255 255 255
205.398 158.784 0 255 255 255 255
204.753 160.677 0 255 255 255 255
204.104 162.569 0 255 255 255 255
203.433 164.453 0 255 255 255 255
202.754 166.333 0 255 255 255 255
202.022 168.195 0 255 255 255 255
201.272 170.049 0 255 255 255 255
200.47 171.881 0 255 255 255 255
199.63 173.695 0 255 255 255 255
198.748 175.49 0 255 255 255 255
197.792 177.247 0 255 255 255 255
196.797 178.981 0 255 255 255 255
195.724 180.669 0 255 255 255 255
194.571 182.302 0 255 255 255 255
193.354 183.888 0 255 255 255 255
192.058 185.41 0 255 255 255 255
190.65 186.83 0 255 255 255 255
189.163 188.165 0 255 255 255 255
187.595 189.405 0 255 255 255 255
185.949 190.539 0 255 255 255 255
184.213 191.533 0 255 255 255 255
182.412 192.399 0 255 255 255 255
180.561 193.151 0 255 255 255 255
178.668 193.795 0 255 255 255 255
176.739 194.322 0 255 255 255 255
174.78 194.725 0 255 255 255 255
172.808 195.049 0 255 255 255 255
170.825 195.306 0 255 255 255 255
168.83 195.45 0 255 255 255 255
166.833 195.548 0 255 255 255 255
164.833 195.593 0 255 255 255 255
162.833 195.6 0 255 255 255 255
160.833 195.6 0 255 255 255 255
158.833 195.6 0 255 255 255 255
156.833 195.6 0 255 255 255 255
154.833 195.6 0 255 255 255 255
152.833 195.6 0 255 255 255 255
150.833 195.6 0 255 255 255 255
148.833 195.6 0 255 255 255 255
146.833 195.6 0 255 255 255 255
144.833 195.6 0 255 255 255 255
142.833 195.6 0 255 255 255 255
142.7 193.733 0 255 255 255 255
142.7 191.733 0 255 255 255 255
142.7 189.733 0 255 255 255 255
142.7 187.733 0 255 255 255 255
142.7 185.733 0 255 255 255 255
142.7 183.733 0 255 255 255 255
142.7 181.733 0 255 255 255 255
142.7 179.733 0 255 255 255 255
142.7 177.733 0 255 255 255 255
142.7 175.733 0 255 255 255 255
142.7 173.733 0 255 255 255 255
142.7 171.733 0 255 255 255 255
142.7 169.733 0 255 255 255 255
248 55.5 0 255 255 255 255
250 55.5 0 255 255 255 255
252 55.5 0 255 255 255 255
254 55.5 0 255 255 255 255
256 55.5 0 255 255 255 255
258 55.5 0 255 255 255 255
260 55.5 0 255 255 255 255
262 55.5 0 255 255 255 255
264 55.5 0 255 255 255 255
266 55.5 0 255 255 255 255
268 55.5 0 255 255 255 255
270 55.5 0 255 255 255 255
272 55.5 0 255 255 255 255
274 55.5 0 255 255 255 255
276 55.5 0 255 255 255 255
278 55.5 0 255 255 255 255
280 55.5 0 255 255 255 255
280.1 57.4 0 255 255 255 255
280.1 59.4 0 255 255 255 255
280.1 61.4 0 255 255 255 255
280.1 63.4 0 255 255 255 255
280.1 65.4 0 255 255 255 255
280.1 67.4 0 255 255 255 255
281.01 67.9076 0 255 255 255 255
282.269 66.3538 0 255 255 255 255
283.594 64.8569 0 255 255 255 255
284.988 63.4227 0 255 255 255 255
286.448 62.057 0 255 255 255 255
287.975 60.766 0 255 255 255 255
289.566 59.5555 0 255 255 255 255
291.22 58.431 0 255 255 255 255
292.932 57.3977 0 255 255 255 255
294.698 56.4598 0 255 255 255 255
296.513 55.6209 0 255 255 255 255
298.373 54.8869 0 255 255 255 255
300.271 54.2543 0 255 255 255 255
302.198 53.7225 0 255 255 255 255
304.151 53.2899 0 255 255 255 255
306.122 52.9541 0 255 255 255 255
308.108 52.7154 0 255 255 255 255
310.103 52.5701 0 255 255 255 255
312.102 52.5116 0 255 255 255 255
314.1 52.5686 0 255 255 255 255
316.098 52.6599 0 255 255 255 255
318.086 52.861 0 255 255 255 255
320.066 53.1402 0 255 255 255 255
322.028 53.5138 0 255 255 255 255
323.972 53.9843 0 255 255 255 255
325.89 54.5429 0 255 255 255 255
327.778 55.2037 0 255 255 255 255
329.63 55.9528 0 255 255 255 255
331.442 56.7988 0 255 255 255 255
333.206 57.7364 0 255 255 255 255
334.925 58.7582 0 255 255 255 255
336.581 59.8748 0 255 255 255 255
338.192 61.0599 0 255 255 255 255
339.726 62.3402 0 255 255 255 255
341.217 63.6734 0 255 255 255 255
342.618 65.0981 0 255 255 255 255
343.98 66.5629 0 255 255 255 255
345.243 68.1112 0 255 255 255 255
346.47 69.6905 0 255 255 255 255
347.596 71.3419 0 255 255 255 255
348.686 73.019 0 255 255 255 255
349.678 74.7541 0 255 255 255 255
350.629 76.5134 0 255 255 255 255
351.494 78.3155 0 255 255 255 255
352.308 80.1423 0 255 255 255 255
353.052 81.997 0 255 255 255 255
353.732 83.8782 0 255 255 255 255
354.365 85.7739 0 255 255 255 255
354.913 87.6976 0 255 255 255 255
355.445 89.625 0 255 255 255 255
355.864 91.5806 0 255 255 255 255
356.283 93.5362 0 255 255 255 255
356.598 95.5106 0 255 255 255 255
356.893 97.4888 0 255 255 255 255
357.128 99.474 0 255 255 255 255
357.302 101.466 0 255 255 255 255
357.465 103.46 0 255 255 255 255
357.522 105.459 0 255 255 255 255
357.579 107.458 0 255 255 255 255
357.564 109.457 0 255 255 255 255
357.507 111.456 0 255 255 255 255
357.45 113.455 0 255 255 255 255
357.276 115.448 0 255 255 255 255
357.1 117.44 0 255 255 255 255
356.87 119.426 0 255 255 255 255
356.57 121.403 0 255 255 255 255
356.27 123.381 0 255 255 255 255
355.842 125.334 0 255 255 255 255
355.413 127.288 0 255 255 255 255
354.9 129.219 0 255 255 255 255
354.336 131.138 0 255 255 255 255
353.725 133.042 0 255 255 255 255
353.022 134.914 0 255 255 255 255
352.302 136.779 0 255 255 255 255
351.457 138.592 0 255 255 255 255
350.613 140.405 0 255 255 255 255
349.627 142.145 0 255 255 255 255
348.639 143.884 0 255 255 255 255
347.523 145.543 0 255 255 255 255
346.391 147.192 0 255 255 255 255
345.138 148.749 0 255 255 255 255
343.866 150.293 0 255 255 255 255
342.476 151.73 0 255 255 255 255
341.069 153.151 0 255 255 255 255
339.547 154.447 0 255 255 255 255
338.013 155.73 0 255 255 255 255
336.367 156.866 0 255 255 255 255
334.714 157.991 0 255 255 255 255
332.964 158.959 0 255 255 255 255
331.205 159.909 0 255 255 255 255
329.369 160.704 0 255 255 255 255
327.524 161.472 0 255 255 255 255
325.621 162.088 0 255 255 255 255
323.71 162.675 0 255 255 255 255
321.759 163.111 0 255 255 255 255
319.802 163.522 0 255 255 255 255
317.819 163.78 0 255 255 255 255
315.835 164.026 0 255 255 255 255
313.837 164.11 0 255 255 255 255
311.838 164.194 0 255 255 255 255
309.839 164.161 0 255 255 255 255
307.842 164.045 0 255 255 255 255
305.853 163.843 0 255 255 255 255
303.875 163.549 0 255 255 255 255
301.914 163.158 0 255 255 255 255
299.975 162.666 0 255 255 255 255
298.069 162.061 0 255 255 255 255
296.201 161.348 0 255 255 255 255
294.379 160.526 0 255 255 255 255
292.609 159.596 0 255 255 255 255
290.899 158.56 0 255 255 255 255
289.254 157.423 0 255 255 255 255
287.683 156.187 0 255 255 255 255
286.194 154.852 0 255 255 255 255
284.783 153.435 0 255 255 255 255
283.451 151.944 0 255 255 255 255
282.199 150.385 0 255 255 255 255
281.5 151.113 0 255 255 255 255
281.5 153.113 0 255 255 255 255
281.5 155.113 0 255 255 255 255
281.5 157.113 0 255 255 255 255
281.5 159.113 0 255 255 255 255
281.5 161.113 0 255 255 255 255
281.5 163.113 0 255 255 255 255
281.5 165.113 0 255 255 255 255
281.5 167.113 0 255 255 255 255
281.5 169.113 0 255 255 255 255
281.5 171.113 0 255 255 255 255
281.5 173.113 0 255 255 255 255
281.5 175.113 0 255 255 255 255
281.5 177.113 0 255 255 255 255
281.5 179.113 0 255 255 255 255
281.5 181.113 0 255 255 255 255
281.5 183.113 0 255 255 255 255
281.5 185.113 0 255 255 255 255
281.5 187.113 0 255 255 255 255
281.5 189.113 0 255 255 255 255
281.5 191.113 0 255 255 255 255
281.5 193.113 0 255 255 255 255
281.5 195.113 0 255 255 255 255
280.087 195.7 0 255 255 255 255
278.087 195.7 0 255 255 255 255
276.087 195.7 0 255 255 255 255
274.087 195.7 0 255 255 255 255
272.087 195.7 0 255 255 255 255
270.087 195.7 0 255 255 255 255
268.087 195.7 0 255 255 255 255
266.087 195.7 0 255 255 255 255
264.087 195.7 0 255 255 255 255
262.087 195.7 0 255 255 255 255
260.087 195.7 0 255 255 255 255
258.087 195.7 0 255 255 255 255
256.087 195.7 0 255 255 255 255
254.087 195.7 0 255 255 255 255
252.087 195.7 0 255 255 255 255
250.087 195.7 0 255 255 255 255
248.087 195.7 0 255 255 255 255
248 193.787 0 255 255 255 255
248 191.787 0 255 255 255 255
248 189.787 0 255 255 255 255
248 187.787 0 255 255 255 255
248 185.788 0 255 255 255 255
248 183.787 0 255 255 255 255
248 181.787 0 255 255 255 255
248 179.787 0 255 255 255 255
248 177.787 0 255 255 255 255
248 175.788 0 255 255 255 255
248 173.787 0 255 255 255 255
248 171.787 0 255 255 255 255
248 169.787 0 255 255 255 255
248 167.788 0 255 255 255 255
248 165.788 0 255 255 255 255
248 163.787 0 255 255 255 255
248 161.787 0 255 255 255 255
248 159.787 0 255 255 255 255
248 157.788 0 255 255 255 255
248 155.787 0 255 255 255 255
248 153.787 0 255 255 255 255
248 151.787 0 255 255 255 255
248 149.787 0 255 255 255 255
248 147.788 0 255 255 255 255
248 145.787 0 255 255 255 255
248 143.787 0 255 255 255 255
248 141.787 0 255 255 255 255
248 139.788 0 255 255 255 255
248 137.788 0 255 255 255 255
248 135.787 0 255 255 255 255
248 133.787 0 255 255 255 255
248 131.787 0 255 255 255 255
248 129.788 0 255 255 255 255
248 127.787 0 255 255 255 255
248 125.787 0 255 255 255 255
248 123.787 0 255 255 255 255
248 121.787 0 255 255 255 255
248 119.788 0 255 255 255 255
248 117.787 0 255 255 255 255
248 115.787 0 255 255 255 255
248 113.787 0 255 255 255 255
248 111.788 0 255 255 255 255
248 109.788 0 255 255 255 255
248 107.787 0 255 255 255 255
248 105.787 0 255 255 255 255
248 103.787 0 255 255 255 255
248 101.788 0 255 255 255 255
248 99.7874 0 255 255 255 255
248 97.7872 0 255 255 255 255
248 95.787 0 255 255 255 255
248 93.7867 0 255 255 255 255
248 91.7876 0 255 255 255 255
248 89.7874 0 255 255 255 255
248 87.7871 0 255 255 255 255
248 85.7869 0 255 255 255 255
248 83.7877 0 255 255 255 255
248 81.7875 0 255 255 255 255
248 79.7873 0 255 255 255 255
248 77.787 0 255 255 255 255
248 75.7868 0 255 255 255 255
248 73.7877 0 255 255 255 255
248 71.7874 0 255 255 255 255
248 69.7872 0 255 255 255 255
248 67.787 0 255 255 255 255
248 65.7867 0 255 255 255 255
248 63.7876 0 255 255 255 255
248 61.7873 0 255 255 255 255
248 59.7871 0 255 255 255 255
248 57.7869 0 255 255 255 255
248 55.7877 0 255 255 255 255
323.7 109.4 0 255 255 255 255
323.66 107.4 0 255 255 255 255
323.568 105.403 0 255 255 255 255
323.419 103.409 0 255 255 255 255
323.2 101.421 0 255 255 255 255
322.886 99.446 0 255 255 255 255
322.489 97.4863 0 255 255 255 255
322 95.548 0 255 255 255 255
321.407 93.639 0 255 255 255 255
320.697 91.7703 0 255 255 255 255
319.858 89.9562 0 255 255 255 255
318.875 88.2151 0 255 255 255 255
317.741 86.5696 0 255 255 255 255
316.448 85.0453 0 255 255 255 255
314.999 83.6697 0 255 255 255 255
313.403 82.4684 0 255 255 255 255
311.678 81.4617 0 255 255 255 255
309.849 80.6614 0 255 255 255 255
307.941 80.0687 0 255 255 255 255
305.983 79.6755 0 255 255 255 255
303.996 79.4664 0 255 255 255 255
301.998 79.4239 0 255 255 255 255
300.003 79.544 0 255 255 255 255
298.026 79.848 0 255 255 255 255
296.091 80.3493 0 255 255 255 255
294.219 81.0542 0 255 255 255 255
292.436 81.9607 0 255 255 255 255
290.765 83.0577 0 255 255 255 255
289.221 84.3278 0 255 255 255 255
287.814 85.7489 0 255 255 255 255
286.55 87.2978 0 255 255 255 255
285.426 88.9518 0 255 255 255 255
284.44 90.692 0 255 255 255 255
283.591 92.5026 0 255 255 255 255
282.864 94.3653 0 255 255 255 255
282.25 96.268 0 255 255 255 255
281.74 98.201 0 255 255 255 255
281.325 100.157 0 255 255 255 255
280.998 102.129 0 255 255 255 255
280.753 104.114 0 255 255 255 255
280.607 106.109 0 255 255 255 255
280.53 108.107 0 255 255 255 255
280.518 110.106 0 255 255 255 255
280.573 112.105 0 255 255 255 255
280.731 114.099 0 255 255 255 255
280.975 116.084 0 255 255 255 255
281.308 118.055 0 255 255 255 255
281.738 120.007 0 255 255 255 255
282.274 121.933 0 255 255 255 255
282.925 123.824 0 255 255 255 255
283.706 125.665 0 255 255 255 255
284.622 127.443 0 255 255 255 255
285.673 129.143 0 255 255 255 255
286.864 130.749 0 255 255 255 255
288.196 132.24 0 255 255 255 255
289.665 133.596 0 255 255 255 255
291.264 134.796 0 255 255 255 255
292.979 135.823 0 255 255 255 255
294.792 136.667 0 255 255 255 255
296.682 137.32 0 255 255 255 255
298.627 137.784 0 255 255 255 255
300.607 138.066 0 255 255 255 255
302.602 138.178 0 255 255 255 255
304.6 138.132 0 255 255 255 255
306.585 137.897 0 255 255 255 255
308.535 137.46 0 255 255 255 255
310.426 136.811 0 255 255 255 255
312.224 135.939 0 255 255 255 255
313.905 134.858 0 255 255 255 255
315.453 133.594 0 255 255 255 255
316.854 132.17 0 255 255 255 255
318.103 130.611 0 255 255 255 255
319.202 128.942 0 255 255 255 255
320.155 127.186 0 255 255 255 255
320.972 125.361 0 255 255 255 255
321.662 123.486 0 255 255 255 255
322.238 121.571 0 255 255 255 255
322.709 119.628 0 255 255 255 255
323.069 117.66 0 255 255 255 255
323.336 115.679 0 255 255 255 255
323.526 113.688 0 255 255 255 255
323.647 111.692 0 255 255 255 255
323.693 109.693 0 255 255 255 255
360.1 107.9 0 255 255 255 255
360.174 105.901 0 255 255 255 255
360.247 103.903 0 255 255 255 255
360.403 101.91 0 255 255 255 255
360.626 99.9227 0 255 255 255 255
360.871 97.9385 0 255 255 255 255
361.246 95.974 0 255 255 255 255
361.621 94.0094 0 255 255 255 255
362.117 92.0729 0 255 255 255 255
362.644 90.1436 0 255 255 255 255
363.246 88.2378 0 255 255 255 255
363.925 86.3566 0 255 255 255 255
364.637 84.4888 0 255 255 255 255
365.466 82.6687 0 255 255 255 255
366.295 80.8486 0 255 255 255 255
367.268 79.1017 0 255 255 255 255
368.244 77.3559 0 255 255 255 255
369.33 75.678 0 255 255 255 255
370.448 74.0197 0 255 255 255 255
371.646 72.4202 0 255 255 255 255
372.9 70.8625 0 255 255 255 255
374.207 69.3508 0 255 255 255 255
375.59 67.9061 0 255 255 255 255
377.001 66.4907 0 255 255 255 255
378.504 65.1706 0 255 255 255 255
380.013 63.859 0 255 255 255 255
381.624 62.6744 0 255 255 255 255
383.236 61.4897 0 255 255 255 255
384.933 60.4323 0 255 255 255 255
386.641 59.3922 0 255 255 255 255
388.406 58.4559 0 255 255 255 255
390.198 57.5682 0 255 255 255 255
392.023 56.7526 0 255 255 255 255
393.885 56.0231 0 255 255 255 255
395.758 55.3254 0 255 255 255 255
397.676 54.7579 0 255 255 255 255
399.593 54.1903 0 255 255 255 255
401.548 53.7691 0 255 255 255 255
403.507 53.3653 0 255 255 255 255
405.48 53.0494 0 255 255 255 255
407.465 52.8091 0 255 255 255 255
409.452 52.5877 0 255 255 255 255
411.451 52.5087 0 255 255 255 255
413.449 52.4297 0 255 255 255 255
415.449 52.4216 0 255 255 255 255
417.447 52.4881 0 255 255 255 255
419.443 52.6153 0 255 255 255 255
421.434 52.806 0 255 255 255 255
423.417 53.0627 0 255 255 255 255
425.39 53.3885 0 255 255 255 255
427.35 53.7894 0 255 255 255 255
429.293 54.2616 0 255 255 255 255
431.217 54.8064 0 255 255 255 255
433.119 55.4252 0 255 255 255 255
434.995 56.1183 0 255 255 255 255
436.841 56.8862 0 255 255 255 255
438.655 57.7284 0 255 255 255 255
440.432 58.6442 0 255 255 255 255
442.171 59.6323 0 255 255 255 255
443.867 60.6911 0 255 255 255 255
445.519 61.8185 0 255 255 255 255
447.124 63.012 0 255 255 255 255
448.68 64.2689 0 255 255 255 255
450.184 65.5862 0 255 255 255 255
451.618 66.9811 0 255 255 255 255
452.998 68.4277 0 255 255 255 255
454.324 69.924 0 255 255 255 255
455.592 71.4708 0 255 255 255 255
456.778 73.0807 0 255 255 255 255
457.909 74.7293 0 255 255 255 255
458.986 76.4142 0 255 255 255 255
459.995 78.1408 0 255 255 255 255
460.932 79.9075 0 255 255 255 255
461.817 81.7004 0 255 255 255 255
462.652 83.5177 0 255 255 255 255
463.405 85.3706 0 255 255 255 255
464.108 87.2422 0 255 255 255 255
464.767 89.1304 0 255 255 255 255
465.356 91.0419 0 255 255 255 255
465.892 92.9683 0 255 255 255 255
466.389 94.9053 0 255 255 255 255
466.821 96.8582 0 255 255 255 255
467.205 98.8206 0 255 255 255 255
467.555 100.79 0 255 255 255 255
467.839 102.769 0 255 255 255 255
468.086 104.754 0 255 255 255 255
468.299 106.742 0 255 255 255 255
468.448 108.737 0 255 255 255 255
468.573 110.732 0 255 255 255 255
468.651 112.731 0 255 255 255 255
468.687 114.73 0 255 255 255 255
468.7 116.73 0 255 255 255 255
466.77 116.8 0 255 255 255 255
464.77 116.8 0 255 255 255 255
462.77 116.8 0 255 255 255 255
460.77 116.8 0 255 255 255 255
458.77 116.8 0 255 255 255 255
456.77 116.8 0 255 255 255 255
454.77 116.8 0 255 255 255 255
452.77 116.8 0 255 255 255 255
450.77 116.8 0 255 255 255 255
448.77 116.8 0 255 255 255 255
446.77 116.8 0 255 255 255 255
444.77 116.8 0 255 255 255 255
442.77 116.8 0 255 255 255 255
440.77 116.8 0 255 255 255 255
438.77 116.8 0 255 255 255 255
436.77 116.8 0 255 255 255 255
434.77 116.8 0 255 255 255 255
432.77 116.8 0 255 255 255 255
430.77 116.8 0 255 255 255 255
428.77 116.8 0 255 255 255 255
426.77 116.8 0 255 255 255 255
424.77 116.8 0 255 255 255 255
422.77 116.8 0 255 255 255 255
420.77 116.8 0 255 255 255 255
418.77 116.8 0 255 255 255 255
416.77 116.8 0 255 255 255 255
414.77 116.8 0 255 255 255 255
412.77 116.8 0 255 255 255 255
410.77 116.8 0 255 255 255 255
408.77 116.8 0 255 255 255 255
406.77 116.8 0 255 255 255 255
404.77 116.8 0 255 255 255 255
402.77 116.8 0 255 255 255 255
400.77 116.8 0 255 255 255 255
398.77 116.8 0 255 255 255 255
396.77 116.8 0 255 255 255 255
394.77 116.8 0 255 255 255 255
393.039 117.027 0 255 255 255 255
393.379 118.998 0 255 255 255 255
393.819 120.949 0 255 255 255 255
394.356 122.875 0 255 255 255 255
395 124.768 0 255 255 255 255
395.76 126.618 0 255 255 255 255
396.644 128.411 0 255 255 255 255
397.662 130.133 0 255 255 255 255
398.828 131.757 0 255 255 255 255
400.136 133.268 0 255 255 255 255
401.581 134.648 0 255 255 255 255
403.155 135.879 0 255 255 255 255
404.844 136.946 0 255 255 255 255
406.631 137.841 0 255 255 255 255
408.496 138.559 0 255 255 255 255
410.42 139.104 0 255 255 255 255
412.383 139.482 0 255 255 255 255
414.37 139.706 0 255 255 255 255
416.368 139.789 0 255 255 255 255
418.366 139.746 0 255 255 255 255
420.356 139.549 0 255 255 255 255
422.321 139.182 0 255 255 255 255
424.243 138.633 0 255 255 255 255
426.093 137.876 0 255 255 255 255
427.84 136.905 0 255 255 255 255
429.454 135.727 0 255 255 255 255
430.907 134.357 0 255 255 255 255
432.182 132.818 0 255 255 255 255
433.27 131.142 0 255 255 255 255
434.173 129.358 0 255 255 255 255
436.136 129.3 0 255 255 255 255
438.136 129.3 0 255 255 255 255
440.136 129.3 0 255 255 255 255
442.136 129.3 0 255 255 255 255
444.136 129.3 0 255 255 255 255
446.136 129.3 0 255 255 255 255
448.136 129.3 0 255 255 255 255
450.136 129.3 0 255 255 255 255
452.136 129.3 0 255 255 255 255
454.136 129.3 0 255 255 255 255
456.136 129.3 0 255 255 255 255
458.136 129.3 0 255 255 255 255
460.136 129.3 0 255 255 255 255
462.136 129.3 0 255 255 255 255
464.136 129.3 0 255 255 255 255
466.136 129.3 0 255 255 255 255
466.585 130.495 0 255 255 255 255
466.003 132.408 0 255 255 255 255
465.317 134.287 0 255 255 255 255
464.541 136.129 0 255 255 255 255
463.678 137.933 0 255 255 255 255
462.723 139.69 0 255 255 255 255
461.682 141.398 0 255 255 255 255
460.565 143.056 0 255 255 255 255
459.374 144.662 0 255 255 255 255
458.11 146.213 0 255 255 255 255
456.772 147.699 0 255 255 255 255
455.371 149.126 0 255 255 255 255
453.91 150.491 0 255 255 255 255
452.392 151.793 0 255 255 255 255
450.821 153.03 0 255 255 255 255
449.2 154.2 0 255 255 255 255
447.541 155.317 0 255 255 255 255
445.841 156.371 0 255 255 255 255
444.102 157.358 0 255 255 255 255
442.326 158.278 0 255 255 255 255
440.516 159.128 0 255 255 255 255
438.674 159.907 0 255 255 255 255
436.801 160.608 0 255 255 255 255
434.903 161.238 0 255 255 255 255
432.983 161.796 0 255 255 255 255
431.044 162.285 0 255 255 255 255
429.089 162.705 0 255 255 255 255
427.12 163.058 0 255 255 255 255
425.141 163.345 0 255 255 255 255
423.154 163.57 0 255 255 255 255
421.161 163.733 0 255 255 255 255
419.164 163.839 0 255 255 255 255
417.165 163.888 0 255 255 255 255
415.166 163.858 0 255 255 255 255
413.167 163.785 0 255 255 255 255
411.168 163.711 0 255 255 255 255
409.18 163.505 0 255 255 255 255
407.193 163.28 0 255 255 255 255
405.212 163.01 0 255 255 255 255
403.249 162.628 0 255 255 255 255
401.286 162.246 0 255 255 255 255
399.352 161.74 0 255 255 255 255
397.427 161.199 0 255 255 255 255
395.52 160.601 0 255 255 255 255
393.647 159.899 0 255 255 255 255
391.774 159.197 0 255 255 255 255
389.969 158.337 0 255 255 255 255
388.164 157.476 0 255 255 255 255
386.415 156.508 0 255 255 255 255
384.693 155.492 0 255 255 255 255
383.011 154.412 0 255 255 255 255
381.386 153.246 0 255 255 255 255
379.782 152.054 0 255 255 255 255
378.268 150.748 0 255 255 255 255
376.754 149.441 0 255 255 255 255
375.359 148.008 0 255 255 255 255
373.967 146.571 0 255 255 255 255
372.679 145.044 0 255 255 255 255
371.419 143.49 0 255 255 255 255
370.241 141.876 0 255 255 255 255
369.123 140.218 0 255 255 255 255
368.058 138.527 0 255 255 255 255
367.087 136.779 0 255 255 255 255
366.136 135.02 0 255 255 255 255
365.315 133.197 0 255 255 255 255
364.493 131.373 0 255 255 255 255
363.807 129.495 0 255 255 255 255
363.138 127.61 0 255 255 255 255
362.56 125.697 0 255 255 255 255
362.044 123.765 0 255 255 255 255
361.569 121.823 0 255 255 255 255
361.204 119.857 0 255 255 255 255
360.838 117.891 0 255 255 255 255
360.607 115.905 0 255 255 255 255
360.391 113.916 0 255 255 255 255
360.243 111.923 0 255 255 255 255
360.172 109.924 0 255 255 255 255
360.101 107.926 0 255 255 255 255
434.8 96.8 0 255 255 255 255
434.546 94.8162 0 255 255 255 255
434.164 92.8534 0 255 255 255 255
433.646 90.9223 0 255 255 255 255
432.986 89.0353 0 255 255 255 255
432.179 87.2068 0 255 255 255 255
431.221 85.4527 0 255 255 255 255
430.111 83.7902 0 255 255 255 255
428.839 82.2488 0 255 255 255 255
427.409 80.8522 0 255 255 255 255
425.845 79.609 0 255 255 255 255
424.159 78.5353 0 255 255 255 255
422.355 77.6748 0 255 255 255 255
420.47 77.0118 0 255 255 255 255
418.527 76.545 0 255 255 255 255
416.547 76.273 0 255 255 255 255
414.549 76.2084 0 255 255 255 255
412.551 76.2953 0 255 255 255 255
410.567 76.5348 0 255 255 255 255
408.61 76.9431 0 255 255 255 255
406.701 77.5335 0 255 255 255 255
404.862 78.3141 0 255 255 255 255
403.116 79.2861 0 255 255 255 255
401.507 80.4728 0 255 255 255 255
400.037 81.8255 0 255 255 255 255
398.713 83.3228 0 255 255 255 255
397.542 84.9427 0 255 255 255 255
396.537 86.6709 0 255 255 255 255
395.668 88.4713 0 255 255 255 255
394.925 90.3273 0 255 255 255 255
394.297 92.2254 0 255 255 255 255
393.773 94.1549 0 255 255 255 255
393.341 96.1074 0 255 255 255 255
394.493 96.8 0 255 255 255 255
396.493 96.8 0 255 255 255 255
398.493 96.8 0 255 255 255 255
400.493 96.8 0 255 255 255 255
402.493 96.8 0 255 255 255 255
404.493 96.8 0 255 255 255 255
406.493 96.8 0 255 255 255 255
408.493 96.8 0 255 255 255 255
410.493 96.8 0 255 255 255 255
412.493 96.8 0 255 255 255 255
414.493 96.8 0 255 255 255 255
416.493 96.8 0 255 255 255 255
418.493 96.8 0 255 255 255 255
420.493 96.8 0 255 255 255 255
422.493 96.8 0 255 255 255 255
424.493 96.8 0 255 255 255 255
426.493 96.8 0 255 255 255 255
428.493 96.8 0 255 255 255 255
430.493 96.8 0 255 255 255 255
432.493 96.8 0 255 255 255 255
434.493 96.8 0 255 255 255 255
3 0 1 2
3 3 4 5
3 6 7 8
3 9 10 11
3 12 13 14
3 15 16 17
3 18 19 20
3 21 22 23
3 24 25 26
3 27 28 29
3 30 31 32
3 33 34 35
3 36 37 38
3 39 40 41
3 42 43 44
3 45 46 47
3 48 49 50
3 51 52 53
3 54 55 56
3 57 58 59
3 60 61 62
3 63 64 65
3 66 67 68
3 69 70 71
3 72 73 74
3 75 76 77
3 78 79 80
3 81 82 83
3 84 85 86
3 87 88 89
3 90 91 92
3 93 94 95
3 96 97 98
3 99 100 101
3 102 103 104
3 105 106 107
3 108 109 110
3 111 112 113
3 114 115 116
3 117 118 119
3 120 121 122
3 123 124 125
3 126 127 128
3 129 130 131
3 132 133 134
3 135 136 137
3 138 139 140
3 141 142 143
3 144 145 146
3 147 148 149
3 150 151 152
3 153 154 155
3 156 157 158
3 159 160 161
3 162 163 164
3 165 166 167
3 168 169 170
3 171 172 173
3 174 175 176
3 177 178 179
3 180 181 182
3 183 184 185
3 186 187 188
3 189 190 191
3 192 193 194
3 195 196 197
3 198 199 200
3 201 202 203
3 204 205 206
3 207 208 209
3 210 211 212
3 213 214 215
3 216 217 218
3 219 220 221
3 222 223 224
3 225 226 227
3 228 229 230
3 231 232 233
3 234 235 236
3 237 238 239
3 240 241 242
3 243 244 245
3 246 247 248
3 249 250 251
3 252 253 254
3 255 256 257
3 258 259 260
3 261 262 263
3 264 265 266
3 267 268 269
3 270 271 272
3 273 274 275
3 276 277 278
3 279 280 281
3 282 283 284
3 285 286 287
3 288 289 290
3 291 292 293
3 294 295 296
3 297 298 299
3 300 301 302
3 303 304 305
3 306 307 308
3 309 310 311
3 312 313 314
3 315 316 317
3 318 319 320
3 321 322 323
3 324 325 326
3 327 328 329
3 330 331 332
3 333 334 335
3 336 337 338
3 339 340 341
3 342 343 344
3 345 346 347
3 348 349 350
3 351 352 353
3 354 355 356
3 357 358 359
3 360 361 362
3 363 364 365
3 366 367 368
3 369 370 371
3 372 373 374
3 375 376 377
3 378 379 380
3 381 382 383
3 384 385 386
3 387 388 389
3 390 391 392
3 393 394 395
3 396 397 398
3 399 400 401
3 402 403 404
3 405 406 407
3 408 409 410
3 411 412 413
3 414 415 416
3 417 418 419
3 420 421 422
3 423 424 425
3 426 427 428
3 429 430 431
3 432 433 434
3 435 436 437
3 438 439 440
3 441 442 443
3 444 445 446
3 447 448 449
3 450 451 452
3 453 454 455
3 456 457 458
3 459 460 461
3 462 463 464
3 465 466 467
3 468 469 470
3 471 472 473
3 474 475 476
3 477 478 479
3 480 481 482
3 483 484 485
3 486 487 488
3 489 490 491
3 492 493 494
3 495 496 497
3 498 499 500
3 501 502 503
3 504 505 506
3 507 508 509
3 510 511 512
3 513 514 515
3 516 517 518
3 519 520 521
3 522 523 524
3 525 526 527
3 528 529 530
3 531 532 533
3 534 535 536
3 537 538 539
3 540 541 542
3 543 544 545
3 546 547 548
3 549 550 551
3 552 553 554
3 555 556 557
3 558 559 560
3 561 562 563
3 564 565 566
3 567 568 569
3 570 571 572
3 573 574 575
3 576 577 578
3 579 580 581
3 582 583 584
3 585 586 587
3 588 589 590
3 591 592 593
3 594 595 596
3 597 598 599
3 600 601 602
3 603 604 605
3 606 607 608
3 609 610 611
3 612 613 614
3 615 616 617
3 618 619 620
3 621 622 623
3 624 625 626
3 627 628 629
3 630 631 632
3 633 634 635
3 636 637 638
3 639 640 641
3 642 643 644
3 645 646 647
3 648 649 650
3 651 652 653
3 654 655 656
3 657 658 659
3 660 661 662
3 663 664 665
3 666 667 668
3 669 670 671
3 672 673 674
3 675 676 677
3 678 679 680
3 681 682 683
3 684 685 686
3 687 688 689
3 690 691 692
3 693 694 695
3 696 697 698
3 699 700 701
3 702 703 704
3 705 706 707
3 708 709 710
3 711 712 713
3 714 715 716
3 717 718 719
3 720 721 722
3 723 724 725
3 726 727 728
3 729 730 731
3 732 733 734
3 735 736 737
3 738 739 740
3 741 742 743
3 744 745 746
3 747 748 749
3 750 751 752
3 753 754 755
3 756 757 758
3 759 760 761
3 762 763 764
3 765 766 767
3 768 769 770
3 771 772 773
3 774 775 776
3 777 778 779
3 780 781 782
3 783 784 785
3 786 787 788
3 789 790 791
3 792 793 794
3 795 796 797
3 798 799 800
3 801 802 803
3 804 805 806
3 807 808 809
3 810 811 812
3 813 814 815
3 816 817 818
3 819 820 821
3 822 823 824
3 825 826 827
3 828 829 830
3 831 832 833
3 834 835 836
3 837 838 839
3 840 841 842
3 843 844 845
3 846 847 848
3 849 850 851
3 852 853 854
3 855 856 857
3 858 859 860
3 861 862 863
3 864 865 866
3 867 868 869
3 870 871 872
3 873 874 875
3 876 877 878
3 879 880 881
3 882 883 884
3 885 886 887
3 888 889 890
3 891 892 893
3 894 895 896
3 897 898 899
3 900 901 902
3 903 904 905
3 906 907 908
3 909 910 911
3 912 913 914
3 915 916 917
3 918 919 920
3 921 922 923
3 924 925 926
3 927 928 929
3 930 931 932
3 933 934 935
3 936 937 938
3 939 940 941
3 942 943 944
3 945 946 947
3 948 949 950
3 951 952 953
3 954 955 956
3 957 958 959
3 960 961 962
3 963 964 965
3 966 967 968
3 969 970 971
3 972 973 974
3 975 976 977
3 978 979 980
3 981 982 983
3 984 985 986
3 987 988 989
3 990 991 992
3 993 994 995
3 996 997 998
3 999 1000 1001
3 1002 1003 1004
3 1005 1006 1007
3 1008 1009 1010
3 1011 1012 1013
3 1014 1015 1016
3 1017 1018 1019
3 1020 1021 1022
3 1023 1024 1025
3 1026 1027 1028
3 1029 1030 1031
3 1032 1033 1034
3 1035 1036 1037
3 1038 1039 1040
3 1041 1042 1043
3 1044 1045 1046
3 1047 1048 1049
3 1050 1051 1052
3 1053 1054 1055
3 1056 1057 1058
3 1059 1060 1061
3 1062 1063 1064
3 1065 1066 1067
3 1068 1069 1070
3 1071 1072 1073
3 1074 1075 1076
3 1077 1078 1079
3 1080 1081 1082
3 1083 1084 1085
3 1086 1087 1088
3 1089 1090 1091
3 1092 1093 1094
3 1095 1096 1097
3 1098 1099 1100
3 1101 1102 1103
3 1104 1105 1106
3 1107 1108 1109
3 1110 1111 1112
3 1113 1114 1115
3 1116 1117 1118
3 1119 1120 1121
3 1122 1123 1124
3 1125 1126 1127
3 1128 1129 1130
3 1131 1132 1133
3 1134 1135 1136
3 1137 1138 1139
3 1140 1141 1142
3 1143 1144 1145
3 1146 1147 1148
3 1149 1150 1151
3 1152 1153 1154
3 1155 1156 1157
3 1158 1159 1160
3 1161 1162 1163
3 1164 1165 1166
3 1167 1168 1169
3 1170 1171 1172
3 1173 1174 1175
3 1176 1177 1178
3 1179 1180 1181
3 1182 1183 1184
3 1185 1186 1187
3 1188 1189 1190
3 1191 1192 1193
3 1194 1195 1196
3 1197 1198 1199
3 1200 1201 1202
3 1203 1204 1205
3 1206 1207 1208
3 1209 1210 1211
3 1212 1213 1214
3 1215 1216 1217
3 1218 1219 1220
3 1221 1222 1223
3 1224 1225 1226
3 1227 1228 1229
3 1230 1231 1232
3 1233 1234 1235
3 1236 1237 1238
3 1239 1240 1241
3 1242 1243 1244
3 1245 1246 1247
3 1248 1249 1250
3 1251 1252 1253
3 1254 1255 1256
3 1257 1258 1259
3 1260 1261 1262
3 1263 1264 1265
3 1266 1267 1268
3 1269 1270 1271
3 1272 1273 1274
3 1275 1276 1277
3 1278 1279 1280
3 1281 1282 1283
3 1284 1285 1286
3 1287 1288 1289
3 1290 1291 1292
3 1293 1294 1295
3 1296 1297 1298
3 1299 1300 1301
3 1302 1303 1304
3 1305 1306 1307
3 1308 1309 1310
3 1311 1312 1313
3 1314 1315 1316
3 1317 1318 1319
3 1320 1321 1322
3 1323 1324 1325
3 1326 1327 1328
3 1329 1330 1331
3 1332 1333 1334
3 1335 1336 1337
3 1338 1339 1340
3 1341 1342 1343
3 1344 1345 1346
3 1347 1348 1349
3 1350 1351 1352
3 1353 1354 1355
3 1356 1357 1358
3 1359 1360 1361
3 1362 1363 1364
3 1365 1366 1367
3 1368 1369 1370
3 1371 1372 1373
3 1374 1375 1376
3 1377 1378 1379
3 1380 1381 1382
3 1383 1384 1385
3 1386 1387 1388
3 1389 1390 1391
3 1392 1393 1394
3 1395 1396 1397
3 1398 1399 1400
3 1401 1402 1403
3 1404 1405 1406
3 1407 1408 1409
3 1410 1411 1412
3 1413 1414 1415
3 1416 1417 1418
3 1419 1420 1421
3 1422 1423 1424
3 1425 1426 1427
3 1428 1429 1430
3 1431 1432 1433
3 1434 1435 1436
3 1437 1438 1439
3 1440 1441 1442
3 1443 1444 1445
3 1446 1447 1448
3 1449 1450 1451
3 1452 1453 1454
3 1455 1456 1457
3 1458 1459 1460
3 1461 1462 1463
3 1464 1465 1466
3 1467 1468 1469
3 1470 1471 1472
3 1473 1474 1475
3 1476 1477 1478
3 1479 1480 1481
3 1482 1483 1484
3 1485 1486 1487
3 1488 1489 1490
3 1491 1492 1493
3 1494 1495 1496
3 1497 1498 1499
3 1500 1501 1502
3 1503 1504 1505
3 1506 1507 1508
3 1509 1510 1511
3 1512 1513 1514
3 1515 1516 1517
3 1518 1519 1520
3 1521 1522 1523
3 1524 1525 1526
3 1527 1528 1529
3 1530 1531 1532
3 1533 1534 1535
3 1536 1537 1538
3 1539 1540 1541
3 1542 1543 1544
3 1545 1546 1547
3 1548 1549 1550
3 1551 1552 1553
3 1554 1555 1556
3 1557 1558 1559
3 1560 1561 1562
3 1563 1564 1565
3 1566 1567 1568
3 1569 1570 1571
3 1572 1573 1574
3 1575 1576 1577
3 1578 1579 1580
3 1581 1582 1583
3 1584 1585 1586
3 1587 1588 1589
3 1590 1591 1592
3 1593 1594 1595
3 1596 1597 1598
3 1599 1600 1601
3 1602 1603 1604
3 1605 1606 1607
3 1608 1609 1610
3 1611 1612 1613
3 1614 1615 1616
3 1617 1618 1619
3 1620 1621 1622
3 1623 1624 1625
3 1626 1627 1628
3 1629 1630 1631
3 1632 1633 1634
3 1635 1636 1637
3 1638 1639 1640
3 1641 1642 1643
3 1644 1645 1646
3 1647 1648 1649
3 1650 1651 1652
3 1653 1654 1655
3 1656 1657 1658
3 1659 1660 1661
3 1662 1663 1664
3 1665 1666 1667
3 1668 1669 1670
3 1671 1672 1673
3 1674 1675 1676
3 1677 1678 1679
3 1680 1681 1682
3 1683 1684 1685
3 1686 1687 1688
3 1689 1690 1691
3 1692 1693 1694
3 1695 1696 1697
3 1698 1699 1700
3 1701 1702 1703
3 1704 1705 1706
3 1707 1708 1709
3 1710 1711 1712
3 1713 1714 1715
3 1716 1717 1718
3 1719 1720 1721
3 1722 1723 1724
3 1725 1726 1727
3 1728 1729 1730
3 1731 1732 1733
3 1734 1735 1736
3 1737 1738 1739
3 1740 1741 1742
3 1743 1744 1745
3 1746 1747 1748
3 1749 1750 1751
3 1752 1753 1754
3 1755 1756 1757
3 1758 1759 1760
3 1761 1762 1763
3 1764 1765 1766
3 1767 1768 1769
3 1770 1771 1772
3 1773 1774 1775
3 1776 1777 1778
3 1779 1780 1781
3 1782 1783 1784
3 1785 1786 1787
3 1788 1789 1790
3 1791 1792 1793
3 1794 1795 1796
3 1797 1798 1799
3 1800 1801 1802
3 1803 1804 1805
3 1806 1807 1808
3 1809 1810 1811
3 1812 1813 1814
3 1815 1816 1817
3 1818 1819 1820
3 1821 1822 1823
3 1824 1825 1826
3 1827 1828 1829
3 1830 1831 1832
3 1833 1834 1835
3 1836 1837 1838
3 1839 1840 1841
3 1842 1843 1844
3 1845 1846 1847
3 1848 1849 1850
3 1851 1852 1853
3 1854 1855 1856
3 1857 1858 1859
3 1860 1861 1862
3 1863 1864 1865
3 1866 1867 1868
3 1869 1870 1871
3 1872 1873 1874
3 1875 1876 1877
3 1878 1879 1880
3 1881 1882 1883
3 1884 1885 1886
3 1887 1888 1889
3 1890 1891 1892
3 1893 1894 1895
3 1896 1897 1898
3 1899 1900 1901
3 1902 1903 1904
3 1905 1906 1907
3 1908 1909 1910
3 1911 1912 1913
3 1914 1915 1916
3 1917 1918 1919
3 1920 1921 1922
3 1923 1924 1925
3 1926 1927 1928
3 1929 1930 1931
3 1932 1933 1934
3 1935 1936 1937
3 1938 1939 1940
3 1941 1942 1943
3 1944 1945 1946
3 1947 1948 1949
3 1950 1951 1952
3 1953 1954 1955
3 1956 1957 1958
3 1959 1960 1961
3 1962 1963 1964
3 1965 1966 1967
3 1968 1969 1970
3 1971 1972 1973
3 1974 1975 1976
3 1977 1978 1979
3 1980 1981 1982
3 1983 1984 1985
3 1986 1987 1988
3 1989 1990 1991
3 1992 1993 1994
3 1995 1996 1997
3 1998 1999 2000
3 2001 2002 2003
3 2004 2005 2006
3 2007 2008 2009
3 2010 2011 2012
3 2013 2014 2015
3 2016 2017 2018
3 2019 2020 2021
3 2022 2023 2024
3 2025 2026 2027
3 2028 2029 2030
3 2031 2032 2033
3 2034 2035 2036
3 2037 2038 2039
3 2040 2041 2042
3 2043 2044 2045
3 2046 2047 2048
3 2049 2050 2051
3 2052 2053 2054
3 2055 2056 2057
3 2058 2059 2060
3 2061 2062 2063
3 2064 2065 2066
3 2067 2068 2069
3 2070 2071 2072
3 2073 2074 2075
3 2076 2077 2078
3 2079 2080 2081
3 2082 2083 2084
3 2085 2086 2087
3 2088 2089 2090
3 2091 2092 2093
3 2094 2095 2096
3 2097 2098 2099
3 2100 2101 2102
3 2103 2104 2105
3 2106 2107 2108
3 2109 2110 2111
3 2112 2113 2114
3 2115 2116 2117
3 2118 2119 2120
3 2121 2122 2123
3 2124 2125 2126
3 2127 2128 2129
3 2130 2131 2132
3 2133 2134 2135
3 2136 2137 2138
3 2139 2140 2141
3 2142 2143 2144
3 2145 2146 2147
3 2148 2149 2150
3 2151 2152 2153
3 2154 2155 2156
3 2157 2158 2159
3 2160 2161 2162
3 2163 2164 2165
3 2166 2167 2168
3 2169 2170 2171
3 2172 2173 2174
3 2175 2176 2177
3 2178 2179 2180
3 2181 2182 2183
3 2184 2185 2186
3 2187 2188 2189
3 2190 2191 2192
3 2193 2194 2195
3 2196 2197 2198
3 2199 2200 2201
3 2202 2203 2204
3 2205 2206 2207
3 2208 2209 2210
3 2211 2212 2213
3 2214 2215 2216
3 2217 2218 2219
3 2220 2221 2222
3 2223 2224 2225
3 2226 2227 2228
3 2229 2230 2231
3 2232 2233 2234
3 2235 2236 2237
3 2238 2239 2240
3 2241 2242 2243
3 2244 2245 2246
3 2247 2248 2249
3 2250 2251 2252
3 2253 2254 2255
3 2256 2257 2258
3 2259 2260 2261
3 2262 2263 2264
3 2265 2266 2267
3 2268 2269 2270
3 2271 2272 2273
3 2274 2275 2276
3 2277 2278 2279
3 2280 2281 2282
3 2283 2284 2285
3 2286 2287 2288
3 2289 2290 2291
3 2292 2293 2294
3 2295 2296 2297
3 2298 2299 2300
3 2301 2302 2303
3 2304 2305 2306
3 2307 2308 2309
3 2310 2311 2312
3 2313 2314 2315
3 2316 2317 2318
3 2319 2320 2321
3 2322 2323 2324
3 2325 2326 2327
3 2328 2329 2330
3 2331 2332 2333
