ply
format ascii 1.0
element vertex 2246
property float x
property float y
property float z
property uchar red
property uchar green
property uchar blue
property uchar alpha
element face 748
property list uchar int vertex_indices
end_header
75.9 87.8 0 255 255 255 255
73.9 87.7876 0 255 255 255 255
71.9003 87.7583 0 255 255 255 255
69.9005 87.7252 0 255 255 255 255
67.9007 87.7029 0 255 255 255 255
65.9007 87.7041 0 255 255 255 255
63.9008 87.7272 0 255 255 255 255
61.9011 87.7601 0 255 255 255 255
59.9013 87.7888 0 255 255 255 255
58 87.7014 0 255 255 255 255
59.2846 86.8097 0 255 255 255 255
61.2615 86.5072 0 255 255 255 255
63.1091 85.7935 0 255 255 255 255
63.9508 84.0438 0 255 255 255 255
64 82.0456 0 255 255 255 255
64 80.0456 0 255 255 255 255
64 78.0455 0 255 255 255 255
64 76.0455 0 255 255 255 255
64 74.0455 0 255 255 255 255
64 72.0456 0 255 255 255 255
64 70.0456 0 255 255 255 255
64 68.0455 0 255 255 255 255
64 66.0455 0 255 255 255 255
64 64.0455 0 255 255 255 255
64 62.0456 0 255 255 255 255
64 60.0456 0 255 255 255 255
64 58.0455 0 255 255 255 255
64 56.0455 0 255 255 255 255
64 54.0455 0 255 255 255 255
62.7455 53.3 0 255 255 255 255
60.7455 53.3 0 255 255 255 255
58.7551 53.4542 0 255 255 255 255
56.8969 54.1603 0 255 255 255 255
55.4104 55.4833 0 255 255 255 255
54.291 57.1368 0 255 255 255 255
53.4039 58.9284 0 255 255 255 255
52.6425 60.7774 0 255 255 255 255
51.9581 62.6566 0 255 255 255 255
51.1356 64.3 0 255 255 255 255
50.6488 62.8364 0 255 255 255 255
50.7154 60.8376 0 255 255 255 255
50.782 58.8386 0 255 255 255 255
50.8487 56.8397 0 255 255 255 255
50.9153 54.8409 0 255 255 255 255
50.9819 52.842 0 255 255 255 255
52.4578 52.3 0 255 255 255 255
54.4577 52.3 0 255 255 255 255
56.4577 52.3 0 255 255 255 255
58.4578 52.3 0 255 255 255 255
60.4577 52.3 0 255 255 255 255
62.4577 52.3 0 255 255 255 255
64.4578 52.3 0 255 255 255 255
66.4576 52.3 0 255 255 255 255
68.4577 52.3 0 255 255 255 255
70.4578 52.3 0 255 255 255 255
72.4576 52.3 0 255 255 255 255
74.4577 52.3 0 255 255 255 255
76.4578 52.3 0 255 255 255 255
78.4576 52.3 0 255 255 255 255
80.4577 52.3 0 255 255 255 255
82.4578 52.3 0 255 255 255 255
82.9523 53.8569 0 255 255 255 255
83.0195 55.8557 0 255 255 255 255
83.0867 57.8546 0 255 255 255 255
83.1539 59.8534 0 255 255 255 255
83.2211 61.8524 0 255 255 255 255
83.2883 63.8512 0 255 255 255 255
82.226 63.3943 0 255 255 255 255
81.5592 61.5088 0 255 255 255 255
80.8319 59.6459 0 255 255 255 255
80.0047 57.8254 0 255 255 255 255
78.999 56.0988 0 255 255 255 255
77.6909 54.5946 0 255 255 255 255
75.9781 53.5872 0 255 255 255 255
74.0199 53.2181 0 255 255 255 255
72.0202 53.2 0 255 255 255 255
70.0202 53.2 0 255 255 255 255
69.9 55.0798 0 255 255 255 255
69.9 57.0798 0 255 255 255 255
69.9 59.0799 0 255 255 255 255
69.9 61.0797 0 255 255 255 255
69.9 63.0798 0 255 255 255 255
69.9 65.0798 0 255 255 255 255
69.9 67.0798 0 255 255 255 255
69.9 69.0799 0 255 255 255 255
69.9 71.0797 0 255 255 255 255
69.9 73.0798 0 255 255 255 255
69.9 75.0798 0 255 255 255 255
69.9 77.0799 0 255 255 255 255
69.9 79.0797 0 255 255 255 255
69.9 81.0798 0 255 255 255 255
69.9009 83.0798 0 255 255 255 255
70.2009 85.0421 0 255 255 255 255
71.7036 86.269 0 255 255 255 255
73.6601 86.6682 0 255 255 255 255
75.6385 86.9613 0 255 255 255 255
89.1 100.5 0 255 255 255 255
87.1298 100.208 0 255 255 255 255
85.4257 99.1977 0 255 255 255 255
84.4468 97.4816 0 255 255 255 255
84.3861 95.4999 0 255 255 255 255
85.3173 93.762 0 255 255 255 255
87.0449 92.8087 0 255 255 255 255
89.0234 92.842 0 255 255 255 255
90.6184 93.9789 0 255 255 255 255
91.0892 95.8836 0 255 255 255 255
90.3336 97.6921 0 255 255 255 255
90.0416 99.1878 0 255 255 255 255
91.918 98.6157 0 255 255 255 255
93.3795 97.2605 0 255 255 255 255
94.5465 95.6387 0 255 255 255 255
95.5337 93.9003 0 255 255 255 255
96.3985 92.0973 0 255 255 255 255
97.1789 90.2561 0 255 255 255 255
97.8921 88.3876 0 255 255 255 255
97.3387 86.5418 0 255 255 255 255
96.5573 84.7006 0 255 255 255 255
95.776 82.8596 0 255 255 255 255
94.9947 81.0186 0 255 255 255 255
94.2133 79.1774 0 255 255 255 255
93.432 77.3364 0 255 255 255 255
92.6507 75.4954 0 255 255 255 255
91.8693 73.6542 0 255 255 255 255
91.088 71.8132 0 255 255 255 255
90.3067 69.9722 0 255 255 255 255
89.5253 68.131 0 255 255 255 255
88.6959 66.3116 0 255 255 255 255
87.6244 64.6298 0 255 255 255 255
85.9232 63.6457 0 255 255 255 255
84.1 63.1557 0 255 255 255 255
85.4435 62.5463 0 255 255 255 255
87.4431 62.5851 0 255 255 255 255
89.443 62.5985 0 255 255 255 255
91.443 62.6 0 255 255 255 255
93.443 62.5965 0 255 255 255 255
95.4429 62.5757 0 255 255 255 255
97.4422 62.5243 0 255 255 255 255
97.5612 63.3567 0 255 255 255 255
95.5842 63.6358 0 255 255 255 255
94.376 65.0702 0 255 255 255 255
94.646 67.0391 0 255 255 255 255
95.3152 68.9229 0 255 255 255 255
96.0305 70.7906 0 255 255 255 255
96.7458 72.6584 0 255 255 255 255
97.461 74.5261 0 255 255 255 255
98.1763 76.3938 0 255 255 255 255
98.8916 78.2615 0 255 255 255 255
99.6069 80.1292 0 255 255 255 255
100.322 81.9969 0 255 255 255 255
101.014 80.5266 0 255 255 255 255
101.704 78.6492 0 255 255 255 255
102.393 76.7717 0 255 255 255 255
103.083 74.8943 0 255 255 255 255
103.772 73.0168 0 255 255 255 255
104.461 71.1395 0 255 255 255 255
105.151 69.262 0 255 255 255 255
105.725 67.3479 0 255 255 255 255
105.856 65.3637 0 255 255 255 255
104.544 64.0005 0 255 255 255 255
102.589 63.5921 0 255 255 255 255
101.594 62.605 0 255 255 255 255
103.593 62.6769 0 255 255 255 255
105.593 62.6985 0 255 255 255 255
107.593 62.6998 0 255 255 255 255
109.593 62.6875 0 255 255 255 255
111.592 62.6342 0 255 255 255 255
111.822 63.5104 0 255 255 255 255
109.887 64.0116 0 255 255 255 255
108.267 65.1498 0 255 255 255 255
107.185 66.8248 0 255 255 255 255
106.378 68.654 0 255 255 255 255
105.674 70.5258 0 255 255 255 255
104.993 72.4066 0 255 255 255 255
104.312 74.2869 0 255 255 255 255
103.631 76.1677 0 255 255 255 255
102.951 78.048 0 255 255 255 255
102.27 79.9288 0 255 255 255 255
101.589 81.8091 0 255 255 255 255
100.909 83.6899 0 255 255 255 255
100.228 85.5707 0 255 255 255 255
99.5309 87.4451 0 255 255 255 255
98.8032 89.308 0 255 255 255 255
98.0343 91.1541 0 255 255 255 255
97.2101 92.9762 0 255 255 255 255
96.3037 94.7587 0 255 255 255 255
95.2906 96.4821 0 255 255 255 255
94.1044 98.0899 0 255 255 255 255
92.652 99.4565 0 255 255 255 255
90.8529 100.301 0 255 255 255 255
126.8 99.9 0 255 255 255 255
124.8 99.8806 0 255 255 255 255
122.801 99.8381 0 255 255 255 255
120.801 99.805 0 255 255 255 255
118.801 99.805 0 255 255 255 255
116.801 99.838 0 255 255 255 255
114.802 99.8805 0 255 255 255 255
112.802 99.9 0 255 255 255 255
113.984 98.9131 0 255 255 255 255
115.93 98.4742 0 255 255 255 255
117.12 97.0047 0 255 255 255 255
117.2 95.0089 0 255 255 255 255
117.2 93.0089 0 255 255 255 255
117.2 91.0089 0 255 255 255 255
117.2 89.0089 0 255 255 255 255
117.2 87.0089 0 255 255 255 255
117.2 85.0089 0 255 255 255 255
117.2 83.0088 0 255 255 255 255
117.2 81.0088 0 255 255 255 255
117.2 79.0088 0 255 255 255 255
117.2 77.0088 0 255 255 255 255
117.2 75.0089 0 255 255 255 255
117.2 73.0089 0 255 255 255 255
117.2 71.0089 0 255 255 255 255
117.2 69.0089 0 255 255 255 255
117.124 67.0124 0 255 255 255 255
116.134 65.3696 0 255 255 255 255
114.197 64.9261 0 255 255 255 255
112.208 64.712 0 255 255 255 255
113.26 63.7294 0 255 255 255 255
115.208 63.2749 0 255 255 255 255
117.155 62.8204 0 255 255 255 255
119.103 62.366 0 255 255 255 255
121.051 61.9115 0 255 255 255 255
122.032 63.1027 0 255 255 255 255
121.906 65.0987 0 255 255 255 255
121.813 67.0965 0 255 255 255 255
121.751 69.0955 0 255 255 255 255
121.715 71.0952 0 255 255 255 255
121.701 73.0951 0 255 255 255 255
121.732 72.5054 0 255 255 255 255
121.904 70.5136 0 255 255 255 255
122.266 68.548 0 255 255 255 255
122.872 66.6446 0 255 255 255 255
123.809 64.8825 0 255 255 255 255
125.136 63.3953 0 255 255 255 255
126.842 62.3712 0 255 255 255 255
128.772 61.8741 0 255 255 255 255
130.768 61.8372 0 255 255 255 255
132.737 62.1698 0 255 255 255 255
134.601 62.8847 0 255 255 255 255
136.285 63.9571 0 255 255 255 255
137.727 65.3369 0 255 255 255 255
138.892 66.9575 0 255 255 255 255
139.774 68.7491 0 255 255 255 255
140.386 70.6508 0 255 255 255 255
140.754 72.6151 0 255 255 255 255
140.888 74.6096 0 255 255 255 255
140.819 76.6068 0 255 255 255 255
140.508 78.5807 0 255 255 255 255
139.936 80.4944 0 255 255 255 255
139.1 82.3084 0 255 255 255 255
137.993 83.9716 0 255 255 255 255
136.631 85.4339 0 255 255 255 255
135.056 86.6618 0 255 255 255 255
133.306 87.6237 0 255 255 255 255
131.424 88.2933 0 255 255 255 255
129.458 88.6468 0 255 255 255 255
127.46 88.6704 0 255 255 255 255
125.48 88.4048 0 255 255 255 255
123.565 87.8342 0 255 255 255 255
122.4 88.0172 0 255 255 255 255
122.4 90.0172 0 255 255 255 255
122.4 92.0172 0 255 255 255 255
122.4 94.0173 0 255 255 255 255
122.402 96.0172 0 255 255 255 255
122.844 97.9331 0 255 255 255 255
124.623 98.7417 0 255 255 255 255
126.596 99.066 0 255 255 255 255
135.2 75 0 255 255 255 255
135.151 73.0008 0 255 255 255 255
134.987 71.0078 0 255 255 255 255
134.664 69.0349 0 255 255 255 255
134.119 67.1127 0 255 255 255 255
133.242 65.321 0 255 255 255 255
131.888 63.8676 0 255 255 255 255
130.065 63.0955 0 255 255 255 255
128.077 63.0912 0 255 255 255 255
126.209 63.7673 0 255 255 255 255
124.713 65.0766 0 255 255 255 255
123.672 66.7767 0 255 255 255 255
123.001 68.6577 0 255 255 255 255
122.612 70.618 0 255 255 255 255
122.43 72.6088 0 255 255 255 255
122.4 74.6082 0 255 255 255 255
122.4 76.6082 0 255 255 255 255
122.4 78.6082 0 255 255 255 255
122.4 80.6083 0 255 255 255 255
122.4 82.6083 0 255 255 255 255
122.506 84.579 0 255 255 255 255
123.728 86.1549 0 255 255 255 255
125.363 87.2884 0 255 255 255 255
127.281 87.8279 0 255 255 255 255
129.272 87.8067 0 255 255 255 255
131.126 87.0961 0 255 255 255 255
132.598 85.7598 0 255 255 255 255
133.641 84.0599 0 255 255 255 255
134.335 82.1868 0 255 255 255 255
134.784 80.2393 0 255 255 255 255
135.05 78.2579 0 255 255 255 255
135.18 76.2624 0 255 255 255 255
156.4 88.6 0 255 255 255 255
154.408 88.4394 0 255 255 255 255
152.47 87.9581 0 255 255 255 255
150.642 87.1522 0 255 255 255 255
148.985 86.0379 0 255 255 255 255
147.548 84.6505 0 255 255 255 255
146.367 83.0394 0 255 255 255 255
145.46 81.2599 0 255 255 255 255
144.825 79.3663 0 255 255 255 255
144.444 77.405 0 255 255 255 255
144.307 75.411 0 255 255 255 255
144.4 73.4149 0 255 255 255 255
144.718 71.4423 0 255 255 255 255
145.298 69.5298 0 255 255 255 255
146.154 67.7245 0 255 255 255 255
147.28 66.0753 0 255 255 255 255
148.665 64.6373 0 255 255 255 255
150.279 63.4618 0 255 255 255 255
152.074 62.5887 0 255 255 255 255
153.994 62.04 0 255 255 255 255
155.978 61.8174 0 255 255 255 255
157.973 61.9053 0 255 255 255 255
159.929 62.3058 0 255 255 255 255
161.79 63.0284 0 255 255 255 255
163.497 64.0635 0 255 255 255 255
164.996 65.3812 0 255 255 255 255
166.249 66.9361 0 255 255 255 255
167.233 68.674 0 255 255 255 255
167.946 70.5406 0 255 255 255 255
168.383 72.4907 0 255 255 255 255
168.575 74.4795 0 255 255 255 255
168.554 76.4781 0 255 255 255 255
168.283 78.4584 0 255 255 255 255
167.767 80.3881 0 255 255 255 255
166.985 82.2258 0 255 255 255 255
165.928 83.9201 0 255 255 255 255
164.604 85.4153 0 255 255 255 255
163.042 86.6587 0 255 255 255 255
161.285 87.6092 0 255 255 255 255
159.392 88.2435 0 255 255 255 255
157.419 88.5586 0 255 255 255 255
156.4 87.8 0 255 255 255 255
158.359 87.4558 0 255 255 255 255
160.03 86.3863 0 255 255 255 255
161.209 84.7824 0 255 255 255 255
161.973 82.9379 0 255 255 255 255
162.441 80.9948 0 255 255 255 255
162.718 79.0149 0 255 255 255 255
162.858 77.0202 0 255 255 255 255
162.899 75.0208 0 255 255 255 255
162.853 73.0215 0 255 255 255 255
162.702 71.0275 0 255 255 255 255
162.413 69.0492 0 255 255 255 255
161.924 67.1115 0 255 255 255 255
161.133 65.2786 0 255 255 255 255
159.913 63.707 0 255 255 255 255
158.209 62.6939 0 255 255 255 255
156.242 62.4096 0 255 255 255 255
154.296 62.8118 0 255 255 255 255
152.68 63.9672 0 255 255 255 255
151.566 65.6197 0 255 255 255 255
150.857 67.4866 0 255 255 255 255
150.416 69.436 0 255 255 255 255
150.159 71.4186 0 255 255 255 255
150.033 73.4142 0 255 255 255 255
150 75.4138 0 255 255 255 255
150.032 77.4133 0 255 255 255 255
150.181 79.4075 0 255 255 255 255
150.485 81.3836 0 255 255 255 255
151.006 83.3127 0 255 255 255 255
151.831 85.1303 0 255 255 255 255
153.11 86.6554 0 255 255 255 255
154.862 87.5881 0 255 255 255 255
170.4 93.6 0 255 255 255 255
170.744 91.6418 0 255 255 255 255
171.937 90.0683 0 255 255 255 255
173.78 89.3482 0 255 255 255 255
175.749 89.5247 0 255 255 255 255
176.606 91.1538 0 255 255 255 255
174.747 91.7178 0 255 255 255 255
173.678 93.3496 0 255 255 255 255
173.754 95.3312 0 255 255 255 255
174.646 97.1002 0 255 255 255 255
176.172 98.3761 0 255 255 255 255
178.007 99.1601 0 255 255 255 255
179.958 99.5896 0 255 255 255 255
181.948 99.7768 0 255 255 255 255
183.947 99.7796 0 255 255 255 255
185.937 99.5868 0 255 255 255 255
187.888 99.1541 0 255 255 255 255
189.739 98.4073 0 255 255 255 255
191.366 97.2567 0 255 255 255 255
192.535 95.65 0 255 255 255 255
192.988 93.7165 0 255 255 255 255
192.515 91.8138 0 255 255 255 255
190.937 90.6307 0 255 255 255 255
189.018 90.0825 0 255 255 255 255
187.038 89.8072 0 255 255 255 255
185.043 89.6647 0 255 255 255 255
183.045 89.5801 0 255 255 255 255
181.05 89.4383 0 255 255 255 255
179.071 89.157 0 255 255 255 255
177.134 88.6673 0 255 255 255 255
175.306 87.8659 0 255 255 255 255
173.782 86.5904 0 255 255 255 255
172.921 84.8072 0 255 255 255 255
172.877 82.8202 0 255 255 255 255
173.716 81.0314 0 255 255 255 255
175.311 79.8518 0 255 255 255 255
177.208 79.2358 0 255 255 255 255
179.188 78.9611 0 255 255 255 255
180.614 78.8894 0 255 255 255 255
178.631 78.6516 0 255 255 255 255
176.738 78.0204 0 255 255 255 255
175.016 77.013 0 255 255 255 255
173.558 75.6502 0 255 255 255 255
172.467 73.9797 0 255 255 255 255
171.812 72.0964 0 255 255 255 255
171.604 70.1123 0 255 255 255 255
171.845 68.1315 0 255 255 255 255
172.55 66.2661 0 255 255 255 255
173.698 64.6367 0 255 255 255 255
175.213 63.3408 0 255 255 255 255
176.986 62.4244 0 255 255 255 255
178.912 61.8966 0 255 255 255 255
180.9 61.7067 0 255 255 255 255
182.893 61.8329 0 255 255 255 255
184.833 62.305 0 255 255 255 255
186.642 63.1493 0 255 255 255 255
188.221 63.6286 0 255 255 255 255
189.878 62.5165 0 255 255 255 255
191.745 61.8119 0 255 255 255 255
193.728 61.6068 0 255 255 255 255
195.647 62.0977 0 255 255 255 255
196.951 63.5621 0 255 255 255 255
197.143 65.527 0 255 255 255 255
196.14 67.2027 0 255 255 255 255
194.27 67.799 0 255 255 255 255
192.431 67.1398 0 255 255 255 255
191.701 65.3379 0 255 255 255 255
191.791 63.3786 0 255 255 255 255
189.925 63.6548 0 255 255 255 255
188.854 64.8674 0 255 255 255 255
190.002 66.4989 0 255 255 255 255
190.715 68.3624 0 255 255 255 255
190.993 70.339 0 255 255 255 255
190.864 72.3315 0 255 255 255 255
190.307 74.2475 0 255 255 255 255
189.302 75.9691 0 255 255 255 255
187.898 77.3841 0 255 255 255 255
186.197 78.428 0 255 255 255 255
184.314 79.0915 0 255 255 255 255
182.345 79.4259 0 255 255 255 255
180.348 79.5064 0 255 255 255 255
178.357 79.6757 0 255 255 255 255
176.486 80.3332 0 255 255 255 255
175.869 82.0911 0 255 255 255 255
177.296 83.3815 0 255 255 255 255
179.234 83.8608 0 255 255 255 255
181.219 84.0995 0 255 255 255 255
183.214 84.2456 0 255 255 255 255
185.211 84.353 0 255 255 255 255
187.204 84.5211 0 255 255 255 255
189.182 84.8126 0 255 255 255 255
191.117 85.3096 0 255 255 255 255
192.946 86.1101 0 255 255 255 255
194.493 87.3635 0 255 255 255 255
195.517 89.0657 0 255 255 255 255
195.96 91.0086 0 255 255 255 255
195.918 93.0037 0 255 255 255 255
195.385 94.9233 0 255 255 255 255
194.332 96.6131 0 255 255 255 255
192.865 97.9648 0 255 255 255 255
191.143 98.9756 0 255 255 255 255
189.273 99.6789 0 255 255 255 255
187.328 100.141 0 255 255 255 255
185.347 100.405 0 255 255 255 255
183.349 100.495 0 255 255 255 255
181.35 100.446 0 255 255 255 255
179.36 100.258 0 255 255 255 255
177.393 99.9037 0 255 255 255 255
175.474 99.3446 0 255 255 255 255
173.654 98.522 0 255 255 255 255
172.049 97.3379 0 255 255 255 255
170.878 95.7323 0 255 255 255 255
170.413 93.8033 0 255 255 255 255
181.4 78.5 0 255 255 255 255
183.3 77.9704 0 255 255 255 255
184.629 76.5055 0 255 255 255 255
185.349 74.6463 0 255 255 255 255
185.691 72.6779 0 255 255 255 255
185.797 70.6817 0 255 255 255 255
185.73 68.6836 0 255 255 255 255
185.45 66.7051 0 255 255 255 255
184.822 64.8117 0 255 255 255 255
183.605 63.2479 0 255 255 255 255
181.77 62.5246 0 255 255 255 255
179.813 62.8023 0 255 255 255 255
178.309 64.0791 0 255 255 255 255
177.467 65.8844 0 255 255 255 255
177.06 67.8401 0 255 255 255 255
176.91 69.8335 0 255 255 255 255
176.943 71.8325 0 255 255 255 255
177.192 73.8156 0 255 255 255 255
177.761 75.729 0 255 255 255 255
178.825 77.4078 0 255 255 255 255
180.528 78.3989 0 255 255 255 255
213.5 87.8 0 255 255 255 255
211.5 87.7822 0 255 255 255 255
209.5 87.7439 0 255 255 255 255
207.501 87.7094 0 255 255 255 255
205.501 87.7021 0 255 255 255 255
203.501 87.7305 0 255 255 255 255
201.501 87.7734 0 255 255 255 255
199.502 87.7991 0 255 255 255 255
199.887 86.8688 0 255 255 255 255
201.846 86.4735 0 255 255 255 255
203.255 85.1985 0 255 255 255 255
203.4 83.2101 0 255 255 255 255
203.4 81.2101 0 255 255 255 255
203.4 79.2101 0 255 255 255 255
203.4 77.2101 0 255 255 255 255
203.4 75.2101 0 255 255 255 255
203.4 73.2101 0 255 255 255 255
203.4 71.2101 0 255 255 255 255
203.4 69.2101 0 255 255 255 255
203.352 67.2118 0 255 255 255 255
202.504 65.4764 0 255 255 255 255
200.596 64.9457 0 255 255 255 255
198.607 64.7341 0 255 255 255 255
199.265 63.7772 0 255 255 255 255
201.214 63.3275 0 255 255 255 255
203.163 62.8778 0 255 255 255 255
205.112 62.4281 0 255 255 255 255
207.061 61.9783 0 255 255 255 255
208.249 62.9011 0 255 255 255 255
208.137 64.8979 0 255 255 255 255
208.058 66.8963 0 255 255 255 255
207.999 68.8954 0 255 255 255 255
207.957 70.895 0 255 255 255 255
207.928 72.8947 0 255 255 255 255
207.91 74.8947 0 255 255 255 255
207.901 76.8946 0 255 255 255 255
207.918 76.5055 0 255 255 255 255
208.022 74.5084 0 255 255 255 255
208.206 72.517 0 255 255 255 255
208.453 70.5325 0 255 255 255 255
208.857 68.5748 0 255 255 255 255
209.469 66.6722 0 255 255 255 255
210.342 64.8754 0 255 255 255 255
211.55 63.2874 0 255 255 255 255
213.157 62.1126 0 255 255 255 255
215.063 61.546 0 255 255 255 255
217.052 61.632 0 255 255 255 255
218.825 62.5079 0 255 255 255 255
219.843 64.1962 0 255 255 255 255
219.932 66.1782 0 255 255 255 255
219.071 67.9518 0 255 255 255 255
217.349 68.9084 0 255 255 255 255
215.371 68.8389 0 255 255 255 255
213.824 67.6451 0 255 255 255 255
213.413 65.7197 0 255 255 255 255
212.81 64.2152 0 255 255 255 255
211.204 65.3291 0 255 255 255 255
210.197 67.0507 0 255 255 255 255
209.539 68.9377 0 255 255 255 255
209.106 70.8895 0 255 255 255 255
208.797 72.8652 0 255 255 255 255
208.6 74.8551 0 255 255 255 255
208.509 76.8528 0 255 255 255 255
208.5 78.8528 0 255 255 255 255
208.5 80.8528 0 255 255 255 255
208.5 82.8527 0 255 255 255 255
208.621 84.8445 0 255 255 255 255
209.822 86.3348 0 255 255 255 255
211.768 86.7669 0 255 255 255 255
213.4 87.3518 0 255 255 255 255
242 88.5 0 255 255 255 255
240.032 88.2057 0 255 255 255 255
238.466 87.0149 0 255 255 255 255
237.668 85.1936 0 255 255 255 255
237.325 83.2251 0 255 255 255 255
236.56 84.608 0 255 255 255 255
235.339 86.1853 0 255 255 255 255
233.768 87.4151 0 255 255 255 255
231.954 88.2454 0 255 255 255 255
229.999 88.6465 0 255 255 255 255
228.002 88.6573 0 255 255 255 255
226.037 88.3092 0 255 255 255 255
224.226 87.4818 0 255 255 255 255
222.814 86.0853 0 255 255 255 255
222.052 84.2508 0 255 255 255 255
221.938 82.263 0 255 255 255 255
222.425 80.3358 0 255 255 255 255
223.55 78.6955 0 255 255 255 255
225.096 77.4359 0 255 255 255 255
226.858 76.4963 0 255 255 255 255
228.729 75.7939 0 255 255 255 255
230.657 75.2623 0 255 255 255 255
232.615 74.8559 0 255 255 255 255
234.59 74.5436 0 255 255 255 255
236.575 74.3028 0 255 255 255 255
236.6 72.3249 0 255 255 255 255
236.6 70.3249 0 255 255 255 255
236.592 68.3249 0 255 255 255 255
236.42 66.3341 0 255 255 255 255
235.801 64.4444 0 255 255 255 255
234.339 63.1327 0 255 255 255 255
232.394 62.7166 0 255 255 255 255
230.401 62.8112 0 255 255 255 255
228.506 63.4221 0 255 255 255 255
227.106 64.7933 0 255 255 255 255
227.734 66.5156 0 255 255 255 255
229.213 67.8406 0 255 255 255 255
229.561 69.7671 0 255 255 255 255
228.579 71.4567 0 255 255 255 255
226.743 72.1751 0 255 255 255 255
224.791 71.8783 0 255 255 255 255
223.423 70.4739 0 255 255 255 255
223.004 68.5344 0 255 255 255 255
223.349 66.5787 0 255 255 255 255
224.397 64.8884 0 255 255 255 255
225.918 63.6003 0 255 255 255 255
227.707 62.7144 0 255 255 255 255
229.634 62.19 0 255 255 255 255
231.623 62.0052 0 255 255 255 255
233.62 62.0904 0 255 255 255 255
235.586 62.4452 0 255 255 255 255
237.462 63.1294 0 255 255 255 255
239.118 64.2399 0 255 255 255 255
240.386 65.7768 0 255 255 255 255
241.157 67.6146 0 255 255 255 255
241.475 69.5847 0 255 255 255 255
241.491 71.5843 0 255 255 255 255
241.476 73.5841 0 255 255 255 255
241.462 75.5841 0 255 255 255 255
241.447 77.5841 0 255 255 255 255
241.433 79.5841 0 255 255 255 255
241.418 81.5839 0 255 255 255 255
241.404 83.5839 0 255 255 255 255
241.537 85.5744 0 255 255 255 255
242.79 86.9641 0 255 255 255 255
244.579 86.3418 0 255 255 255 255
245.333 84.5072 0 255 255 255 255
245.635 82.5315 0 255 255 255 255
246.503 82.2656 0 255 255 255 255
246.39 84.2608 0 255 255 255 255
245.902 86.1936 0 255 255 255 255
244.707 87.7634 0 255 255 255 255
242.852 88.446 0 255 255 255 255
236.6 80.4 0 255 255 255 255
236.6 78.4 0 255 255 255 255
236.6 76.4 0 255 255 255 255
236.007 75.093 0 255 255 255 255
234.039 75.4474 0 255 255 255 255
232.102 75.9405 0 255 255 255 255
230.252 76.6923 0 255 255 255 255
228.666 77.8929 0 255 255 255 255
227.671 79.6096 0 255 255 255 255
227.319 81.5708 0 255 255 255 255
227.458 83.5587 0 255 255 255 255
228.296 85.3542 0 255 255 255 255
229.922 86.4723 0 255 255 255 255
231.898 86.6775 0 255 255 255 255
233.811 86.141 0 255 255 255 255
235.327 84.8633 0 255 255 255 255
236.225 83.089 0 255 255 255 255
236.576 81.1252 0 255 255 255 255
260.3 99.9 0 255 255 255 255
258.3 99.8806 0 255 255 255 255
256.301 99.8381 0 255 255 255 255
254.301 99.805 0 255 255 255 255
252.301 99.805 0 255 255 255 255
250.301 99.838 0 255 255 255 255
248.302 99.8805 0 255 255 255 255
246.302 99.9 0 255 255 255 255
247.484 98.9131 0 255 255 255 255
249.43 98.4742 0 255 255 255 255
250.62 97.0047 0 255 255 255 255
250.7 95.0089 0 255 255 255 255
250.7 93.0089 0 255 255 255 255
250.7 91.0089 0 255 255 255 255
250.7 89.0089 0 255 255 255 255
250.7 87.0089 0 255 255 255 255
250.7 85.0089 0 255 255 255 255
250.7 83.0088 0 255 255 255 255
250.7 81.0088 0 255 255 255 255
250.7 79.0088 0 255 255 255 255
250.7 77.0088 0 255 255 255 255
250.7 75.0088 0 255 255 255 255
250.7 73.0089 0 255 255 255 255
250.7 71.0089 0 255 255 255 255
250.7 69.0089 0 255 255 255 255
250.624 67.0124 0 255 255 255 255
249.634 65.3696 0 255 255 255 255
247.697 64.9261 0 255 255 255 255
245.708 64.712 0 255 255 255 255
246.76 63.7294 0 255 255 255 255
248.708 63.2749 0 255 255 255 255
250.655 62.8204 0 255 255 255 255
252.603 62.366 0 255 255 255 255
254.551 61.9115 0 255 255 255 255
255.532 63.1027 0 255 255 255 255
255.406 65.0987 0 255 255 255 255
255.313 67.0965 0 255 255 255 255
255.251 69.0955 0 255 255 255 255
255.215 71.0952 0 255 255 255 255
255.201 73.0951 0 255 255 255 255
255.232 72.5054 0 255 255 255 255
255.404 70.5136 0 255 255 255 255
255.766 68.548 0 255 255 255 255
256.372 66.6447 0 255 255 255 255
257.309 64.8825 0 255 255 255 255
258.636 63.3953 0 255 255 255 255
260.342 62.3712 0 255 255 255 255
262.272 61.8741 0 255 255 255 255
264.268 61.8372 0 255 255 255 255
266.237 62.1698 0 255 255 255 255
268.101 62.8846 0 255 255 255 255
269.785 63.9571 0 255 255 255 255
271.227 65.3369 0 255 255 255 255
272.392 66.9574 0 255 255 255 255
273.274 68.7491 0 255 255 255 255
273.886 70.6507 0 255 255 255 255
274.254 72.6151 0 255 255 255 255
274.388 74.6096 0 255 255 255 255
274.319 76.6067 0 255 255 255 255
274.008 78.5807 0 255 255 255 255
273.436 80.4943 0 255 255 255 255
272.6 82.3084 0 255 255 255 255
271.493 83.9716 0 255 255 255 255
270.131 85.4338 0 255 255 255 255
268.556 86.6618 0 255 255 255 255
266.806 87.6237 0 255 255 255 255
264.924 88.2933 0 255 255 255 255
262.958 88.6468 0 255 255 255 255
260.96 88.6704 0 255 255 255 255
258.98 88.4048 0 255 255 255 255
257.066 87.8342 0 255 255 255 255
255.9 88.0172 0 255 255 255 255
255.9 90.0172 0 255 255 255 255
255.9 92.0172 0 255 255 255 255
255.9 94.0172 0 255 255 255 255
255.902 96.0172 0 255 255 255 255
256.344 97.9331 0 255 255 255 255
258.123 98.7417 0 255 255 255 255
260.096 99.066 0 255 255 255 255
268.6 75 0 255 255 255 255
268.551 73.0008 0 255 255 255 255
268.387 71.0078 0 255 255 255 255
268.064 69.0349 0 255 255 255 255
267.519 67.1127 0 255 255 255 255
266.642 65.321 0 255 255 255 255
265.288 63.8676 0 255 255 255 255
263.465 63.0955 0 255 255 255 255
261.477 63.0912 0 255 255 255 255
259.609 63.7673 0 255 255 255 255
258.113 65.0766 0 255 255 255 255
257.072 66.7767 0 255 255 255 255
256.401 68.6577 0 255 255 255 255
256.012 70.618 0 255 255 255 255
255.83 72.6087 0 255 255 255 255
255.8 74.6082 0 255 255 255 255
255.8 76.6082 0 255 255 255 255
255.8 78.6082 0 255 255 255 255
255.8 80.6082 0 255 255 255 255
255.8 82.6082 0 255 255 255 255
255.906 84.579 0 255 255 255 255
257.128 86.1549 0 255 255 255 255
258.763 87.2885 0 255 255 255 255
260.681 87.8279 0 255 255 255 255
262.672 87.8101 0 255 255 255 255
264.533 87.1171 0 255 255 255 255
266.015 85.7924 0 255 255 255 255
267.061 84.0941 0 255 255 255 255
267.75 82.2189 0 255 255 255 255
268.192 80.2698 0 255 255 255 255
268.453 78.2877 0 255 255 255 255
268.579 76.2921 0 255 255 255 255
276.3 87.1 0 255 255 255 255
278.272 86.7653 0 255 255 255 255
280.085 85.9969 0 255 255 255 255
280.597 84.1084 0 255 255 255 255
280.6 82.1084 0 255 255 255 255
280.6 80.1084 0 255 255 255 255
280.6 78.1084 0 255 255 255 255
280.6 76.1084 0 255 255 255 255
280.6 74.1084 0 255 255 255 255
280.6 72.1084 0 255 255 255 255
280.6 70.1084 0 255 255 255 255
280.6 68.1084 0 255 255 255 255
280.6 66.1084 0 255 255 255 255
280.6 64.1084 0 255 255 255 255
280.6 62.1084 0 255 255 255 255
280.6 60.1084 0 255 255 255 255
280.6 58.1084 0 255 255 255 255
280.6 56.1084 0 255 255 255 255
280.6 54.1084 0 255 255 255 255
280.563 52.1095 0 255 255 255 255
279.573 50.4961 0 255 255 255 255
277.628 50.066 0 255 255 255 255
275.643 49.8179 0 255 255 255 255
276.73 48.9489 0 255 255 255 255
278.69 48.549 0 255 255 255 255
280.649 48.1491 0 255 255 255 255
282.609 47.7492 0 255 255 255 255
284.569 47.3492 0 255 255 255 255
286.156 47.8651 0 255 255 255 255
285.934 49.8522 0 255 255 255 255
285.829 51.8493 0 255 255 255 255
285.8 53.849 0 255 255 255 255
285.8 55.849 0 255 255 255 255
285.8 57.849 0 255 255 255 255
285.789 59.8489 0 255 255 255 255
285.73 61.848 0 255 255 255 255
285.627 63.8453 0 255 255 255 255
285.496 65.841 0 255 255 255 255
285.363 67.8366 0 255 255 255 255
285.247 69.8332 0 255 255 255 255
285.161 71.8313 0 255 255 255 255
285.113 73.8307 0 255 255 255 255
285.109 74.9695 0 255 255 255 255
285.205 72.9723 0 255 255 255 255
285.467 70.9904 0 255 255 255 255
285.91 69.0415 0 255 255 255 255
286.573 67.1569 0 255 255 255 255
287.503 65.3896 0 255 255 255 255
288.739 63.8234 0 255 255 255 255
290.297 62.5788 0 255 255 255 255
292.131 61.7984 0 255 255 255 255
294.103 61.5101 0 255 255 255 255
296.094 61.6557 0 255 255 255 255
298.004 62.2301 0 255 255 255 255
299.678 63.3083 0 255 255 255 255
300.933 64.8531 0 255 255 255 255
301.682 66.6996 0 255 255 255 255
301.979 68.6731 0 255 255 255 255
302 70.6727 0 255 255 255 255
302 72.6728 0 255 255 255 255
302 74.6728 0 255 255 255 255
302 76.6728 0 255 255 255 255
302 78.6728 0 255 255 255 255
302 80.6728 0 255 255 255 255
302 82.6727 0 255 255 255 255
302.071 84.6695 0 255 255 255 255
303.199 86.1893 0 255 255 255 255
305.151 86.6085 0 255 255 255 255
306.265 87.5999 0 255 255 255 255
304.265 87.5799 0 255 255 255 255
302.266 87.5369 0 255 255 255 255
300.266 87.504 0 255 255 255 255
298.266 87.5065 0 255 255 255 255
296.266 87.5419 0 255 255 255 255
294.267 87.5832 0 255 255 255 255
292.4 87.4669 0 255 255 255 255
293.715 86.5808 0 255 255 255 255
295.653 86.1067 0 255 255 255 255
296.742 84.5587 0 255 255 255 255
296.8 82.5611 0 255 255 255 255
296.8 80.5612 0 255 255 255 255
296.8 78.561 0 255 255 255 255
296.8 76.5611 0 255 255 255 255
296.8 74.5612 0 255 255 255 255
296.8 72.5612 0 255 255 255 255
296.8 70.5611 0 255 255 255 255
296.775 68.5616 0 255 255 255 255
296.527 66.5797 0 255 255 255 255
295.748 64.7528 0 255 255 255 255
294.148 63.6144 0 255 255 255 255
292.17 63.429 0 255 255 255 255
290.295 64.0736 0 255 255 255 255
288.773 65.3571 0 255 255 255 255
287.619 66.9858 0 255 255 255 255
286.794 68.8049 0 255 255 255 255
286.227 70.721 0 255 255 255 255
285.881 72.6894 0 255 255 255 255
285.721 74.6821 0 255 255 255 255
285.7 76.6818 0 255 255 255 255
285.7 78.6817 0 255 255 255 255
285.7 80.6818 0 255 255 255 255
285.7 82.6818 0 255 255 255 255
285.747 84.6801 0 255 255 255 255
286.739 86.3014 0 255 255 255 255
288.677 86.7629 0 255 255 255 255
290.1 87.5579 0 255 255 255 255
288.342 87.7847 0 255 255 255 255
286.343 87.7434 0 255 255 255 255
284.343 87.7074 0 255 255 255 255
282.343 87.703 0 255 255 255 255
280.343 87.7338 0 255 255 255 255
278.344 87.7765 0 255 255 255 255
276.344 87.7995 0 255 255 255 255
309.9 100.5 0 255 255 255 255
307.93 100.208 0 255 255 255 255
306.226 99.1977 0 255 255 255 255
305.247 97.4816 0 255 255 255 255
305.186 95.4999 0 255 255 255 255
306.117 93.762 0 255 255 255 255
307.845 92.8087 0 255 255 255 255
309.823 92.842 0 255 255 255 255
311.418 93.9789 0 255 255 255 255
311.889 95.8836 0 255 255 255 255
311.134 97.6921 0 255 255 255 255
310.842 99.1878 0 255 255 255 255
312.718 98.6157 0 255 255 255 255
314.18 97.2605 0 255 255 255 255
315.347 95.6387 0 255 255 255 255
316.334 93.9003 0 255 255 255 255
317.198 92.0974 0 255 255 255 255
317.979 90.2561 0 255 255 255 255
318.692 88.3876 0 255 255 255 255
318.139 86.5418 0 255 255 255 255
317.357 84.7006 0 255 255 255 255
316.576 82.8596 0 255 255 255 255
315.795 81.0186 0 255 255 255 255
315.013 79.1774 0 255 255 255 255
314.232 77.3364 0 255 255 255 255
313.451 75.4954 0 255 255 255 255
312.669 73.6542 0 255 255 255 255
311.888 71.8132 0 255 255 255 255
311.107 69.9722 0 255 255 255 255
310.325 68.131 0 255 255 255 255
309.496 66.3116 0 255 255 255 255
308.424 64.6298 0 255 255 255 255
306.723 63.6457 0 255 255 255 255
304.9 63.1558 0 255 255 255 255
306.243 62.5463 0 255 255 255 255
308.243 62.5851 0 255 255 255 255
310.243 62.5985 0 255 255 255 255
312.243 62.6 0 255 255 255 255
314.243 62.5965 0 255 255 255 255
316.243 62.5757 0 255 255 255 255
318.242 62.5243 0 255 255 255 255
318.361 63.3567 0 255 255 255 255
316.384 63.6358 0 255 255 255 255
315.176 65.0702 0 255 255 255 255
315.446 67.039 0 255 255 255 255
316.115 68.9229 0 255 255 255 255
316.83 70.7906 0 255 255 255 255
317.546 72.6584 0 255 255 255 255
318.261 74.5261 0 255 255 255 255
318.976 76.3938 0 255 255 255 255
319.692 78.2615 0 255 255 255 255
320.407 80.1292 0 255 255 255 255
321.122 81.9969 0 255 255 255 255
321.814 80.5267 0 255 255 255 255
322.504 78.6492 0 255 255 255 255
323.193 76.7719 0 255 255 255 255
323.883 74.8943 0 255 255 255 255
324.572 73.017 0 255 255 255 255
325.261 71.1395 0 255 255 255 255
325.951 69.2621 0 255 255 255 255
326.525 67.348 0 255 255 255 255
326.656 65.3638 0 255 255 255 255
325.344 64.0005 0 255 255 255 255
323.389 63.5922 0 255 255 255 255
322.394 62.605 0 255 255 255 255
324.393 62.6769 0 255 255 255 255
326.393 62.6985 0 255 255 255 255
328.393 62.6998 0 255 255 255 255
330.393 62.6875 0 255 255 255 255
332.392 62.6342 0 255 255 255 255
332.622 63.5104 0 255 255 255 255
330.687 64.0116 0 255 255 255 255
329.067 65.1497 0 255 255 255 255
327.985 66.8247 0 255 255 255 255
327.178 68.6539 0 255 255 255 255
326.466 70.5229 0 255 255 255 255
325.762 72.395 0 255 255 255 255
325.059 74.2672 0 255 255 255 255
324.355 76.1394 0 255 255 255 255
323.652 78.0115 0 255 255 255 255
322.948 79.8837 0 255 255 255 255
322.245 81.7558 0 255 255 255 255
321.542 83.628 0 255 255 255 255
320.838 85.5002 0 255 255 255 255
320.142 87.3755 0 255 255 255 255
319.436 89.2466 0 255 255 255 255
318.689 91.1017 0 255 255 255 255
317.89 92.935 0 255 255 255 255
317.006 94.7288 0 255 255 255 255
316.017 96.4662 0 255 255 255 255
314.851 98.0886 0 255 255 255 255
313.411 99.4675 0 255 255 255 255
311.612 100.311 0 255 255 255 255
50.4 201.2 0 255 255 255 255
52.3717 200.865 0 255 255 255 255
54.1847 200.097 0 255 255 255 255
54.6966 198.208 0 255 255 255 255
54.7 196.208 0 255 255 255 255
54.7 194.208 0 255 255 255 255
54.7 192.208 0 255 255 255 255
54.7 190.208 0 255 255 255 255
54.7 188.208 0 255 255 255 255
54.7 186.208 0 255 255 255 255
54.7 184.208 0 255 255 255 255
54.7 182.208 0 255 255 255 255
54.7 180.208 0 255 255 255 255
54.7 178.208 0 255 255 255 255
54.7 176.208 0 255 255 255 255
54.7 174.208 0 255 255 255 255
54.7 172.208 0 255 255 255 255
54.7 170.208 0 255 255 255 255
54.7 168.208 0 255 255 255 255
54.6389 166.211 0 255 255 255 255
53.5247 164.691 0 255 255 255 255
51.5606 164.345 0 255 255 255 255
49.6 164.076 0 255 255 255 255
50.9954 163.215 0 255 255 255 255
52.955 162.815 0 255 255 255 255
54.9146 162.415 0 255 255 255 255
56.8742 162.015 0 255 255 255 255
58.8338 161.616 0 255 255 255 255
60.2308 162.332 0 255 255 255 255
60.0213 164.32 0 255 255 255 255
59.9238 166.318 0 255 255 255 255
59.9 168.318 0 255 255 255 255
59.9 170.317 0 255 255 255 255
59.9 172.318 0 255 255 255 255
59.9 174.318 0 255 255 255 255
59.9 176.317 0 255 255 255 255
59.9 178.318 0 255 255 255 255
59.9 180.317 0 255 255 255 255
59.9 182.317 0 255 255 255 255
59.9 184.318 0 255 255 255 255
59.9 186.317 0 255 255 255 255
59.9 188.317 0 255 255 255 255
59.9 190.318 0 255 255 255 255
59.9 192.317 0 255 255 255 255
59.9 194.318 0 255 255 255 255
59.9 196.318 0 255 255 255 255
59.9073 198.317 0 255 255 255 255
60.4773 200.182 0 255 255 255 255
62.3204 200.873 0 255 255 255 255
64.2936 201.199 0 255 255 255 255
63.1065 201.993 0 255 255 255 255
61.1068 201.956 0 255 255 255 255
59.1072 201.915 0 255 255 255 255
57.1073 201.9 0 255 255 255 255
55.1075 201.923 0 255 255 255 255
53.1079 201.965 0 255 255 255 255
51.1082 201.997 0 255 255 255 255
66.5 201.2 0 255 255 255 255
68.4717 200.865 0 255 255 255 255
70.2847 200.097 0 255 255 255 255
70.7966 198.208 0 255 255 255 255
70.8 196.208 0 255 255 255 255
70.8 194.208 0 255 255 255 255
70.8 192.208 0 255 255 255 255
70.8 190.208 0 255 255 255 255
70.8 188.208 0 255 255 255 255
70.8 186.208 0 255 255 255 255
70.8 184.208 0 255 255 255 255
70.7972 182.208 0 255 255 255 255
70.4582 180.254 0 255 255 255 255
68.8124 179.257 0 255 255 255 255
66.8266 179.025 0 255 255 255 255
65.8623 178.163 0 255 255 255 255
67.8128 177.721 0 255 255 255 255
69.7633 177.278 0 255 255 255 255
71.7137 176.836 0 255 255 255 255
73.6642 176.394 0 255 255 255 255
75.6108 176.063 0 255 255 255 255
76.2484 177.466 0 255 255 255 255
76.0812 179.459 0 255 255 255 255
76.0077 181.457 0 255 255 255 255
76 183.457 0 255 255 255 255
76 185.457 0 255 255 255 255
76 187.457 0 255 255 255 255
76 189.457 0 255 255 255 255
76 191.457 0 255 255 255 255
76 193.457 0 255 255 255 255
76 195.457 0 255 255 255 255
76 197.457 0 255 255 255 255
76.174 199.441 0 255 255 255 255
77.636 200.674 0 255 255 255 255
79.5956 201.066 0 255 255 255 255
80.0154 201.999 0 255 255 255 255
78.0156 201.973 0 255 255 255 255
76.0161 201.93 0 255 255 255 255
74.0163 201.902 0 255 255 255 255
72.0164 201.91 0 255 255 255 255
70.0167 201.947 0 255 255 255 255
68.0171 201.987 0 255 255 255 255
66.4 201.617 0 255 255 255 255
72.8 170.1 0 255 255 255 255
70.8885 169.595 0 255 255 255 255
69.5125 168.181 0 255 255 255 255
69.1103 166.249 0 255 255 255 255
69.7531 164.384 0 255 255 255 255
71.3146 163.178 0 255 255 255 255
73.2792 162.926 0 255 255 255 255
75.1476 163.576 0 255 255 255 255
76.3589 165.127 0 255 255 255 255
76.5591 167.096 0 255 255 255 255
75.7756 168.904 0 255 255 255 255
74.0935 169.932 0 255 255 255 255
82.2 201.2 0 255 255 255 255
84.1716 200.865 0 255 255 255 255
85.9741 200.073 0 255 255 255 255
86.4967 198.188 0 255 255 255 255
86.5 196.188 0 255 255 255 255
86.5 194.188 0 255 255 255 255
86.5 192.188 0 255 255 255 255
86.5 190.188 0 255 255 255 255
86.5 188.188 0 255 255 255 255
86.5 186.188 0 255 255 255 255
86.5 184.188 0 255 255 255 255
86.4969 182.188 0 255 255 255 255
86.1481 180.236 0 255 255 255 255
84.4919 179.253 0 255 255 255 255
82.5059 179.023 0 255 255 255 255
81.5825 178.158 0 255 255 255 255
83.5313 177.708 0 255 255 255 255
85.4801 177.258 0 255 255 255 255
87.4289 176.809 0 255 255 255 255
89.3777 176.359 0 255 255 255 255
91.3046 176.368 0 255 255 255 255
91.3057 178.297 0 255 255 255 255
91.2182 180.295 0 255 255 255 255
91.1433 182.294 0 255 255 255 255
91.0818 184.293 0 255 255 255 255
91.0355 186.292 0 255 255 255 255
91.0071 188.292 0 255 255 255 255
91.0105 189.308 0 255 255 255 255
91.1101 187.311 0 255 255 255 255
91.3778 185.33 0 255 255 255 255
91.8284 183.382 0 255 255 255 255
92.4985 181.5 0 255 255 255 255
93.4331 179.736 0 255 255 255 255
94.6738 178.172 0 255 255 255 255
96.2474 176.948 0 255 255 255 255
98.0857 176.18 0 255 255 255 255
100.061 175.907 0 255 255 255 255
102.051 176.065 0 255 255 255 255
103.957 176.652 0 255 255 255 255
105.62 177.748 0 255 255 255 255
106.863 179.303 0 255 255 255 255
107.597 181.155 0 255 255 255 255
107.881 183.131 0 255 255 255 255
107.9 185.13 0 255 255 255 255
107.9 187.13 0 255 255 255 255
107.9 189.13 0 255 255 255 255
107.9 191.13 0 255 255 255 255
107.9 193.13 0 255 255 255 255
107.9 195.13 0 255 255 255 255
107.9 197.13 0 255 255 255 255
107.999 199.125 0 255 255 255 255
109.247 200.544 0 255 255 255 255
111.206 200.934 0 255 255 255 255
112.007 201.9 0 255 255 255 255
110.008 201.877 0 255 255 255 255
108.008 201.833 0 255 255 255 255
106.008 201.803 0 255 255 255 255
104.008 201.809 0 255 255 255 255
102.009 201.845 0 255 255 255 255
100.009 201.886 0 255 255 255 255
98.3 201.609 0 255 255 255 255
99.7705 200.855 0 255 255 255 255
101.696 200.341 0 255 255 255 255
102.662 198.702 0 255 255 255 255
102.7 196.703 0 255 255 255 255
102.7 194.703 0 255 255 255 255
102.7 192.704 0 255 255 255 255
102.7 190.704 0 255 255 255 255
102.7 188.704 0 255 255 255 255
102.7 186.703 0 255 255 255 255
102.7 184.703 0 255 255 255 255
102.672 182.704 0 255 255 255 255
102.417 180.723 0 255 255 255 255
101.642 178.893 0 255 255 255 255
100.06 177.729 0 255 255 255 255
98.0847 177.528 0 255 255 255 255
96.2067 178.164 0 255 255 255 255
94.6844 179.447 0 255 255 255 255
93.5332 181.078 0 255 255 255 255
92.7049 182.896 0 255 255 255 255
92.1354 184.811 0 255 255 255 255
91.7848 186.779 0 255 255 255 255
91.6216 188.771 0 255 255 255 255
91.6 190.771 0 255 255 255 255
91.6 192.771 0 255 255 255 255
91.6 194.771 0 255 255 255 255
91.6 196.771 0 255 255 255 255
91.6383 198.77 0 255 255 255 255
92.6004 200.418 0 255 255 255 255
94.5184 200.953 0 255 255 255 255
96 201.698 0 255 255 255 255
94.3021 201.986 0 255 255 255 255
92.3026 201.945 0 255 255 255 255
90.3029 201.908 0 255 255 255 255
88.3029 201.903 0 255 255 255 255
86.3032 201.933 0 255 255 255 255
84.3037 201.975 0 255 255 255 255
82.3038 201.999 0 255 255 255 255
113.8 201.2 0 255 255 255 255
115.772 200.865 0 255 255 255 255
117.585 200.097 0 255 255 255 255
118.097 198.208 0 255 255 255 255
118.1 196.208 0 255 255 255 255
118.1 194.208 0 255 255 255 255
118.1 192.208 0 255 255 255 255
118.1 190.208 0 255 255 255 255
118.1 188.208 0 255 255 255 255
118.1 186.208 0 255 255 255 255
118.1 184.208 0 255 255 255 255
118.1 182.208 0 255 255 255 255
118.1 180.208 0 255 255 255 255
118.1 178.208 0 255 255 255 255
118.1 176.208 0 255 255 255 255
118.1 174.208 0 255 255 255 255
118.1 172.208 0 255 255 255 255
118.1 170.208 0 255 255 255 255
118.1 168.208 0 255 255 255 255
118.039 166.211 0 255 255 255 255
116.925 164.691 0 255 255 255 255
114.961 164.345 0 255 255 255 255
113 164.076 0 255 255 255 255
114.395 163.215 0 255 255 255 255
116.355 162.815 0 255 255 255 255
118.315 162.415 0 255 255 255 255
120.274 162.015 0 255 255 255 255
122.234 161.616 0 255 255 255 255
123.631 162.332 0 255 255 255 255
123.421 164.32 0 255 255 255 255
123.324 166.318 0 255 255 255 255
123.3 168.318 0 255 255 255 255
123.3 170.317 0 255 255 255 255
123.3 172.318 0 255 255 255 255
123.3 174.318 0 255 255 255 255
123.3 176.317 0 255 255 255 255
123.3 178.318 0 255 255 255 255
123.3 180.317 0 255 255 255 255
123.3 182.317 0 255 255 255 255
123.3 184.318 0 255 255 255 255
123.3 186.317 0 255 255 255 255
123.3 188.317 0 255 255 255 255
123.3 190.318 0 255 255 255 255
123.3 192.317 0 255 255 255 255
123.3 194.318 0 255 255 255 255
123.3 196.318 0 255 255 255 255
123.306 198.317 0 255 255 255 255
123.887 200.173 0 255 255 255 255
125.729 200.886 0 255 255 255 255
127.5 201.401 0 255 255 255 255
126.099 201.99 0 255 255 255 255
124.099 201.949 0 255 255 255 255
122.1 201.909 0 255 255 255 255
120.1 201.903 0 255 255 255 255
118.1 201.933 0 255 255 255 255
116.101 201.975 0 255 255 255 255
114.101 201.999 0 255 255 255 255
136.5 196.9 0 255 255 255 255
137.819 198.403 0 255 255 255 255
139.232 199.817 0 255 255 255 255
140.966 200.779 0 255 255 255 255
142.7 201.415 0 255 255 255 255
141.285 201.989 0 255 255 255 255
139.285 201.949 0 255 255 255 255
137.286 201.91 0 255 255 255 255
135.286 201.903 0 255 255 255 255
133.286 201.934 0 255 255 255 255
131.286 201.977 0 255 255 255 255
129.286 202 0 255 255 255 255
130.094 201.001 0 255 255 255 255
131.786 200.128 0 255 255 255 255
130.9 198.393 0 255 255 255 255
129.656 196.827 0 255 255 255 255
128.403 195.268 0 255 255 255 255
127.149 193.71 0 255 255 255 255
125.896 192.151 0 255 255 255 255
124.642 190.593 0 255 255 255 255
123.389 189.035 0 255 255 255 255
124.41 187.608 0 255 255 255 255
125.835 186.204 0 255 255 255 255
127.26 184.801 0 255 255 255 255
128.685 183.397 0 255 255 255 255
130.107 181.991 0 255 255 255 255
131.377 180.452 0 255 255 255 255
131.389 178.596 0 255 255 255 255
129.565 177.847 0 255 255 255 255
127.6 177.495 0 255 255 255 255
128.804 176.743 0 255 255 255 255
130.803 176.785 0 255 255 255 255
132.803 176.799 0 255 255 255 255
134.803 176.8 0 255 255 255 255
136.803 176.796 0 255 255 255 255
138.803 176.775 0 255 255 255 255
140.802 176.723 0 255 255 255 255
140.806 177.599 0 255 255 255 255
138.838 177.95 0 255 255 255 255
136.923 178.521 0 255 255 255 255
135.111 179.363 0 255 255 255 255
133.426 180.438 0 255 255 255 255
131.869 181.693 0 255 255 255 255
130.409 183.059 0 255 255 255 255
128.935 184.41 0 255 255 255 255
127.46 185.761 0 255 255 255 255
128.269 187.253 0 255 255 255 255
129.567 188.774 0 255 255 255 255
130.865 190.296 0 255 255 255 255
132.163 191.817 0 255 255 255 255
133.462 193.339 0 255 255 255 255
134.76 194.86 0 255 255 255 255
136.058 196.382 0 255 255 255 255
153.4 202.7 0 255 255 255 255
151.405 202.577 0 255 255 255 255
149.453 202.156 0 255 255 255 255
147.619 201.369 0 255 255 255 255
146.005 200.195 0 255 255 255 255
144.992 201.721 0 255 255 255 255
144.1 202.007 0 255 255 255 255
144.1 200.007 0 255 255 255 255
144.1 198.007 0 255 255 255 255
144.1 196.007 0 255 255 255 255
144.1 194.007 0 255 255 255 255
144.1 192.007 0 255 255 255 255
145.364 192.957 0 255 255 255 255
145.978 194.86 0 255 255 255 255
146.734 196.711 0 255 255 255 255
147.696 198.462 0 255 255 255 255
148.937 200.026 0 255 255 255 255
150.532 201.217 0 255 255 255 255
152.425 201.828 0 255 255 255 255
154.419 201.832 0 255 255 255 255
156.324 201.256 0 255 255 255 255
157.823 199.962 0 255 255 255 255
158.539 198.115 0 255 255 255 255
158.486 196.126 0 255 255 255 255
157.633 194.342 0 255 255 255 255
156.101 193.071 0 255 255 255 255
154.325 192.154 0 255 255 255 255
152.478 191.386 0 255 255 255 255
150.613 190.664 0 255 255 255 255
148.812 189.798 0 255 255 255 255
147.165 188.669 0 255 255 255 255
145.837 187.184 0 255 255 255 255
145.006 185.375 0 255 255 255 255
144.711 183.403 0 255 255 255 255
144.918 181.422 0 255 255 255 255
145.698 179.589 0 255 255 255 255
146.968 178.052 0 255 255 255 255
148.592 176.893 0 255 255 255 255
150.438 176.133 0 255 255 255 255
152.399 175.759 0 255 255 255 255
154.396 175.732 0 255 255 255 255
156.365 176.065 0 255 255 255 255
158.202 176.839 0 255 255 255 255
159.751 177.914 0 255 255 255 255
160.768 176.192 0 255 255 255 255
161.4 176.945 0 255 255 255 255
161.4 178.945 0 255 255 255 255
161.4 180.945 0 255 255 255 255
161.4 182.945 0 255 255 255 255
161.4 184.945 0 255 255 255 255
160.256 184.875 0 255 255 255 255
159.669 182.963 0 255 255 255 255
158.94 181.102 0 255 255 255 255
157.994 179.342 0 255 255 255 255
156.709 177.818 0 255 255 255 255
154.991 176.825 0 255 255 255 255
153.014 176.615 0 255 255 255 255
151.07 177.042 0 255 255 255 255
149.48 178.219 0 255 255 255 255
148.679 180.028 0 255 255 255 255
148.716 182.015 0 255 255 255 255
149.624 183.769 0 255 255 255 255
151.201 184.986 0 255 255 255 255
152.994 185.868 0 255 255 255 255
154.853 186.607 0 255 255 255 255
156.715 187.334 0 255 255 255 255
158.495 188.244 0 255 255 255 255
160.107 189.423 0 255 255 255 255
161.418 190.925 0 255 255 255 255
162.27 192.725 0 255 255 255 255
162.587 194.693 0 255 255 255 255
162.389 196.676 0 255 255 255 255
161.677 198.537 0 255 255 255 255
160.469 200.122 0 255 255 255 255
158.883 201.331 0 255 255 255 255
157.06 202.144 0 255 255 255 255
155.112 202.582 0 255 255 255 255
60.6 316.7 0 255 255 255 255
58.6157 316.487 0 255 255 255 255
56.7629 315.76 0 255 255 255 255
55.2932 314.425 0 255 255 255 255
54.4235 312.637 0 255 255 255 255
54.1152 310.666 0 255 255 255 255
54.1 308.667 0 255 255 255 255
54.1 306.667 0 255 255 255 255
54.1 304.667 0 255 255 255 255
54.1 302.667 0 255 255 255 255
54.1 300.667 0 255 255 255 255
54.1 298.667 0 255 255 255 255
54.1 296.667 0 255 255 255 255
54.1 294.667 0 255 255 255 255
53.8688 292.868 0 255 255 255 255
51.8874 292.596 0 255 255 255 255
49.906 292.324 0 255 255 255 255
49.1837 291.275 0 255 255 255 255
51.1647 290.999 0 255 255 255 255
53.1433 290.709 0 255 255 255 255
54.9723 289.95 0 255 255 255 255
56.0746 288.314 0 255 255 255 255
56.5455 286.373 0 255 255 255 255
56.9377 284.411 0 255 255 255 255
57.8626 283.1 0 255 255 255 255
59.6937 283.262 0 255 255 255 255
59.6158 285.261 0 255 255 255 255
59.5379 287.259 0 255 255 255 255
59.4601 289.258 0 255 255 255 255
59.8567 290.8 0 255 255 255 255
61.8567 290.8 0 255 255 255 255
63.8567 290.8 0 255 255 255 255
65.8567 290.8 0 255 255 255 255
67.8 290.857 0 255 255 255 255
67.144 292.231 0 255 255 255 255
65.1463 292.326 0 255 255 255 255
63.1485 292.422 0 255 255 255 255
61.1508 292.517 0 255 255 255 255
59.4 292.847 0 255 255 255 255
59.4 294.847 0 255 255 255 255
59.4 296.847 0 255 255 255 255
59.4 298.847 0 255 255 255 255
59.4 300.847 0 255 255 255 255
59.4 302.847 0 255 255 255 255
59.4 304.847 0 255 255 255 255
59.4 306.847 0 255 255 255 255
59.4 308.847 0 255 255 255 255
59.4099 310.847 0 255 255 255 255
59.6669 312.826 0 255 255 255 255
60.6515 314.528 0 255 255 255 255
62.5271 315.098 0 255 255 255 255
64.4015 314.514 0 255 255 255 255
65.6978 313.011 0 255 255 255 255
66.5012 311.183 0 255 255 255 255
67.4466 309.921 0 255 255 255 255
67.3804 311.583 0 255 255 255 255
66.6182 313.428 0 255 255 255 255
65.4373 315.031 0 255 255 255 255
63.7827 316.132 0 255 255 255 255
61.853 316.63 0 255 255 255 255
69.8 315.3 0 255 255 255 255
71.7717 314.965 0 255 255 255 255
73.5847 314.197 0 255 255 255 255
74.0966 312.308 0 255 255 255 255
74.1 310.308 0 255 255 255 255
74.1 308.308 0 255 255 255 255
74.1 306.308 0 255 255 255 255
74.1 304.308 0 255 255 255 255
74.1 302.308 0 255 255 255 255
74.1 300.308 0 255 255 255 255
74.1 298.308 0 255 255 255 255
74.0972 296.308 0 255 255 255 255
73.7582 294.354 0 255 255 255 255
72.1124 293.357 0 255 255 255 255
70.1266 293.125 0 255 255 255 255
69.1623 292.263 0 255 255 255 255
71.1128 291.821 0 255 255 255 255
73.0632 291.378 0 255 255 255 255
75.0137 290.936 0 255 255 255 255
76.9642 290.494 0 255 255 255 255
78.9108 290.163 0 255 255 255 255
79.5484 291.566 0 255 255 255 255
79.3812 293.559 0 255 255 255 255
79.3077 295.557 0 255 255 255 255
79.3 297.557 0 255 255 255 255
79.3 299.557 0 255 255 255 255
79.3 301.557 0 255 255 255 255
79.3 303.557 0 255 255 255 255
79.3 305.557 0 255 255 255 255
79.3 307.557 0 255 255 255 255
79.3 309.557 0 255 255 255 255
79.3 311.557 0 255 255 255 255
79.4739 313.541 0 255 255 255 255
80.936 314.774 0 255 255 255 255
82.8956 315.166 0 255 255 255 255
83.3155 316.099 0 255 255 255 255
81.3156 316.073 0 255 255 255 255
79.3161 316.03 0 255 255 255 255
77.3163 316.002 0 255 255 255 255
75.3164 316.01 0 255 255 255 255
73.3167 316.047 0 255 255 255 255
71.3171 316.087 0 255 255 255 255
69.7 315.717 0 255 255 255 255
76.1 284.3 0 255 255 255 255
74.1885 283.794 0 255 255 255 255
72.8125 282.381 0 255 255 255 255
72.4103 280.449 0 255 255 255 255
73.0531 278.584 0 255 255 255 255
74.6146 277.378 0 255 255 255 255
76.5792 277.126 0 255 255 255 255
78.4476 277.776 0 255 255 255 255
79.6589 279.327 0 255 255 255 255
79.834 281.294 0 255 255 255 255
79.0106 283.088 0 255 255 255 255
77.3389 284.133 0 255 255 255 255
123.9 316 0 255 255 255 255
121.9 316.019 0 255 255 255 255
119.901 316.061 0 255 255 255 255
117.901 316.095 0 255 255 255 255
117.096 315.267 0 255 255 255 255
119.067 314.925 0 255 255 255 255
120.836 314.078 0 255 255 255 255
121.298 312.169 0 255 255 255 255
121.3 310.169 0 255 255 255 255
121.3 308.169 0 255 255 255 255
121.3 306.169 0 255 255 255 255
121.3 304.169 0 255 255 255 255
121.3 302.169 0 255 255 255 255
121.3 300.169 0 255 255 255 255
121.3 298.169 0 255 255 255 255
121.209 296.172 0 255 255 255 255
120.782 294.223 0 255 255 255 255
119.727 292.549 0 255 255 255 255
117.931 291.745 0 255 255 255 255
115.96 291.934 0 255 255 255 255
114.256 292.953 0 255 255 255 255
112.969 294.475 0 255 255 255 255
112.042 296.243 0 255 255 255 255
111.403 298.136 0 255 255 255 255
110.99 300.092 0 255 255 255 255
110.768 302.078 0 255 255 255 255
110.7 304.077 0 255 255 255 255
110.7 306.077 0 255 255 255 255
110.7 308.077 0 255 255 255 255
110.7 310.077 0 255 255 255 255
110.701 312.077 0 255 255 255 255
111.064 314.018 0 255 255 255 255
112.784 314.916 0 255 255 255 255
114.757 315.243 0 255 255 255 255
114.247 316.096 0 255 255 255 255
112.248 316.064 0 255 255 255 255
110.248 316.021 0 255 255 255 255
108.248 316 0 255 255 255 255
106.248 316.017 0 255 255 255 255
104.249 316.059 0 255 255 255 255
102.249 316.094 0 255 255 255 255
101.15 315.292 0 255 255 255 255
103.122 314.955 0 255 255 255 255
104.938 314.189 0 255 255 255 255
105.496 312.317 0 255 255 255 255
105.5 310.317 0 255 255 255 255
105.5 308.317 0 255 255 255 255
105.5 306.317 0 255 255 255 255
105.5 304.317 0 255 255 255 255
105.5 302.317 0 255 255 255 255
105.5 300.317 0 255 255 255 255
105.5 298.317 0 255 255 255 255
105.42 296.32 0 255 255 255 255
105.014 294.366 0 255 255 255 255
104.017 292.653 0 255 255 255 255
102.269 291.757 0 255 255 255 255
100.295 291.912 0 255 255 255 255
98.566 292.888 0 255 255 255 255
97.2447 294.38 0 255 255 255 255
96.289 296.133 0 255 255 255 255
95.6314 298.019 0 255 255 255 255
95.207 299.972 0 255 255 255 255
94.9749 301.958 0 255 255 255 255
94.9 303.956 0 255 255 255 255
94.9 305.956 0 255 255 255 255
94.9 307.956 0 255 255 255 255
94.9 309.956 0 255 255 255 255
94.9 311.956 0 255 255 255 255
95.2024 313.914 0 255 255 255 255
96.8654 314.894 0 255 255 255 255
98.8381 315.223 0 255 255 255 255
98.5683 316.097 0 255 255 255 255
96.5685 316.066 0 255 255 255 255
94.569 316.023 0 255 255 255 255
92.5691 316.001 0 255 255 255 255
90.5692 316.015 0 255 255 255 255
88.5697 316.055 0 255 255 255 255
86.57 316.092 0 255 255 255 255
85.3 315.37 0 255 255 255 255
87.2031 314.979 0 255 255 255 255
89.0346 314.246 0 255 255 255 255
89.5942 312.378 0 255 255 255 255
89.6 310.379 0 255 255 255 255
89.6 308.379 0 255 255 255 255
89.6 306.379 0 255 255 255 255
89.6 304.379 0 255 255 255 255
89.6 302.378 0 255 255 255 255
89.6 300.378 0 255 255 255 255
89.6 298.378 0 255 255 255 255
89.5982 296.378 0 255 255 255 255
89.287 294.418 0 255 255 255 255
87.6814 293.369 0 255 255 255 255
85.6962 293.133 0 255 255 255 255
84.5939 292.278 0 255 255 255 255
86.5428 291.829 0 255 255 255 255
88.4915 291.379 0 255 255 255 255
90.4402 290.929 0 255 255 255 255
92.3892 290.479 0 255 255 255 255
94.3184 290.439 0 255 255 255 255
94.41 292.306 0 255 255 255 255
94.322 294.304 0 255 255 255 255
94.2465 296.303 0 255 255 255 255
94.1843 298.302 0 255 255 255 255
94.1371 300.301 0 255 255 255 255
94.1081 302.301 0 255 255 255 255
94.1085 303.499 0 255 255 255 255
94.2 301.502 0 255 255 255 255
94.451 299.518 0 255 255 255 255
94.8764 297.565 0 255 255 255 255
95.5159 295.672 0 255 255 255 255
96.4162 293.89 0 255 255 255 255
97.6226 292.3 0 255 255 255 255
99.1644 291.037 0 255 255 255 255
100.995 290.253 0 255 255 255 255
102.973 290.002 0 255 255 255 255
104.956 290.224 0 255 255 255 255
106.814 290.942 0 255 255 255 255
108.333 292.225 0 255 255 255 255
109.34 293.942 0 255 255 255 255
109.854 295.869 0 255 255 255 255
110 297.862 0 255 255 255 255
109.94 299.861 0 255 255 255 255
109.995 300.346 0 255 255 255 255
110.355 298.38 0 255 255 255 255
110.913 296.46 0 255 255 255 255
111.712 294.629 0 255 255 255 255
112.799 292.954 0 255 255 255 255
114.207 291.542 0 255 255 255 255
115.926 290.534 0 255 255 255 255
117.859 290.048 0 255 255 255 255
119.855 290.07 0 255 255 255 255
121.796 290.529 0 255 255 255 255
123.535 291.5 0 255 255 255 255
124.895 292.954 0 255 255 255 255
125.758 294.75 0 255 255 255 255
126.144 296.708 0 255 255 255 255
126.2 298.706 0 255 255 255 255
126.2 300.706 0 255 255 255 255
126.2 302.706 0 255 255 255 255
126.2 304.706 0 255 255 255 255
126.2 306.706 0 255 255 255 255
126.2 308.706 0 255 255 255 255
126.2 310.706 0 255 255 255 255
126.229 312.705 0 255 255 255 255
127.085 314.417 0 255 255 255 255
129.004 314.934 0 255 255 255 255
130.6 315.582 0 255 255 255 255
129.018 316.041 0 255 255 255 255
127.019 316.034 0 255 255 255 255
125.019 316.006 0 255 255 255 255
144.6 316.8 0 255 255 255 255
142.61 316.622 0 255 255 255 255
140.682 316.102 0 255 255 255 255
138.875 315.253 0 255 255 255 255
137.245 314.101 0 255 255 255 255
135.84 312.683 0 255 255 255 255
134.695 311.047 0 255 255 255 255
133.825 309.25 0 255 255 255 255
133.229 307.342 0 255 255 255 255
132.907 305.37 0 255 255 255 255
132.805 303.374 0 255 255 255 255
132.937 301.38 0 255 255 255 255
133.298 299.415 0 255 255 255 255
133.92 297.516 0 255 255 255 255
134.827 295.736 0 255 255 255 255
136.002 294.121 0 255 255 255 255
137.427 292.723 0 255 255 255 255
139.068 291.585 0 255 255 255 255
140.877 290.741 0 255 255 255 255
142.802 290.211 0 255 255 255 255
144.789 290.009 0 255 255 255 255
146.783 290.12 0 255 255 255 255
148.73 290.568 0 255 255 255 255
150.551 291.382 0 255 255 255 255
152.139 292.59 0 255 255 255 255
153.365 294.163 0 255 255 255 255
154.166 295.988 0 255 255 255 255
154.547 297.948 0 255 255 255 255
154.576 299.945 0 255 255 255 255
154.277 301.9 0 255 255 255 255
152.277 301.887 0 255 255 255 255
150.277 301.875 0 255 255 255 255
148.277 301.862 0 255 255 255 255
146.277 301.849 0 255 255 255 255
144.277 301.837 0 255 255 255 255
142.277 301.824 0 255 255 255 255
140.277 301.811 0 255 255 255 255
138.468 302.02 0 255 255 255 255
138.41 304.017 0 255 255 255 255
138.529 306.013 0 255 255 255 255
138.838 307.988 0 255 255 255 255
139.39 309.907 0 255 255 255 255
140.266 311.7 0 255 255 255 255
141.534 313.238 0 255 255 255 255
143.202 314.327 0 255 255 255 255
145.129 314.837 0 255 255 255 255
147.123 314.838 0 255 255 255 255
149.054 314.34 0 255 255 255 255
150.785 313.351 0 255 255 255 255
152.229 311.973 0 255 255 255 255
153.388 310.347 0 255 255 255 255
154.152 310.707 0 255 255 255 255
153.142 312.431 0 255 255 255 255
151.88 313.979 0 255 255 255 255
150.342 315.251 0 255 255 255 255
148.559 316.147 0 255 255 255 255
146.625 316.645 0 255 255 255 255
144.633 316.799 0 255 255 255 255
149.3 299.7 0 255 255 255 255
149.456 297.707 0 255 255 255 255
149.423 295.708 0 255 255 255 255
149.062 293.746 0 255 255 255 255
148.111 292.006 0 255 255 255 255
146.433 290.969 0 255 255 255 255
144.449 290.839 0 255 255 255 255
142.557 291.443 0 255 255 255 255
141.06 292.751 0 255 255 255 255
140.031 294.458 0 255 255 255 255
139.354 296.338 0 255 255 255 255
138.928 298.291 0 255 255 255 255
138.671 300.274 0 255 255 255 255
139.768 301.023 0 255 255 255 255
141.764 300.891 0 255 255 255 255
143.759 300.759 0 255 255 255 255
145.755 300.628 0 255 255 255 255
147.751 300.496 0 255 255 255 255
149.274 299.859 0 255 255 255 255
158 302.6 0 255 255 255 255
160 302.6 0 255 255 255 255
162 302.6 0 255 255 255 255
164 302.6 0 255 255 255 255
166 302.6 0 255 255 255 255
168 302.6 0 255 255 255 255
170 302.6 0 255 255 255 255
171 303.6 0 255 255 255 255
169.7 304.3 0 255 255 255 255
167.7 304.3 0 255 255 255 255
165.7 304.3 0 255 255 255 255
163.7 304.3 0 255 255 255 255
161.7 304.3 0 255 255 255 255
159.7 304.3 0 255 255 255 255
158 304 0 255 255 255 255
60.6 430.8 0 255 255 255 255
58.6157 430.587 0 255 255 255 255
56.7629 429.86 0 255 255 255 255
55.2932 428.525 0 255 255 255 255
54.4235 426.737 0 255 255 255 255
54.1152 424.766 0 255 255 255 255
54.1 422.767 0 255 255 255 255
54.1 420.767 0 255 255 255 255
54.1 418.767 0 255 255 255 255
54.1 416.767 0 255 255 255 255
54.1 414.767 0 255 255 255 255
54.1 412.767 0 255 255 255 255
54.1 410.767 0 255 255 255 255
54.1 408.767 0 255 255 255 255
53.8688 406.968 0 255 255 255 255
51.8874 406.696 0 255 255 255 255
49.906 406.424 0 255 255 255 255
49.1837 405.374 0 255 255 255 255
51.1647 405.099 0 255 255 255 255
53.1433 404.809 0 255 255 255 255
54.9723 404.05 0 255 255 255 255
56.0746 402.414 0 255 255 255 255
56.5455 400.473 0 255 255 255 255
56.9377 398.511 0 255 255 255 255
57.8626 397.2 0 255 255 255 255
59.6937 397.362 0 255 255 255 255
59.6158 399.361 0 255 255 255 255
59.5379 401.359 0 255 255 255 255
59.4601 403.358 0 255 255 255 255
59.8567 404.9 0 255 255 255 255
61.8567 404.9 0 255 255 255 255
63.8567 404.9 0 255 255 255 255
65.8567 404.9 0 255 255 255 255
67.8 404.957 0 255 255 255 255
67.144 406.331 0 255 255 255 255
65.1463 406.426 0 255 255 255 255
63.1485 406.521 0 255 255 255 255
61.1508 406.617 0 255 255 255 255
59.4 406.947 0 255 255 255 255
59.4 408.947 0 255 255 255 255
59.4 410.947 0 255 255 255 255
59.4 412.947 0 255 255 255 255
59.4 414.947 0 255 255 255 255
59.4 416.947 0 255 255 255 255
59.4 418.947 0 255 255 255 255
59.4 420.947 0 255 255 255 255
59.4 422.947 0 255 255 255 255
59.4099 424.947 0 255 255 255 255
59.6669 426.926 0 255 255 255 255
60.6515 428.628 0 255 255 255 255
62.5271 429.198 0 255 255 255 255
64.4015 428.614 0 255 255 255 255
65.6978 427.111 0 255 255 255 255
66.5012 425.283 0 255 255 255 255
67.4466 424.021 0 255 255 255 255
67.3804 425.683 0 255 255 255 255
66.6182 427.528 0 255 255 255 255
65.4373 429.131 0 255 255 255 255
63.7827 430.232 0 255 255 255 255
61.853 430.73 0 255 255 255 255
69.8 429.4 0 255 255 255 255
71.7717 429.065 0 255 255 255 255
73.5847 428.297 0 255 255 255 255
74.0966 426.408 0 255 255 255 255
74.1 424.408 0 255 255 255 255
74.1 422.408 0 255 255 255 255
74.1 420.408 0 255 255 255 255
74.1 418.408 0 255 255 255 255
74.1 416.408 0 255 255 255 255
74.1 414.408 0 255 255 255 255
74.1 412.408 0 255 255 255 255
74.0972 410.408 0 255 255 255 255
73.7582 408.454 0 255 255 255 255
72.1124 407.457 0 255 255 255 255
70.1266 407.225 0 255 255 255 255
69.1623 406.363 0 255 255 255 255
71.1128 405.921 0 255 255 255 255
73.0632 405.478 0 255 255 255 255
75.0137 405.036 0 255 255 255 255
76.9642 404.594 0 255 255 255 255
78.9108 404.263 0 255 255 255 255
79.5484 405.666 0 255 255 255 255
79.3812 407.659 0 255 255 255 255
79.3077 409.657 0 255 255 255 255
79.3 411.657 0 255 255 255 255
79.3 413.657 0 255 255 255 255
79.3 415.657 0 255 255 255 255
79.3 417.657 0 255 255 255 255
79.3 419.657 0 255 255 255 255
79.3 421.657 0 255 255 255 255
79.3 423.657 0 255 255 255 255
79.3 425.657 0 255 255 255 255
79.4739 427.641 0 255 255 255 255
80.9361 428.874 0 255 255 255 255
82.8956 429.266 0 255 255 255 255
83.3154 430.199 0 255 255 255 255
81.3156 430.173 0 255 255 255 255
79.3161 430.13 0 255 255 255 255
77.3163 430.102 0 255 255 255 255
75.3163 430.11 0 255 255 255 255
73.3167 430.147 0 255 255 255 255
71.3171 430.187 0 255 255 255 255
69.7 429.817 0 255 255 255 255
76.1 398.4 0 255 255 255 255
74.1885 397.895 0 255 255 255 255
72.8125 396.481 0 255 255 255 255
72.4103 394.549 0 255 255 255 255
73.0531 392.684 0 255 255 255 255
74.6146 391.478 0 255 255 255 255
76.5792 391.226 0 255 255 255 255
78.4476 391.876 0 255 255 255 255
79.6589 393.427 0 255 255 255 255
79.834 395.394 0 255 255 255 255
79.0106 397.188 0 255 255 255 255
77.3389 398.233 0 255 255 255 255
123.9 430.1 0 255 255 255 255
121.9 430.119 0 255 255 255 255
119.901 430.161 0 255 255 255 255
117.901 430.195 0 255 255 255 255
117.096 429.367 0 255 255 255 255
119.067 429.025 0 255 255 255 255
120.836 428.178 0 255 255 255 255
121.298 426.269 0 255 255 255 255
121.3 424.269 0 255 255 255 255
121.3 422.269 0 255 255 255 255
121.3 420.269 0 255 255 255 255
121.3 418.269 0 255 255 255 255
121.3 416.269 0 255 255 255 255
121.3 414.269 0 255 255 255 255
121.3 412.269 0 255 255 255 255
121.209 410.272 0 255 255 255 255
120.782 408.323 0 255 255 255 255
119.727 406.649 0 255 255 255 255
117.931 405.845 0 255 255 255 255
115.96 406.034 0 255 255 255 255
114.256 407.053 0 255 255 255 255
112.969 408.575 0 255 255 255 255
112.042 410.343 0 255 255 255 255
111.403 412.236 0 255 255 255 255
110.99 414.192 0 255 255 255 255
110.768 416.178 0 255 255 255 255
110.7 418.177 0 255 255 255 255
110.7 420.177 0 255 255 255 255
110.7 422.177 0 255 255 255 255
110.7 424.177 0 255 255 255 255
110.701 426.177 0 255 255 255 255
111.064 428.118 0 255 255 255 255
112.784 429.016 0 255 255 255 255
114.757 429.343 0 255 255 255 255
114.247 430.196 0 255 255 255 255
112.248 430.164 0 255 255 255 255
110.248 430.121 0 255 255 255 255
108.248 430.1 0 255 255 255 255
106.248 430.117 0 255 255 255 255
104.249 430.159 0 255 255 255 255
102.249 430.194 0 255 255 255 255
101.15 429.392 0 255 255 255 255
103.122 429.055 0 255 255 255 255
104.938 428.289 0 255 255 255 255
105.496 426.417 0 255 255 255 255
105.5 424.417 0 255 255 255 255
105.5 422.417 0 255 255 255 255
105.5 420.417 0 255 255 255 255
105.5 418.417 0 255 255 255 255
105.5 416.417 0 255 255 255 255
105.5 414.417 0 255 255 255 255
105.5 412.417 0 255 255 255 255
105.42 410.42 0 255 255 255 255
105.014 408.466 0 255 255 255 255
104.017 406.753 0 255 255 255 255
102.269 405.857 0 255 255 255 255
100.295 406.012 0 255 255 255 255
98.566 406.988 0 255 255 255 255
97.2447 408.48 0 255 255 255 255
96.289 410.233 0 255 255 255 255
95.6314 412.119 0 255 255 255 255
95.207 414.072 0 255 255 255 255
94.9749 416.058 0 255 255 255 255
94.9 418.056 0 255 255 255 255
94.9 420.056 0 255 255 255 255
94.9 422.056 0 255 255 255 255
94.9 424.056 0 255 255 255 255
94.9 426.056 0 255 255 255 255
95.2024 428.014 0 255 255 255 255
96.8654 428.994 0 255 255 255 255
98.8381 429.323 0 255 255 255 255
98.5683 430.197 0 255 255 255 255
96.5685 430.166 0 255 255 255 255
94.569 430.123 0 255 255 255 255
92.5691 430.101 0 255 255 255 255
90.5692 430.115 0 255 255 255 255
88.5697 430.155 0 255 255 255 255
86.57 430.192 0 255 255 255 255
85.3 429.47 0 255 255 255 255
87.2031 429.079 0 255 255 255 255
89.0346 428.346 0 255 255 255 255
89.5942 426.478 0 255 255 255 255
89.6 424.479 0 255 255 255 255
89.6 422.479 0 255 255 255 255
89.6 420.479 0 255 255 255 255
89.6 418.479 0 255 255 255 255
89.6 416.478 0 255 255 255 255
89.6 414.478 0 255 255 255 255
89.6 412.478 0 255 255 255 255
89.5982 410.478 0 255 255 255 255
89.287 408.518 0 255 255 255 255
87.6814 407.469 0 255 255 255 255
85.6962 407.233 0 255 255 255 255
84.5939 406.378 0 255 255 255 255
86.5428 405.929 0 255 255 255 255
88.4915 405.479 0 255 255 255 255
90.4402 405.029 0 255 255 255 255
92.3892 404.579 0 255 255 255 255
94.3184 404.539 0 255 255 255 255
94.41 406.406 0 255 255 255 255
94.322 408.404 0 255 255 255 255
94.2465 410.403 0 255 255 255 255
94.1843 412.402 0 255 255 255 255
94.1371 414.401 0 255 255 255 255
94.1081 416.401 0 255 255 255 255
94.1085 417.599 0 255 255 255 255
94.2 415.602 0 255 255 255 255
94.451 413.618 0 255 255 255 255
94.8764 411.665 0 255 255 255 255
95.5159 409.772 0 255 255 255 255
96.4162 407.99 0 255 255 255 255
97.6226 406.4 0 255 255 255 255
99.1644 405.137 0 255 255 255 255
100.995 404.353 0 255 255 255 255
102.973 404.102 0 255 255 255 255
104.956 404.324 0 255 255 255 255
106.814 405.042 0 255 255 255 255
108.333 406.325 0 255 255 255 255
109.34 408.042 0 255 255 255 255
109.854 409.969 0 255 255 255 255
110 411.962 0 255 255 255 255
109.94 413.961 0 255 255 255 255
109.995 414.446 0 255 255 255 255
110.355 412.48 0 255 255 255 255
110.913 410.56 0 255 255 255 255
111.712 408.729 0 255 255 255 255
112.799 407.054 0 255 255 255 255
114.207 405.642 0 255 255 255 255
115.926 404.634 0 255 255 255 255
117.859 404.148 0 255 255 255 255
119.855 404.17 0 255 255 255 255
121.796 404.629 0 255 255 255 255
123.535 405.6 0 255 255 255 255
124.895 407.054 0 255 255 255 255
125.758 408.85 0 255 255 255 255
126.144 410.808 0 255 255 255 255
126.2 412.806 0 255 255 255 255
126.2 414.806 0 255 255 255 255
126.2 416.806 0 255 255 255 255
126.2 418.806 0 255 255 255 255
126.2 420.806 0 255 255 255 255
126.2 422.806 0 255 255 255 255
126.2 424.806 0 255 255 255 255
126.229 426.805 0 255 255 255 255
127.085 428.517 0 255 255 255 255
129.004 429.034 0 255 255 255 255
130.6 429.682 0 255 255 255 255
129.018 430.141 0 255 255 255 255
127.019 430.134 0 255 255 255 255
125.019 430.106 0 255 255 255 255
144.6 430.9 0 255 255 255 255
142.61 430.722 0 255 255 255 255
140.682 430.202 0 255 255 255 255
138.875 429.353 0 255 255 255 255
137.245 428.201 0 255 255 255 255
135.84 426.783 0 255 255 255 255
134.695 425.147 0 255 255 255 255
133.825 423.35 0 255 255 255 255
133.229 421.442 0 255 255 255 255
132.907 419.47 0 255 255 255 255
132.805 417.474 0 255 255 255 255
132.937 415.48 0 255 255 255 255
133.298 413.515 0 255 255 255 255
133.92 411.616 0 255 255 255 255
134.827 409.836 0 255 255 255 255
136.002 408.221 0 255 255 255 255
137.427 406.823 0 255 255 255 255
139.068 405.685 0 255 255 255 255
140.877 404.841 0 255 255 255 255
142.802 404.311 0 255 255 255 255
144.789 404.109 0 255 255 255 255
146.783 404.22 0 255 255 255 255
148.73 404.668 0 255 255 255 255
150.551 405.482 0 255 255 255 255
152.139 406.69 0 255 255 255 255
153.365 408.263 0 255 255 255 255
154.166 410.088 0 255 255 255 255
154.547 412.047 0 255 255 255 255
154.576 414.045 0 255 255 255 255
154.277 416 0 255 255 255 255
152.277 415.987 0 255 255 255 255
150.277 415.975 0 255 255 255 255
148.277 415.962 0 255 255 255 255
146.277 415.949 0 255 255 255 255
144.277 415.937 0 255 255 255 255
142.277 415.924 0 255 255 255 255
140.277 415.911 0 255 255 255 255
138.468 416.12 0 255 255 255 255
138.41 418.117 0 255 255 255 255
138.529 420.113 0 255 255 255 255
138.838 422.088 0 255 255 255 255
139.39 424.007 0 255 255 255 255
140.266 425.8 0 255 255 255 255
141.534 427.338 0 255 255 255 255
143.202 428.427 0 255 255 255 255
145.129 428.937 0 255 255 255 255
147.123 428.938 0 255 255 255 255
149.054 428.44 0 255 255 255 255
150.785 427.451 0 255 255 255 255
152.229 426.073 0 255 255 255 255
153.388 424.447 0 255 255 255 255
154.152 424.807 0 255 255 255 255
153.142 426.531 0 255 255 255 255
151.88 428.079 0 255 255 255 255
150.342 429.351 0 255 255 255 255
148.559 430.247 0 255 255 255 255
146.625 430.745 0 255 255 255 255
144.633 430.899 0 255 255 255 255
149.3 413.8 0 255 255 255 255
149.456 411.807 0 255 255 255 255
149.423 409.808 0 255 255 255 255
149.062 407.846 0 255 255 255 255
148.111 406.106 0 255 255 255 255
146.433 405.069 0 255 255 255 255
144.449 404.939 0 255 255 255 255
142.557 405.543 0 255 255 255 255
141.06 406.851 0 255 255 255 255
140.031 408.558 0 255 255 255 255
139.354 410.438 0 255 255 255 255
138.928 412.391 0 255 255 255 255
138.671 414.374 0 255 255 255 255
139.768 415.123 0 255 255 255 255
141.764 414.991 0 255 255 255 255
143.759 414.859 0 255 255 255 255
145.755 414.727 0 255 255 255 255
147.751 414.596 0 255 255 255 255
149.274 413.959 0 255 255 255 255
161.9 430.7 0 255 255 255 255
159.985 430.204 0 255 255 255 255
158.574 428.822 0 255 255 255 255
158.104 426.904 0 255 255 255 255
158.616 424.994 0 255 255 255 255
160.052 423.641 0 255 255 255 255
161.982 423.203 0 255 255 255 255
163.898 423.698 0 255 255 255 255
165.269 425.113 0 255 255 255 255
165.696 427.045 0 255 255 255 255
165.136 428.944 0 255 255 255 255
163.687 430.284 0 255 255 255 255
176.7 360.4 0 255 255 255 255
177.4 358.906 0 255 255 255 255
177.4 356.906 0 255 255 255 255
177.396 354.906 0 255 255 255 255
177.472 354.236 0 255 255 255 255
178.2 355.312 0 255 255 255 255
178.2 357.312 0 255 255 255 255
178.2 359.312 0 255 255 255 255
178.694 360.6 0 255 255 255 255
176.7 360.594 0 255 255 255 255
181.2 360.7 0 255 255 255 255
179.559 359.743 0 255 255 255 255
179.423 357.796 0 255 255 255 255
180.793 356.454 0 255 255 255 255
182.54 357.091 0 255 255 255 255
181.934 358.3 0 255 255 255 255
180.2 358.566 0 255 255 255 255
180.943 360.307 0 255 255 255 255
182.613 359.613 0 255 255 255 255
181.23 360.699 0 255 255 255 255
181.9 357.9 0 255 255 255 255
181.038 356.514 0 255 255 255 255
180.244 358.097 0 255 255 255 255
184.9 360.7 0 255 255 255 255
183.4 360.548 0 255 255 255 255
183.666 359.244 0 255 255 255 255
184.912 360.6 0 255 255 255 255
185.335 359.24 0 255 255 255 255
183.605 358.287 0 255 255 255 255
184.04 356.577 0 255 255 255 255
185.841 356.719 0 255 255 255 255
186.056 357.9 0 255 255 255 255
184.87 356.501 0 255 255 255 255
184.538 357.848 0 255 255 255 255
186.184 358.904 0 255 255 255 255
185.576 360.569 0 255 255 255 255
188.5 360.7 0 255 255 255 255
187 360.548 0 255 255 255 255
187.266 359.244 0 255 255 255 255
188.512 360.6 0 255 255 255 255
188.935 359.24 0 255 255 255 255
187.205 358.287 0 255 255 255 255
187.64 356.577 0 255 255 255 255
189.441 356.719 0 255 255 255 255
189.656 357.9 0 255 255 255 255
188.469 356.503 0 255 255 255 255
187.95 357.8 0 255 255 255 255
189.635 358.817 0 255 255 255 255
189.239 360.538 0 255 255 255 255
190.5 360.4 0 255 255 255 255
191.2 358.906 0 255 255 255 255
191.043 356.958 0 255 255 255 255
191.621 356.538 0 255 255 255 255
191.809 358.214 0 255 255 255 255
192.156 357.045 0 255 255 255 255
193.904 356.525 0 255 255 255 255
194.5 358.298 0 255 255 255 255
194.708 360.22 0 255 255 255 255
193.809 360.4 0 255 255 255 255
193.7 359.715 0 255 255 255 255
193.7 357.715 0 255 255 255 255
192.549 356.746 0 255 255 255 255
191.9 358.562 0 255 255 255 255
192.356 360.3 0 255 255 255 255
190.944 360.4 0 255 255 255 255
197.5 360.7 0 255 255 255 255
195.859 359.743 0 255 255 255 255
195.723 357.796 0 255 255 255 255
197.093 356.454 0 255 255 255 255
198.84 357.091 0 255 255 255 255
198.234 358.3 0 255 255 255 255
196.5 358.566 0 255 255 255 255
197.243 360.307 0 255 255 255 255
198.913 359.613 0 255 255 255 255
197.544 360.699 0 255 255 255 255
198.2 357.9 0 255 255 255 255
197.338 356.514 0 255 255 255 255
196.544 358.097 0 255 255 255 255
201.3 360.7 0 255 255 255 255
199.8 360.548 0 255 255 255 255
200.066 359.244 0 255 255 255 255
201.312 360.6 0 255 255 255 255
201.735 359.24 0 255 255 255 255
200.005 358.287 0 255 255 255 255
200.44 356.577 0 255 255 255 255
202.241 356.719 0 255 255 255 255
202.456 357.9 0 255 255 255 255
201.269 356.503 0 255 255 255 255
200.75 357.8 0 255 255 255 255
202.435 358.817 0 255 255 255 255
202.003 360.546 0 255 255 255 255
204.8 360.7 0 255 255 255 255
203.3 360.548 0 255 255 255 255
203.566 359.244 0 255 255 255 255
204.812 360.6 0 255 255 255 255
205.235 359.24 0 255 255 255 255
203.505 358.287 0 255 255 255 255
203.94 356.577 0 255 255 255 255
205.741 356.719 0 255 255 255 255
205.956 357.9 0 255 255 255 255
204.769 356.503 0 255 255 255 255
204.25 357.8 0 255 255 255 255
205.935 358.817 0 255 255 255 255
205.539 360.538 0 255 255 255 255
211.7 360.6 0 255 255 255 255
210.62 360.241 0 255 255 255 255
208.793 360.284 0 255 255 255 255
209.397 358.691 0 255 255 255 255
210.9 357.856 0 255 255 255 255
209.945 356.507 0 255 255 255 255
209.547 357.878 0 255 255 255 255
209.003 356.752 0 255 255 255 255
210.905 356.545 0 255 255 255 255
211.6 358.262 0 255 255 255 255
211.669 360.252 0 255 255 255 255
212.314 360.216 0 255 255 255 255
210.9 359.4 0 255 255 255 255
209.836 358.752 0 255 255 255 255
209.963 360.291 0 255 255 255 255
212.6 360.4 0 255 255 255 255
213.3 358.906 0 255 255 255 255
213.143 356.958 0 255 255 255 255
213.721 356.538 0 255 255 255 255
213.909 358.214 0 255 255 255 255
214.256 357.045 0 255 255 255 255
216.004 356.525 0 255 255 255 255
216.6 358.298 0 255 255 255 255
216.808 360.22 0 255 255 255 255
215.909 360.4 0 255 255 255 255
215.8 359.715 0 255 255 255 255
215.8 357.715 0 255 255 255 255
214.649 356.746 0 255 255 255 255
214 358.562 0 255 255 255 255
214.456 360.3 0 255 255 255 255
213.044 360.4 0 255 255 255 255
219.4 360.7 0 255 255 255 255
217.874 359.61 0 255 255 255 255
217.876 357.654 0 255 255 255 255
219.355 356.435 0 255 255 255 255
220.6 355.876 0 255 255 255 255
219.796 354.5 0 255 255 255 255
221.399 354.234 0 255 255 255 255
221.3 356.229 0 255 255 255 255
221.3 358.229 0 255 255 255 255
221.331 360.225 0 255 255 255 255
220.878 360.6 0 255 255 255 255
220.6 358.819 0 255 255 255 255
219.976 360.566 0 255 255 255 255
220.6 358.8 0 255 255 255 255
220.492 356.832 0 255 255 255 255
218.843 357.103 0 255 255 255 255
218.627 359.07 0 255 255 255 255
219.772 360.41 0 255 255 255 255
3 0 1 2
3 3 4 5
3 6 7 8
3 9 10 11
3 12 13 14
3 15 16 17
3 18 19 20
3 21 22 23
3 24 25 26
3 27 28 29
3 30 31 32
3 33 34 35
3 36 37 38
3 39 40 41
3 42 43 44
3 45 46 47
3 48 49 50
3 51 52 53
3 54 55 56
3 57 58 59
3 60 61 62
3 63 64 65
3 66 67 68
3 69 70 71
3 72 73 74
3 75 76 77
3 78 79 80
3 81 82 83
3 84 85 86
3 87 88 89
3 90 91 92
3 93 94 95
3 96 97 98
3 99 100 101
3 102 103 104
3 105 106 107
3 108 109 110
3 111 112 113
3 114 115 116
3 117 118 119
3 120 121 122
3 123 124 125
3 126 127 128
3 129 130 131
3 132 133 134
3 135 136 137
3 138 139 140
3 141 142 143
3 144 145 146
3 147 148 149
3 150 151 152
3 153 154 155
3 156 157 158
3 159 160 161
3 162 163 164
3 165 166 167
3 168 169 170
3 171 172 173
3 174 175 176
3 177 178 179
3 180 181 182
3 183 184 185
3 186 187 188
3 189 190 191
3 192 193 194
3 195 196 197
3 198 199 200
3 201 202 203
3 204 205 206
3 207 208 209
3 210 211 212
3 213 214 215
3 216 217 218
3 219 220 221
3 222 223 224
3 225 226 227
3 228 229 230
3 231 232 233
3 234 235 236
3 237 238 239
3 240 241 242
3 243 244 245
3 246 247 248
3 249 250 251
3 252 253 254
3 255 256 257
3 258 259 260
3 261 262 263
3 264 265 266
3 267 268 269
3 270 271 272
3 273 274 275
3 276 277 278
3 279 280 281
3 282 283 284
3 285 286 287
3 288 289 290
3 291 292 293
3 294 295 296
3 297 298 299
3 300 301 302
3 303 304 305
3 306 307 308
3 309 310 311
3 312 313 314
3 315 316 317
3 318 319 320
3 321 322 323
3 324 325 326
3 327 328 329
3 330 331 332
3 333 334 335
3 336 337 338
3 339 340 341
3 342 343 344
3 345 346 347
3 348 349 350
3 351 352 353
3 354 355 356
3 357 358 359
3 360 361 362
3 363 364 365
3 366 367 368
3 369 370 371
3 372 373 374
3 375 376 377
3 378 379 380
3 381 382 383
3 384 385 386
3 387 388 389
3 390 391 392
3 393 394 395
3 396 397 398
3 399 400 401
3 402 403 404
3 405 406 407
3 408 409 410
3 411 412 413
3 414 415 416
3 417 418 419
3 420 421 422
3 423 424 425
3 426 427 428
3 429 430 431
3 432 433 434
3 435 436 437
3 438 439 440
3 441 442 443
3 444 445 446
3 447 448 449
3 450 451 452
3 453 454 455
3 456 457 458
3 459 460 461
3 462 463 464
3 465 466 467
3 468 469 470
3 471 472 473
3 474 475 476
3 477 478 479
3 480 481 482
3 483 484 485
3 486 487 488
3 489 490 491
3 492 493 494
3 495 496 497
3 498 499 500
3 501 502 503
3 504 505 506
3 507 508 509
3 510 511 512
3 513 514 515
3 516 517 518
3 519 520 521
3 522 523 524
3 525 526 527
3 528 529 530
3 531 532 533
3 534 535 536
3 537 538 539
3 540 541 542
3 543 544 545
3 546 547 548
3 549 550 551
3 552 553 554
3 555 556 557
3 558 559 560
3 561 562 563
3 564 565 566
3 567 568 569
3 570 571 572
3 573 574 575
3 576 577 578
3 579 580 581
3 582 583 584
3 585 586 587
3 588 589 590
3 591 592 593
3 594 595 596
3 597 598 599
3 600 601 602
3 603 604 605
3 606 607 608
3 609 610 611
3 612 613 614
3 615 616 617
3 618 619 620
3 621 622 623
3 624 625 626
3 627 628 629
3 630 631 632
3 633 634 635
3 636 637 638
3 639 640 641
3 642 643 644
3 645 646 647
3 648 649 650
3 651 652 653
3 654 655 656
3 657 658 659
3 660 661 662
3 663 664 665
3 666 667 668
3 669 670 671
3 672 673 674
3 675 676 677
3 678 679 680
3 681 682 683
3 684 685 686
3 687 688 689
3 690 691 692
3 693 694 695
3 696 697 698
3 699 700 701
3 702 703 704
3 705 706 707
3 708 709 710
3 711 712 713
3 714 715 716
3 717 718 719
3 720 721 722
3 723 724 725
3 726 727 728
3 729 730 731
3 732 733 734
3 735 736 737
3 738 739 740
3 741 742 743
3 744 745 746
3 747 748 749
3 750 751 752
3 753 754 755
3 756 757 758
3 759 760 761
3 762 763 764
3 765 766 767
3 768 769 770
3 771 772 773
3 774 775 776
3 777 778 779
3 780 781 782
3 783 784 785
3 786 787 788
3 789 790 791
3 792 793 794
3 795 796 797
3 798 799 800
3 801 802 803
3 804 805 806
3 807 808 809
3 810 811 812
3 813 814 815
3 816 817 818
3 819 820 821
3 822 823 824
3 825 826 827
3 828 829 830
3 831 832 833
3 834 835 836
3 837 838 839
3 840 841 842
3 843 844 845
3 846 847 848
3 849 850 851
3 852 853 854
3 855 856 857
3 858 859 860
3 861 862 863
3 864 865 866
3 867 868 869
3 870 871 872
3 873 874 875
3 876 877 878
3 879 880 881
3 882 883 884
3 885 886 887
3 888 889 890
3 891 892 893
3 894 895 896
3 897 898 899
3 900 901 902
3 903 904 905
3 906 907 908
3 909 910 911
3 912 913 914
3 915 916 917
3 918 919 920
3 921 922 923
3 924 925 926
3 927 928 929
3 930 931 932
3 933 934 935
3 936 937 938
3 939 940 941
3 942 943 944
3 945 946 947
3 948 949 950
3 951 952 953
3 954 955 956
3 957 958 959
3 960 961 962
3 963 964 965
3 966 967 968
3 969 970 971
3 972 973 974
3 975 976 977
3 978 979 980
3 981 982 983
3 984 985 986
3 987 988 989
3 990 991 992
3 993 994 995
3 996 997 998
3 999 1000 1001
3 1002 1003 1004
3 1005 1006 1007
3 1008 1009 1010
3 1011 1012 1013
3 1014 1015 1016
3 1017 1018 1019
3 1020 1021 1022
3 1023 1024 1025
3 1026 1027 1028
3 1029 1030 1031
3 1032 1033 1034
3 1035 1036 1037
3 1038 1039 1040
3 1041 1042 1043
3 1044 1045 1046
3 1047 1048 1049
3 1050 1051 1052
3 1053 1054 1055
3 1056 1057 1058
3 1059 1060 1061
3 1062 1063 1064
3 1065 1066 1067
3 1068 1069 1070
3 1071 1072 1073
3 1074 1075 1076
3 1077 1078 1079
3 1080 1081 1082
3 1083 1084 1085
3 1086 1087 1088
3 1089 1090 1091
3 1092 1093 1094
3 1095 1096 1097
3 1098 1099 1100
3 1101 1102 1103
3 1104 1105 1106
3 1107 1108 1109
3 1110 1111 1112
3 1113 1114 1115
3 1116 1117 1118
3 1119 1120 1121
3 1122 1123 1124
3 1125 1126 1127
3 1128 1129 1130
3 1131 1132 1133
3 1134 1135 1136
3 1137 1138 1139
3 1140 1141 1142
3 1143 1144 1145
3 1146 1147 1148
3 1149 1150 1151
3 1152 1153 1154
3 1155 1156 1157
3 1158 1159 1160
3 1161 1162 1163
3 1164 1165 1166
3 1167 1168 1169
3 1170 1171 1172
3 1173 1174 1175
3 1176 1177 1178
3 1179 1180 1181
3 1182 1183 1184
3 1185 1186 1187
3 1188 1189 1190
3 1191 1192 1193
3 1194 1195 1196
3 1197 1198 1199
3 1200 1201 1202
3 1203 1204 1205
3 1206 1207 1208
3 1209 1210 1211
3 1212 1213 1214
3 1215 1216 1217
3 1218 1219 1220
3 1221 1222 1223
3 1224 1225 1226
3 1227 1228 1229
3 1230 1231 1232
3 1233 1234 1235
3 1236 1237 1238
3 1239 1240 1241
3 1242 1243 1244
3 1245 1246 1247
3 1248 1249 1250
3 1251 1252 1253
3 1254 1255 1256
3 1257 1258 1259
3 1260 1261 1262
3 1263 1264 1265
3 1266 1267 1268
3 1269 1270 1271
3 1272 1273 1274
3 1275 1276 1277
3 1278 1279 1280
3 1281 1282 1283
3 1284 1285 1286
3 1287 1288 1289
3 1290 1291 1292
3 1293 1294 1295
3 1296 1297 1298
3 1299 1300 1301
3 1302 1303 1304
3 1305 1306 1307
3 1308 1309 1310
3 1311 1312 1313
3 1314 1315 1316
3 1317 1318 1319
3 1320 1321 1322
3 1323 1324 1325
3 1326 1327 1328
3 1329 1330 1331
3 1332 1333 1334
3 1335 1336 1337
3 1338 1339 1340
3 1341 1342 1343
3 1344 1345 1346
3 1347 1348 1349
3 1350 1351 1352
3 1353 1354 1355
3 1356 1357 1358
3 1359 1360 1361
3 1362 1363 1364
3 1365 1366 1367
3 1368 1369 1370
3 1371 1372 1373
3 1374 1375 1376
3 1377 1378 1379
3 1380 1381 1382
3 1383 1384 1385
3 1386 1387 1388
3 1389 1390 1391
3 1392 1393 1394
3 1395 1396 1397
3 1398 1399 1400
3 1401 1402 1403
3 1404 1405 1406
3 1407 1408 1409
3 1410 1411 1412
3 1413 1414 1415
3 1416 1417 1418
3 1419 1420 1421
3 1422 1423 1424
3 1425 1426 1427
3 1428 1429 1430
3 1431 1432 1433
3 1434 1435 1436
3 1437 1438 1439
3 1440 1441 1442
3 1443 1444 1445
3 1446 1447 1448
3 1449 1450 1451
3 1452 1453 1454
3 1455 1456 1457
3 1458 1459 1460
3 1461 1462 1463
3 1464 1465 1466
3 1467 1468 1469
3 1470 1471 1472
3 1473 1474 1475
3 1476 1477 1478
3 1479 1480 1481
3 1482 1483 1484
3 1485 1486 1487
3 1488 1489 1490
3 1491 1492 1493
3 1494 1495 1496
3 1497 1498 1499
3 1500 1501 1502
3 1503 1504 1505
3 1506 1507 1508
3 1509 1510 1511
3 1512 1513 1514
3 1515 1516 1517
3 1518 1519 1520
3 1521 1522 1523
3 1524 1525 1526
3 1527 1528 1529
3 1530 1531 1532
3 1533 1534 1535
3 1536 1537 1538
3 1539 1540 1541
3 1542 1543 1544
3 1545 1546 1547
3 1548 1549 1550
3 1551 1552 1553
3 1554 1555 1556
3 1557 1558 1559
3 1560 1561 1562
3 1563 1564 1565
3 1566 1567 1568
3 1569 1570 1571
3 1572 1573 1574
3 1575 1576 1577
3 1578 1579 1580
3 1581 1582 1583
3 1584 1585 1586
3 1587 1588 1589
3 1590 1591 1592
3 1593 1594 1595
3 1596 1597 1598
3 1599 1600 1601
3 1602 1603 1604
3 1605 1606 1607
3 1608 1609 1610
3 1611 1612 1613
3 1614 1615 1616
3 1617 1618 1619
3 1620 1621 1622
3 1623 1624 1625
3 1626 1627 1628
3 1629 1630 1631
3 1632 1633 1634
3 1635 1636 1637
3 1638 1639 1640
3 1641 1642 1643
3 1644 1645 1646
3 1647 1648 1649
3 1650 1651 1652
3 1653 1654 1655
3 1656 1657 1658
3 1659 1660 1661
3 1662 1663 1664
3 1665 1666 1667
3 1668 1669 1670
3 1671 1672 1673
3 1674 1675 1676
3 1677 1678 1679
3 1680 1681 1682
3 1683 1684 1685
3 1686 1687 1688
3 1689 1690 1691
3 1692 1693 1694
3 1695 1696 1697
3 1698 1699 1700
3 1701 1702 1703
3 1704 1705 1706
3 1707 1708 1709
3 1710 1711 1712
3 1713 1714 1715
3 1716 1717 1718
3 1719 1720 1721
3 1722 1723 1724
3 1725 1726 1727
3 1728 1729 1730
3 1731 1732 1733
3 1734 1735 1736
3 1737 1738 1739
3 1740 1741 1742
3 1743 1744 1745
3 1746 1747 1748
3 1749 1750 1751
3 1752 1753 1754
3 1755 1756 1757
3 1758 1759 1760
3 1761 1762 1763
3 1764 1765 1766
3 1767 1768 1769
3 1770 1771 1772
3 1773 1774 1775
3 1776 1777 1778
3 1779 1780 1781
3 1782 1783 1784
3 1785 1786 1787
3 1788 1789 1790
3 1791 1792 1793
3 1794 1795 1796
3 1797 1798 1799
3 1800 1801 1802
3 1803 1804 1805
3 1806 1807 1808
3 1809 1810 1811
3 1812 1813 1814
3 1815 1816 1817
3 1818 1819 1820
3 1821 1822 1823
3 1824 1825 1826
3 1827 1828 1829
3 1830 1831 1832
3 1833 1834 1835
3 1836 1837 1838
3 1839 1840 1841
3 1842 1843 1844
3 1845 1846 1847
3 1848 1849 1850
3 1851 1852 1853
3 1854 1855 1856
3 1857 1858 1859
3 1860 1861 1862
3 1863 1864 1865
3 1866 1867 1868
3 1869 1870 1871
3 1872 1873 1874
3 1875 1876 1877
3 1878 1879 1880
3 1881 1882 1883
3 1884 1885 1886
3 1887 1888 1889
3 1890 1891 1892
3 1893 1894 1895
3 1896 1897 1898
3 1899 1900 1901
3 1902 1903 1904
3 1905 1906 1907
3 1908 1909 1910
3 1911 1912 1913
3 1914 1915 1916
3 1917 1918 1919
3 1920 1921 1922
3 1923 1924 1925
3 1926 1927 1928
3 1929 1930 1931
3 1932 1933 1934
3 1935 1936 1937
3 1938 1939 1940
3 1941 1942 1943
3 1944 1945 1946
3 1947 1948 1949
3 1950 1951 1952
3 1953 1954 1955
3 1956 1957 1958
3 1959 1960 1961
3 1962 1963 1964
3 1965 1966 1967
3 1968 1969 1970
3 1971 1972 1973
3 1974 1975 1976
3 1977 1978 1979
3 1980 1981 1982
3 1983 1984 1985
3 1986 1987 1988
3 1989 1990 1991
3 1992 1993 1994
3 1995 1996 1997
3 1998 1999 2000
3 2001 2002 2003
3 2004 2005 2006
3 2007 2008 2009
3 2010 2011 2012
3 2013 2014 2015
3 2016 2017 2018
3 2019 2020 2021
3 2022 2023 2024
3 2025 2026 2027
3 2028 2029 2030
3 2031 2032 2033
3 2034 2035 2036
3 2037 2038 2039
3 2040 2041 2042
3 2043 2044 2045
3 2046 2047 2048
3 2049 2050 2051
3 2052 2053 2054
3 2055 2056 2057
3 2058 2059 2060
3 2061 2062 2063
3 2064 2065 2066
3 2067 2068 2069
3 2070 2071 2072
3 2073 2074 2075
3 2076 2077 2078
3 2079 2080 2081
3 2082 2083 2084
3 2085 2086 2087
3 2088 2089 2090
3 2091 2092 2093
3 2094 2095 2096
3 2097 2098 2099
3 2100 2101 2102
3 2103 2104 2105
3 2106 2107 2108
3 2109 2110 2111
3 2112 2113 2114
3 2115 2116 2117
3 2118 2119 2120
3 2121 2122 2123
3 2124 2125 2126
3 2127 2128 2129
3 2130 2131 2132
3 2133 2134 2135
3 2136 2137 2138
3 2139 2140 2141
3 2142 2143 2144
3 2145 2146 2147
3 2148 2149 2150
3 2151 2152 2153
3 2154 2155 2156
3 2157 2158 2159
3 2160 2161 2162
3 2163 2164 2165
3 2166 2167 2168
3 2169 2170 2171
3 2172 2173 2174
3 2175 2176 2177
3 2178 2179 2180
3 2181 2182 2183
3 2184 2185 2186
3 2187 2188 2189
3 2190 2191 2192
3 2193 2194 2195
3 2196 2197 2198
3 2199 2200 2201
3 2202 2203 2204
3 2205 2206 2207
3 2208 2209 2210
3 2211 2212 2213
3 2214 2215 2216
3 2217 2218 2219
3 2220 2221 2222
3 2223 2224 2225
3 2226 2227 2228
3 2229 2230 2231
3 2232 2233 2234
3 2235 2236 2237
3 2238 2239 2240
3 2241 2242 2243
3 2244 2245 3143267840
