ply
format ascii 1.0
element vertex 1446
property float x
property float y
property float z
property uchar red
property uchar green
property uchar blue
property uchar alpha
element face 482
property list uchar int vertex_indices
end_header
50 164 0 255 255 255 255
50 292 0 255 255 255 255
50 406 0 255 255 255 255
52 54 0 255 255 255 255
52 56 0 255 255 255 255
52 58 0 255 255 255 255
52 60 0 255 255 255 255
52 62 0 255 255 255 255
52 164 0 255 255 255 255
52 292 0 255 255 255 255
52 406 0 255 255 255 255
54 54 0 255 255 255 255
54 56 0 255 255 255 255
54 164 0 255 255 255 255
54 292 0 255 255 255 255
54 406 0 255 255 255 255
56 54 0 255 255 255 255
56 164 0 255 255 255 255
56 166 0 255 255 255 255
56 168 0 255 255 255 255
56 170 0 255 255 255 255
56 172 0 255 255 255 255
56 174 0 255 255 255 255
56 176 0 255 255 255 255
56 178 0 255 255 255 255
56 180 0 255 255 255 255
56 182 0 255 255 255 255
56 184 0 255 255 255 255
56 186 0 255 255 255 255
56 188 0 255 255 255 255
56 190 0 255 255 255 255
56 192 0 255 255 255 255
56 194 0 255 255 255 255
56 196 0 255 255 255 255
56 198 0 255 255 255 255
56 200 0 255 255 255 255
56 290 0 255 255 255 255
56 292 0 255 255 255 255
56 294 0 255 255 255 255
56 296 0 255 255 255 255
56 298 0 255 255 255 255
56 300 0 255 255 255 255
56 302 0 255 255 255 255
56 304 0 255 255 255 255
56 306 0 255 255 255 255
56 308 0 255 255 255 255
56 310 0 255 255 255 255
56 312 0 255 255 255 255
56 314 0 255 255 255 255
56 404 0 255 255 255 255
56 406 0 255 255 255 255
56 408 0 255 255 255 255
56 410 0 255 255 255 255
56 412 0 255 255 255 255
56 414 0 255 255 255 255
56 416 0 255 255 255 255
56 418 0 255 255 255 255
56 420 0 255 255 255 255
56 422 0 255 255 255 255
56 424 0 255 255 255 255
56 426 0 255 255 255 255
56 428 0 255 255 255 255
58 162 0 255 255 255 255
58 164 0 255 255 255 255
58 166 0 255 255 255 255
58 168 0 255 255 255 255
58 170 0 255 255 255 255
58 172 0 255 255 255 255
58 174 0 255 255 255 255
58 176 0 255 255 255 255
58 178 0 255 255 255 255
58 180 0 255 255 255 255
58 182 0 255 255 255 255
58 184 0 255 255 255 255
58 186 0 255 255 255 255
58 188 0 255 255 255 255
58 190 0 255 255 255 255
58 192 0 255 255 255 255
58 194 0 255 255 255 255
58 196 0 255 255 255 255
58 198 0 255 255 255 255
58 200 0 255 255 255 255
58 284 0 255 255 255 255
58 286 0 255 255 255 255
58 288 0 255 255 255 255
58 290 0 255 255 255 255
58 292 0 255 255 255 255
58 294 0 255 255 255 255
58 296 0 255 255 255 255
58 298 0 255 255 255 255
58 300 0 255 255 255 255
58 302 0 255 255 255 255
58 304 0 255 255 255 255
58 306 0 255 255 255 255
58 308 0 255 255 255 255
58 310 0 255 255 255 255
58 312 0 255 255 255 255
58 314 0 255 255 255 255
58 316 0 255 255 255 255
58 398 0 255 255 255 255
58 400 0 255 255 255 255
58 402 0 255 255 255 255
58 404 0 255 255 255 255
58 406 0 255 255 255 255
58 408 0 255 255 255 255
58 410 0 255 255 255 255
58 412 0 255 255 255 255
58 414 0 255 255 255 255
58 416 0 255 255 255 255
58 418 0 255 255 255 255
58 420 0 255 255 255 255
58 422 0 255 255 255 255
58 424 0 255 255 255 255
58 426 0 255 255 255 255
58 428 0 255 255 255 255
58 430 0 255 255 255 255
60 162 0 255 255 255 255
60 164 0 255 255 255 255
60 200 0 255 255 255 255
60 292 0 255 255 255 255
60 314 0 255 255 255 255
60 316 0 255 255 255 255
60 406 0 255 255 255 255
60 428 0 255 255 255 255
60 430 0 255 255 255 255
62 292 0 255 255 255 255
62 316 0 255 255 255 255
62 406 0 255 255 255 255
62 430 0 255 255 255 255
64 84 0 255 255 255 255
64 86 0 255 255 255 255
64 292 0 255 255 255 255
64 316 0 255 255 255 255
64 406 0 255 255 255 255
64 430 0 255 255 255 255
66 54 0 255 255 255 255
66 56 0 255 255 255 255
66 58 0 255 255 255 255
66 60 0 255 255 255 255
66 62 0 255 255 255 255
66 64 0 255 255 255 255
66 66 0 255 255 255 255
66 68 0 255 255 255 255
66 70 0 255 255 255 255
66 72 0 255 255 255 255
66 74 0 255 255 255 255
66 76 0 255 255 255 255
66 78 0 255 255 255 255
66 80 0 255 255 255 255
66 82 0 255 255 255 255
66 84 0 255 255 255 255
66 86 0 255 255 255 255
66 292 0 255 255 255 255
66 314 0 255 255 255 255
66 406 0 255 255 255 255
66 428 0 255 255 255 255
68 54 0 255 255 255 255
68 56 0 255 255 255 255
68 58 0 255 255 255 255
68 60 0 255 255 255 255
68 62 0 255 255 255 255
68 64 0 255 255 255 255
68 66 0 255 255 255 255
68 68 0 255 255 255 255
68 70 0 255 255 255 255
68 72 0 255 255 255 255
68 74 0 255 255 255 255
68 76 0 255 255 255 255
68 78 0 255 255 255 255
68 80 0 255 255 255 255
68 82 0 255 255 255 255
68 84 0 255 255 255 255
68 86 0 255 255 255 255
68 178 0 255 255 255 255
70 86 0 255 255 255 255
70 178 0 255 255 255 255
70 316 0 255 255 255 255
70 430 0 255 255 255 255
72 178 0 255 255 255 255
72 180 0 255 255 255 255
72 182 0 255 255 255 255
72 184 0 255 255 255 255
72 186 0 255 255 255 255
72 188 0 255 255 255 255
72 190 0 255 255 255 255
72 192 0 255 255 255 255
72 194 0 255 255 255 255
72 196 0 255 255 255 255
72 198 0 255 255 255 255
72 200 0 255 255 255 255
72 292 0 255 255 255 255
72 316 0 255 255 255 255
72 406 0 255 255 255 255
72 430 0 255 255 255 255
74 178 0 255 255 255 255
74 180 0 255 255 255 255
74 182 0 255 255 255 255
74 184 0 255 255 255 255
74 186 0 255 255 255 255
74 188 0 255 255 255 255
74 190 0 255 255 255 255
74 192 0 255 255 255 255
74 194 0 255 255 255 255
74 196 0 255 255 255 255
74 198 0 255 255 255 255
74 200 0 255 255 255 255
74 292 0 255 255 255 255
74 294 0 255 255 255 255
74 314 0 255 255 255 255
74 316 0 255 255 255 255
74 406 0 255 255 255 255
74 408 0 255 255 255 255
74 428 0 255 255 255 255
74 430 0 255 255 255 255
76 178 0 255 255 255 255
76 180 0 255 255 255 255
76 182 0 255 255 255 255
76 198 0 255 255 255 255
76 200 0 255 255 255 255
76 292 0 255 255 255 255
76 294 0 255 255 255 255
76 296 0 255 255 255 255
76 298 0 255 255 255 255
76 300 0 255 255 255 255
76 302 0 255 255 255 255
76 304 0 255 255 255 255
76 306 0 255 255 255 255
76 308 0 255 255 255 255
76 310 0 255 255 255 255
76 312 0 255 255 255 255
76 314 0 255 255 255 255
76 316 0 255 255 255 255
76 406 0 255 255 255 255
76 408 0 255 255 255 255
76 410 0 255 255 255 255
76 412 0 255 255 255 255
76 414 0 255 255 255 255
76 416 0 255 255 255 255
76 418 0 255 255 255 255
76 420 0 255 255 255 255
76 422 0 255 255 255 255
76 424 0 255 255 255 255
76 426 0 255 255 255 255
76 428 0 255 255 255 255
76 430 0 255 255 255 255
78 54 0 255 255 255 255
78 292 0 255 255 255 255
78 294 0 255 255 255 255
78 296 0 255 255 255 255
78 298 0 255 255 255 255
78 300 0 255 255 255 255
78 302 0 255 255 255 255
78 304 0 255 255 255 255
78 306 0 255 255 255 255
78 308 0 255 255 255 255
78 310 0 255 255 255 255
78 312 0 255 255 255 255
78 314 0 255 255 255 255
78 316 0 255 255 255 255
78 406 0 255 255 255 255
78 408 0 255 255 255 255
78 410 0 255 255 255 255
78 412 0 255 255 255 255
78 414 0 255 255 255 255
78 416 0 255 255 255 255
78 418 0 255 255 255 255
78 420 0 255 255 255 255
78 422 0 255 255 255 255
78 424 0 255 255 255 255
78 426 0 255 255 255 255
78 428 0 255 255 255 255
78 430 0 255 255 255 255
80 54 0 255 255 255 255
80 56 0 255 255 255 255
80 316 0 255 255 255 255
80 430 0 255 255 255 255
82 54 0 255 255 255 255
82 56 0 255 255 255 255
82 58 0 255 255 255 255
82 60 0 255 255 255 255
82 62 0 255 255 255 255
82 316 0 255 255 255 255
82 430 0 255 255 255 255
84 178 0 255 255 255 255
86 94 0 255 255 255 255
86 96 0 255 255 255 255
86 98 0 255 255 255 255
86 178 0 255 255 255 255
86 180 0 255 255 255 255
86 292 0 255 255 255 255
86 316 0 255 255 255 255
86 430 0 255 255 255 255
88 64 0 255 255 255 255
88 94 0 255 255 255 255
88 96 0 255 255 255 255
88 98 0 255 255 255 255
88 100 0 255 255 255 255
88 178 0 255 255 255 255
88 180 0 255 255 255 255
88 182 0 255 255 255 255
88 184 0 255 255 255 255
88 186 0 255 255 255 255
88 188 0 255 255 255 255
88 190 0 255 255 255 255
88 192 0 255 255 255 255
88 194 0 255 255 255 255
88 196 0 255 255 255 255
88 198 0 255 255 255 255
88 200 0 255 255 255 255
88 292 0 255 255 255 255
88 316 0 255 255 255 255
88 406 0 255 255 255 255
88 430 0 255 255 255 255
90 64 0 255 255 255 255
90 66 0 255 255 255 255
90 68 0 255 255 255 255
90 94 0 255 255 255 255
90 96 0 255 255 255 255
90 98 0 255 255 255 255
90 100 0 255 255 255 255
90 178 0 255 255 255 255
90 180 0 255 255 255 255
90 182 0 255 255 255 255
90 184 0 255 255 255 255
90 186 0 255 255 255 255
90 188 0 255 255 255 255
90 190 0 255 255 255 255
90 192 0 255 255 255 255
90 194 0 255 255 255 255
90 196 0 255 255 255 255
90 198 0 255 255 255 255
90 200 0 255 255 255 255
90 292 0 255 255 255 255
90 294 0 255 255 255 255
90 296 0 255 255 255 255
90 298 0 255 255 255 255
90 300 0 255 255 255 255
90 302 0 255 255 255 255
90 304 0 255 255 255 255
90 306 0 255 255 255 255
90 308 0 255 255 255 255
90 310 0 255 255 255 255
90 312 0 255 255 255 255
90 314 0 255 255 255 255
90 316 0 255 255 255 255
90 406 0 255 255 255 255
90 408 0 255 255 255 255
90 410 0 255 255 255 255
90 412 0 255 255 255 255
90 414 0 255 255 255 255
90 416 0 255 255 255 255
90 418 0 255 255 255 255
90 420 0 255 255 255 255
90 422 0 255 255 255 255
90 424 0 255 255 255 255
90 426 0 255 255 255 255
90 428 0 255 255 255 255
90 430 0 255 255 255 255
92 64 0 255 255 255 255
92 66 0 255 255 255 255
92 68 0 255 255 255 255
92 70 0 255 255 255 255
92 72 0 255 255 255 255
92 184 0 255 255 255 255
92 200 0 255 255 255 255
92 292 0 255 255 255 255
92 294 0 255 255 255 255
92 296 0 255 255 255 255
92 298 0 255 255 255 255
92 300 0 255 255 255 255
92 302 0 255 255 255 255
92 304 0 255 255 255 255
92 306 0 255 255 255 255
92 308 0 255 255 255 255
92 310 0 255 255 255 255
92 312 0 255 255 255 255
92 314 0 255 255 255 255
92 316 0 255 255 255 255
92 406 0 255 255 255 255
92 408 0 255 255 255 255
92 410 0 255 255 255 255
92 412 0 255 255 255 255
92 414 0 255 255 255 255
92 416 0 255 255 255 255
92 418 0 255 255 255 255
92 420 0 255 255 255 255
92 422 0 255 255 255 255
92 424 0 255 255 255 255
92 426 0 255 255 255 255
92 428 0 255 255 255 255
92 430 0 255 255 255 255
94 64 0 255 255 255 255
94 66 0 255 255 255 255
94 68 0 255 255 255 255
94 70 0 255 255 255 255
94 72 0 255 255 255 255
94 74 0 255 255 255 255
94 76 0 255 255 255 255
94 78 0 255 255 255 255
94 98 0 255 255 255 255
94 180 0 255 255 255 255
94 292 0 255 255 255 255
94 294 0 255 255 255 255
94 296 0 255 255 255 255
94 298 0 255 255 255 255
94 300 0 255 255 255 255
94 302 0 255 255 255 255
94 304 0 255 255 255 255
94 306 0 255 255 255 255
94 308 0 255 255 255 255
94 310 0 255 255 255 255
94 312 0 255 255 255 255
94 314 0 255 255 255 255
94 316 0 255 255 255 255
94 406 0 255 255 255 255
94 408 0 255 255 255 255
94 410 0 255 255 255 255
94 412 0 255 255 255 255
94 414 0 255 255 255 255
94 416 0 255 255 255 255
94 418 0 255 255 255 255
94 420 0 255 255 255 255
94 422 0 255 255 255 255
94 424 0 255 255 255 255
94 426 0 255 255 255 255
94 428 0 255 255 255 255
94 430 0 255 255 255 255
96 72 0 255 255 255 255
96 74 0 255 255 255 255
96 76 0 255 255 255 255
96 78 0 255 255 255 255
96 80 0 255 255 255 255
96 82 0 255 255 255 255
96 94 0 255 255 255 255
96 178 0 255 255 255 255
96 296 0 255 255 255 255
96 316 0 255 255 255 255
96 410 0 255 255 255 255
96 430 0 255 255 255 255
98 76 0 255 255 255 255
98 78 0 255 255 255 255
98 80 0 255 255 255 255
98 82 0 255 255 255 255
98 84 0 255 255 255 255
98 86 0 255 255 255 255
98 88 0 255 255 255 255
98 90 0 255 255 255 255
98 292 0 255 255 255 255
98 316 0 255 255 255 255
98 430 0 255 255 255 255
100 82 0 255 255 255 255
100 84 0 255 255 255 255
100 86 0 255 255 255 255
100 176 0 255 255 255 255
100 292 0 255 255 255 255
100 406 0 255 255 255 255
102 78 0 255 255 255 255
102 80 0 255 255 255 255
102 178 0 255 255 255 255
102 316 0 255 255 255 255
102 430 0 255 255 255 255
104 74 0 255 255 255 255
104 178 0 255 255 255 255
104 180 0 255 255 255 255
104 182 0 255 255 255 255
104 184 0 255 255 255 255
104 186 0 255 255 255 255
104 188 0 255 255 255 255
104 190 0 255 255 255 255
104 192 0 255 255 255 255
104 194 0 255 255 255 255
104 196 0 255 255 255 255
104 198 0 255 255 255 255
104 200 0 255 255 255 255
104 292 0 255 255 255 255
104 316 0 255 255 255 255
104 406 0 255 255 255 255
104 430 0 255 255 255 255
106 64 0 255 255 255 255
106 66 0 255 255 255 255
106 68 0 255 255 255 255
106 180 0 255 255 255 255
106 182 0 255 255 255 255
106 184 0 255 255 255 255
106 186 0 255 255 255 255
106 188 0 255 255 255 255
106 190 0 255 255 255 255
106 192 0 255 255 255 255
106 194 0 255 255 255 255
106 196 0 255 255 255 255
106 198 0 255 255 255 255
106 200 0 255 255 255 255
106 292 0 255 255 255 255
106 294 0 255 255 255 255
106 296 0 255 255 255 255
106 298 0 255 255 255 255
106 300 0 255 255 255 255
106 302 0 255 255 255 255
106 304 0 255 255 255 255
106 306 0 255 255 255 255
106 308 0 255 255 255 255
106 310 0 255 255 255 255
106 312 0 255 255 255 255
106 314 0 255 255 255 255
106 316 0 255 255 255 255
106 406 0 255 255 255 255
106 408 0 255 255 255 255
106 410 0 255 255 255 255
106 412 0 255 255 255 255
106 414 0 255 255 255 255
106 416 0 255 255 255 255
106 418 0 255 255 255 255
106 420 0 255 255 255 255
106 422 0 255 255 255 255
106 424 0 255 255 255 255
106 426 0 255 255 255 255
106 428 0 255 255 255 255
106 430 0 255 255 255 255
108 64 0 255 255 255 255
108 200 0 255 255 255 255
108 292 0 255 255 255 255
108 294 0 255 255 255 255
108 296 0 255 255 255 255
108 298 0 255 255 255 255
108 300 0 255 255 255 255
108 302 0 255 255 255 255
108 304 0 255 255 255 255
108 306 0 255 255 255 255
108 308 0 255 255 255 255
108 310 0 255 255 255 255
108 312 0 255 255 255 255
108 314 0 255 255 255 255
108 316 0 255 255 255 255
108 406 0 255 255 255 255
108 408 0 255 255 255 255
108 410 0 255 255 255 255
108 412 0 255 255 255 255
108 414 0 255 255 255 255
108 416 0 255 255 255 255
108 418 0 255 255 255 255
108 420 0 255 255 255 255
108 422 0 255 255 255 255
108 424 0 255 255 255 255
108 426 0 255 255 255 255
108 428 0 255 255 255 255
108 430 0 255 255 255 255
110 302 0 255 255 255 255
110 304 0 255 255 255 255
110 306 0 255 255 255 255
110 308 0 255 255 255 255
110 310 0 255 255 255 255
110 312 0 255 255 255 255
110 314 0 255 255 255 255
110 316 0 255 255 255 255
110 416 0 255 255 255 255
110 418 0 255 255 255 255
110 420 0 255 255 255 255
110 422 0 255 255 255 255
110 424 0 255 255 255 255
110 426 0 255 255 255 255
110 428 0 255 255 255 255
110 430 0 255 255 255 255
112 296 0 255 255 255 255
112 316 0 255 255 255 255
112 410 0 255 255 255 255
112 430 0 255 255 255 255
114 64 0 255 255 255 255
114 164 0 255 255 255 255
114 292 0 255 255 255 255
114 316 0 255 255 255 255
114 406 0 255 255 255 255
114 430 0 255 255 255 255
116 64 0 255 255 255 255
116 164 0 255 255 255 255
116 406 0 255 255 255 255
118 64 0 255 255 255 255
118 66 0 255 255 255 255
118 68 0 255 255 255 255
118 70 0 255 255 255 255
118 72 0 255 255 255 255
118 74 0 255 255 255 255
118 76 0 255 255 255 255
118 78 0 255 255 255 255
118 80 0 255 255 255 255
118 82 0 255 255 255 255
118 84 0 255 255 255 255
118 86 0 255 255 255 255
118 88 0 255 255 255 255
118 90 0 255 255 255 255
118 92 0 255 255 255 255
118 94 0 255 255 255 255
118 96 0 255 255 255 255
118 98 0 255 255 255 255
118 164 0 255 255 255 255
118 200 0 255 255 255 255
118 316 0 255 255 255 255
118 430 0 255 255 255 255
120 64 0 255 255 255 255
120 66 0 255 255 255 255
120 68 0 255 255 255 255
120 70 0 255 255 255 255
120 72 0 255 255 255 255
120 74 0 255 255 255 255
120 76 0 255 255 255 255
120 78 0 255 255 255 255
120 80 0 255 255 255 255
120 82 0 255 255 255 255
120 84 0 255 255 255 255
120 86 0 255 255 255 255
120 88 0 255 255 255 255
120 90 0 255 255 255 255
120 92 0 255 255 255 255
120 94 0 255 255 255 255
120 96 0 255 255 255 255
120 98 0 255 255 255 255
120 164 0 255 255 255 255
120 166 0 255 255 255 255
120 168 0 255 255 255 255
120 170 0 255 255 255 255
120 172 0 255 255 255 255
120 174 0 255 255 255 255
120 176 0 255 255 255 255
120 178 0 255 255 255 255
120 180 0 255 255 255 255
120 182 0 255 255 255 255
120 184 0 255 255 255 255
120 186 0 255 255 255 255
120 188 0 255 255 255 255
120 190 0 255 255 255 255
120 192 0 255 255 255 255
120 194 0 255 255 255 255
120 196 0 255 255 255 255
120 198 0 255 255 255 255
120 200 0 255 255 255 255
120 292 0 255 255 255 255
120 316 0 255 255 255 255
120 406 0 255 255 255 255
120 430 0 255 255 255 255
122 70 0 255 255 255 255
122 72 0 255 255 255 255
122 74 0 255 255 255 255
122 76 0 255 255 255 255
122 78 0 255 255 255 255
122 80 0 255 255 255 255
122 82 0 255 255 255 255
122 84 0 255 255 255 255
122 86 0 255 255 255 255
122 88 0 255 255 255 255
122 90 0 255 255 255 255
122 92 0 255 255 255 255
122 94 0 255 255 255 255
122 96 0 255 255 255 255
122 98 0 255 255 255 255
122 162 0 255 255 255 255
122 164 0 255 255 255 255
122 166 0 255 255 255 255
122 168 0 255 255 255 255
122 170 0 255 255 255 255
122 172 0 255 255 255 255
122 174 0 255 255 255 255
122 176 0 255 255 255 255
122 178 0 255 255 255 255
122 180 0 255 255 255 255
122 182 0 255 255 255 255
122 184 0 255 255 255 255
122 186 0 255 255 255 255
122 188 0 255 255 255 255
122 190 0 255 255 255 255
122 192 0 255 255 255 255
122 194 0 255 255 255 255
122 196 0 255 255 255 255
122 198 0 255 255 255 255
122 200 0 255 255 255 255
122 292 0 255 255 255 255
122 294 0 255 255 255 255
122 296 0 255 255 255 255
122 298 0 255 255 255 255
122 300 0 255 255 255 255
122 302 0 255 255 255 255
122 304 0 255 255 255 255
122 306 0 255 255 255 255
122 308 0 255 255 255 255
122 310 0 255 255 255 255
122 312 0 255 255 255 255
122 314 0 255 255 255 255
122 316 0 255 255 255 255
122 406 0 255 255 255 255
122 408 0 255 255 255 255
122 410 0 255 255 255 255
122 412 0 255 255 255 255
122 414 0 255 255 255 255
122 416 0 255 255 255 255
122 418 0 255 255 255 255
122 420 0 255 255 255 255
122 422 0 255 255 255 255
122 424 0 255 255 255 255
122 426 0 255 255 255 255
122 428 0 255 255 255 255
122 430 0 255 255 255 255
124 66 0 255 255 255 255
124 292 0 255 255 255 255
124 294 0 255 255 255 255
124 296 0 255 255 255 255
124 298 0 255 255 255 255
124 300 0 255 255 255 255
124 302 0 255 255 255 255
124 304 0 255 255 255 255
124 306 0 255 255 255 255
124 308 0 255 255 255 255
124 310 0 255 255 255 255
124 312 0 255 255 255 255
124 314 0 255 255 255 255
124 316 0 255 255 255 255
124 406 0 255 255 255 255
124 408 0 255 255 255 255
124 410 0 255 255 255 255
124 412 0 255 255 255 255
124 414 0 255 255 255 255
124 416 0 255 255 255 255
124 418 0 255 255 255 255
124 420 0 255 255 255 255
124 422 0 255 255 255 255
124 424 0 255 255 255 255
124 426 0 255 255 255 255
124 428 0 255 255 255 255
124 430 0 255 255 255 255
126 88 0 255 255 255 255
126 296 0 255 255 255 255
126 298 0 255 255 255 255
126 300 0 255 255 255 255
126 302 0 255 255 255 255
126 304 0 255 255 255 255
126 306 0 255 255 255 255
126 308 0 255 255 255 255
126 310 0 255 255 255 255
126 312 0 255 255 255 255
126 314 0 255 255 255 255
126 316 0 255 255 255 255
126 410 0 255 255 255 255
126 412 0 255 255 255 255
126 414 0 255 255 255 255
126 416 0 255 255 255 255
126 418 0 255 255 255 255
126 420 0 255 255 255 255
126 422 0 255 255 255 255
126 424 0 255 255 255 255
126 426 0 255 255 255 255
126 428 0 255 255 255 255
126 430 0 255 255 255 255
128 88 0 255 255 255 255
128 316 0 255 255 255 255
128 430 0 255 255 255 255
130 62 0 255 255 255 255
130 88 0 255 255 255 255
130 316 0 255 255 255 255
130 430 0 255 255 255 255
132 88 0 255 255 255 255
134 64 0 255 255 255 255
134 66 0 255 255 255 255
134 84 0 255 255 255 255
134 86 0 255 255 255 255
134 298 0 255 255 255 255
134 300 0 255 255 255 255
134 302 0 255 255 255 255
134 304 0 255 255 255 255
134 306 0 255 255 255 255
134 308 0 255 255 255 255
134 412 0 255 255 255 255
134 414 0 255 255 255 255
134 416 0 255 255 255 255
134 418 0 255 255 255 255
134 420 0 255 255 255 255
134 422 0 255 255 255 255
136 64 0 255 255 255 255
136 66 0 255 255 255 255
136 68 0 255 255 255 255
136 70 0 255 255 255 255
136 72 0 255 255 255 255
136 74 0 255 255 255 255
136 76 0 255 255 255 255
136 78 0 255 255 255 255
136 80 0 255 255 255 255
136 82 0 255 255 255 255
136 84 0 255 255 255 255
136 296 0 255 255 255 255
136 298 0 255 255 255 255
136 300 0 255 255 255 255
136 302 0 255 255 255 255
136 304 0 255 255 255 255
136 306 0 255 255 255 255
136 308 0 255 255 255 255
136 310 0 255 255 255 255
136 312 0 255 255 255 255
136 410 0 255 255 255 255
136 412 0 255 255 255 255
136 414 0 255 255 255 255
136 416 0 255 255 255 255
136 418 0 255 255 255 255
136 420 0 255 255 255 255
136 422 0 255 255 255 255
136 424 0 255 255 255 255
136 426 0 255 255 255 255
138 66 0 255 255 255 255
138 68 0 255 255 255 255
138 70 0 255 255 255 255
138 72 0 255 255 255 255
138 74 0 255 255 255 255
138 76 0 255 255 255 255
138 78 0 255 255 255 255
138 80 0 255 255 255 255
138 82 0 255 255 255 255
138 294 0 255 255 255 255
138 296 0 255 255 255 255
138 298 0 255 255 255 255
138 300 0 255 255 255 255
138 302 0 255 255 255 255
138 304 0 255 255 255 255
138 306 0 255 255 255 255
138 308 0 255 255 255 255
138 310 0 255 255 255 255
138 312 0 255 255 255 255
138 314 0 255 255 255 255
138 408 0 255 255 255 255
138 410 0 255 255 255 255
138 412 0 255 255 255 255
138 414 0 255 255 255 255
138 416 0 255 255 255 255
138 418 0 255 255 255 255
138 420 0 255 255 255 255
138 422 0 255 255 255 255
138 424 0 255 255 255 255
138 426 0 255 255 255 255
138 428 0 255 255 255 255
140 70 0 255 255 255 255
140 72 0 255 255 255 255
140 74 0 255 255 255 255
140 76 0 255 255 255 255
140 78 0 255 255 255 255
140 80 0 255 255 255 255
140 292 0 255 255 255 255
140 294 0 255 255 255 255
140 312 0 255 255 255 255
140 314 0 255 255 255 255
140 406 0 255 255 255 255
140 408 0 255 255 255 255
140 426 0 255 255 255 255
140 428 0 255 255 255 255
142 314 0 255 255 255 255
142 316 0 255 255 255 255
142 428 0 255 255 255 255
142 430 0 255 255 255 255
144 316 0 255 255 255 255
144 430 0 255 255 255 255
146 70 0 255 255 255 255
146 72 0 255 255 255 255
146 74 0 255 255 255 255
146 76 0 255 255 255 255
146 78 0 255 255 255 255
146 80 0 255 255 255 255
146 82 0 255 255 255 255
146 180 0 255 255 255 255
146 182 0 255 255 255 255
146 184 0 255 255 255 255
146 186 0 255 255 255 255
146 196 0 255 255 255 255
146 198 0 255 255 255 255
146 200 0 255 255 255 255
146 316 0 255 255 255 255
146 430 0 255 255 255 255
148 66 0 255 255 255 255
148 68 0 255 255 255 255
148 70 0 255 255 255 255
148 72 0 255 255 255 255
148 74 0 255 255 255 255
148 76 0 255 255 255 255
148 78 0 255 255 255 255
148 80 0 255 255 255 255
148 82 0 255 255 255 255
148 84 0 255 255 255 255
148 178 0 255 255 255 255
148 180 0 255 255 255 255
148 182 0 255 255 255 255
148 184 0 255 255 255 255
148 186 0 255 255 255 255
148 188 0 255 255 255 255
148 200 0 255 255 255 255
148 316 0 255 255 255 255
148 430 0 255 255 255 255
150 64 0 255 255 255 255
150 66 0 255 255 255 255
150 68 0 255 255 255 255
150 70 0 255 255 255 255
150 72 0 255 255 255 255
150 74 0 255 255 255 255
150 78 0 255 255 255 255
150 80 0 255 255 255 255
150 82 0 255 255 255 255
150 84 0 255 255 255 255
150 86 0 255 255 255 255
150 186 0 255 255 255 255
150 188 0 255 255 255 255
150 190 0 255 255 255 255
150 202 0 255 255 255 255
150 292 0 255 255 255 255
150 294 0 255 255 255 255
150 296 0 255 255 255 255
150 298 0 255 255 255 255
150 300 0 255 255 255 255
150 314 0 255 255 255 255
150 406 0 255 255 255 255
150 408 0 255 255 255 255
150 410 0 255 255 255 255
150 412 0 255 255 255 255
150 414 0 255 255 255 255
150 428 0 255 255 255 255
152 64 0 255 255 255 255
152 86 0 255 255 255 255
152 176 0 255 255 255 255
152 186 0 255 255 255 255
152 188 0 255 255 255 255
152 190 0 255 255 255 255
152 202 0 255 255 255 255
152 294 0 255 255 255 255
152 296 0 255 255 255 255
152 298 0 255 255 255 255
152 300 0 255 255 255 255
152 408 0 255 255 255 255
152 410 0 255 255 255 255
152 412 0 255 255 255 255
152 414 0 255 255 255 255
154 88 0 255 255 255 255
154 176 0 255 255 255 255
154 188 0 255 255 255 255
154 190 0 255 255 255 255
154 192 0 255 255 255 255
154 202 0 255 255 255 255
154 296 0 255 255 255 255
154 298 0 255 255 255 255
154 300 0 255 255 255 255
154 310 0 255 255 255 255
154 410 0 255 255 255 255
154 412 0 255 255 255 255
154 414 0 255 255 255 255
156 62 0 255 255 255 255
156 88 0 255 255 255 255
156 176 0 255 255 255 255
156 188 0 255 255 255 255
156 190 0 255 255 255 255
156 192 0 255 255 255 255
156 202 0 255 255 255 255
158 62 0 255 255 255 255
158 88 0 255 255 255 255
158 178 0 255 255 255 255
158 188 0 255 255 255 255
158 190 0 255 255 255 255
158 192 0 255 255 255 255
158 194 0 255 255 255 255
158 200 0 255 255 255 255
160 88 0 255 255 255 255
160 178 0 255 255 255 255
160 180 0 255 255 255 255
160 182 0 255 255 255 255
160 190 0 255 255 255 255
160 192 0 255 255 255 255
160 194 0 255 255 255 255
160 196 0 255 255 255 255
160 198 0 255 255 255 255
160 200 0 255 255 255 255
160 304 0 255 255 255 255
160 424 0 255 255 255 255
160 426 0 255 255 255 255
160 428 0 255 255 255 255
160 430 0 255 255 255 255
162 64 0 255 255 255 255
162 66 0 255 255 255 255
162 84 0 255 255 255 255
162 86 0 255 255 255 255
162 192 0 255 255 255 255
162 194 0 255 255 255 255
162 196 0 255 255 255 255
162 304 0 255 255 255 255
162 424 0 255 255 255 255
162 426 0 255 255 255 255
162 428 0 255 255 255 255
162 430 0 255 255 255 255
164 66 0 255 255 255 255
164 68 0 255 255 255 255
164 70 0 255 255 255 255
164 72 0 255 255 255 255
164 74 0 255 255 255 255
164 76 0 255 255 255 255
164 78 0 255 255 255 255
164 80 0 255 255 255 255
164 82 0 255 255 255 255
164 84 0 255 255 255 255
164 304 0 255 255 255 255
164 424 0 255 255 255 255
164 426 0 255 255 255 255
164 428 0 255 255 255 255
164 430 0 255 255 255 255
166 68 0 255 255 255 255
166 70 0 255 255 255 255
166 72 0 255 255 255 255
166 74 0 255 255 255 255
166 76 0 255 255 255 255
166 78 0 255 255 255 255
166 80 0 255 255 255 255
166 82 0 255 255 255 255
166 304 0 255 255 255 255
168 72 0 255 255 255 255
168 74 0 255 255 255 255
168 76 0 255 255 255 255
168 78 0 255 255 255 255
168 304 0 255 255 255 255
170 304 0 255 255 255 255
172 68 0 255 255 255 255
172 70 0 255 255 255 255
172 72 0 255 255 255 255
172 92 0 255 255 255 255
172 94 0 255 255 255 255
172 96 0 255 255 255 255
174 66 0 255 255 255 255
174 68 0 255 255 255 255
174 70 0 255 255 255 255
174 72 0 255 255 255 255
174 74 0 255 255 255 255
174 76 0 255 255 255 255
174 82 0 255 255 255 255
174 84 0 255 255 255 255
174 86 0 255 255 255 255
174 90 0 255 255 255 255
174 92 0 255 255 255 255
174 98 0 255 255 255 255
176 64 0 255 255 255 255
176 66 0 255 255 255 255
176 68 0 255 255 255 255
176 70 0 255 255 255 255
176 72 0 255 255 255 255
176 74 0 255 255 255 255
176 76 0 255 255 255 255
176 80 0 255 255 255 255
176 84 0 255 255 255 255
176 86 0 255 255 255 255
176 88 0 255 255 255 255
176 90 0 255 255 255 255
178 64 0 255 255 255 255
178 78 0 255 255 255 255
178 84 0 255 255 255 255
178 86 0 255 255 255 255
178 88 0 255 255 255 255
178 100 0 255 255 255 255
178 356 0 255 255 255 255
178 358 0 255 255 255 255
178 360 0 255 255 255 255
180 62 0 255 255 255 255
180 84 0 255 255 255 255
180 86 0 255 255 255 255
180 88 0 255 255 255 255
180 100 0 255 255 255 255
180 358 0 255 255 255 255
180 360 0 255 255 255 255
182 62 0 255 255 255 255
182 86 0 255 255 255 255
182 88 0 255 255 255 255
182 100 0 255 255 255 255
182 358 0 255 255 255 255
184 78 0 255 255 255 255
184 86 0 255 255 255 255
184 88 0 255 255 255 255
184 100 0 255 255 255 255
184 358 0 255 255 255 255
186 64 0 255 255 255 255
186 66 0 255 255 255 255
186 68 0 255 255 255 255
186 70 0 255 255 255 255
186 72 0 255 255 255 255
186 74 0 255 255 255 255
186 76 0 255 255 255 255
186 78 0 255 255 255 255
186 86 0 255 255 255 255
186 88 0 255 255 255 255
186 100 0 255 255 255 255
186 360 0 255 255 255 255
188 64 0 255 255 255 255
188 66 0 255 255 255 255
188 68 0 255 255 255 255
188 70 0 255 255 255 255
188 72 0 255 255 255 255
188 74 0 255 255 255 255
188 76 0 255 255 255 255
188 86 0 255 255 255 255
188 88 0 255 255 255 255
188 100 0 255 255 255 255
188 358 0 255 255 255 255
190 68 0 255 255 255 255
190 70 0 255 255 255 255
190 72 0 255 255 255 255
190 74 0 255 255 255 255
190 86 0 255 255 255 255
190 88 0 255 255 255 255
190 90 0 255 255 255 255
192 62 0 255 255 255 255
192 64 0 255 255 255 255
192 66 0 255 255 255 255
192 86 0 255 255 255 255
192 88 0 255 255 255 255
192 90 0 255 255 255 255
192 98 0 255 255 255 255
194 62 0 255 255 255 255
194 64 0 255 255 255 255
194 66 0 255 255 255 255
194 88 0 255 255 255 255
194 90 0 255 255 255 255
194 92 0 255 255 255 255
194 94 0 255 255 255 255
194 96 0 255 255 255 255
194 358 0 255 255 255 255
194 360 0 255 255 255 255
196 64 0 255 255 255 255
196 66 0 255 255 255 255
196 358 0 255 255 255 255
200 64 0 255 255 255 255
200 358 0 255 255 255 255
200 360 0 255 255 255 255
202 64 0 255 255 255 255
204 64 0 255 255 255 255
204 66 0 255 255 255 255
204 68 0 255 255 255 255
204 70 0 255 255 255 255
204 72 0 255 255 255 255
204 74 0 255 255 255 255
204 76 0 255 255 255 255
204 78 0 255 255 255 255
204 80 0 255 255 255 255
204 82 0 255 255 255 255
204 84 0 255 255 255 255
204 86 0 255 255 255 255
204 358 0 255 255 255 255
206 64 0 255 255 255 255
206 66 0 255 255 255 255
206 68 0 255 255 255 255
206 70 0 255 255 255 255
206 72 0 255 255 255 255
206 74 0 255 255 255 255
206 76 0 255 255 255 255
206 78 0 255 255 255 255
206 80 0 255 255 255 255
206 82 0 255 255 255 255
206 84 0 255 255 255 255
206 86 0 255 255 255 255
206 360 0 255 255 255 255
208 64 0 255 255 255 255
208 66 0 255 255 255 255
208 68 0 255 255 255 255
208 76 0 255 255 255 255
208 78 0 255 255 255 255
208 80 0 255 255 255 255
208 82 0 255 255 255 255
208 84 0 255 255 255 255
208 86 0 255 255 255 255
210 66 0 255 255 255 255
212 64 0 255 255 255 255
214 62 0 255 255 255 255
214 64 0 255 255 255 255
214 66 0 255 255 255 255
214 358 0 255 255 255 255
214 360 0 255 255 255 255
216 62 0 255 255 255 255
216 64 0 255 255 255 255
216 66 0 255 255 255 255
216 68 0 255 255 255 255
216 358 0 255 255 255 255
216 360 0 255 255 255 255
218 62 0 255 255 255 255
218 64 0 255 255 255 255
218 66 0 255 255 255 255
218 68 0 255 255 255 255
218 358 0 255 255 255 255
222 82 0 255 255 255 255
224 66 0 255 255 255 255
224 68 0 255 255 255 255
224 70 0 255 255 255 255
224 80 0 255 255 255 255
224 82 0 255 255 255 255
224 84 0 255 255 255 255
224 86 0 255 255 255 255
226 64 0 255 255 255 255
226 66 0 255 255 255 255
226 68 0 255 255 255 255
226 70 0 255 255 255 255
226 72 0 255 255 255 255
226 78 0 255 255 255 255
226 80 0 255 255 255 255
226 82 0 255 255 255 255
226 84 0 255 255 255 255
226 86 0 255 255 255 255
226 88 0 255 255 255 255
228 68 0 255 255 255 255
228 70 0 255 255 255 255
228 78 0 255 255 255 255
228 86 0 255 255 255 255
228 88 0 255 255 255 255
230 76 0 255 255 255 255
230 88 0 255 255 255 255
232 88 0 255 255 255 255
236 64 0 255 255 255 255
236 84 0 255 255 255 255
238 64 0 255 255 255 255
238 66 0 255 255 255 255
238 68 0 255 255 255 255
238 70 0 255 255 255 255
238 72 0 255 255 255 255
238 74 0 255 255 255 255
238 76 0 255 255 255 255
238 78 0 255 255 255 255
238 80 0 255 255 255 255
238 82 0 255 255 255 255
238 84 0 255 255 255 255
238 86 0 255 255 255 255
240 66 0 255 255 255 255
240 68 0 255 255 255 255
240 70 0 255 255 255 255
240 72 0 255 255 255 255
240 74 0 255 255 255 255
240 76 0 255 255 255 255
240 78 0 255 255 255 255
240 80 0 255 255 255 255
240 82 0 255 255 255 255
240 84 0 255 255 255 255
240 86 0 255 255 255 255
240 88 0 255 255 255 255
242 88 0 255 255 255 255
244 88 0 255 255 255 255
246 64 0 255 255 255 255
246 82 0 255 255 255 255
246 84 0 255 255 255 255
248 64 0 255 255 255 255
250 64 0 255 255 255 255
252 64 0 255 255 255 255
252 66 0 255 255 255 255
252 68 0 255 255 255 255
252 70 0 255 255 255 255
252 72 0 255 255 255 255
252 74 0 255 255 255 255
252 76 0 255 255 255 255
252 78 0 255 255 255 255
252 80 0 255 255 255 255
252 82 0 255 255 255 255
252 84 0 255 255 255 255
252 86 0 255 255 255 255
252 88 0 255 255 255 255
252 90 0 255 255 255 255
252 92 0 255 255 255 255
252 94 0 255 255 255 255
252 96 0 255 255 255 255
252 98 0 255 255 255 255
254 64 0 255 255 255 255
254 66 0 255 255 255 255
254 68 0 255 255 255 255
254 70 0 255 255 255 255
254 72 0 255 255 255 255
254 74 0 255 255 255 255
254 76 0 255 255 255 255
254 78 0 255 255 255 255
254 80 0 255 255 255 255
254 82 0 255 255 255 255
254 84 0 255 255 255 255
254 86 0 255 255 255 255
254 88 0 255 255 255 255
254 90 0 255 255 255 255
254 92 0 255 255 255 255
254 94 0 255 255 255 255
254 96 0 255 255 255 255
254 98 0 255 255 255 255
256 68 0 255 255 255 255
256 70 0 255 255 255 255
256 86 0 255 255 255 255
256 98 0 255 255 255 255
258 88 0 255 255 255 255
260 88 0 255 255 255 255
262 62 0 255 255 255 255
262 88 0 255 255 255 255
264 62 0 255 255 255 255
264 88 0 255 255 255 255
266 64 0 255 255 255 255
266 86 0 255 255 255 255
268 64 0 255 255 255 255
268 66 0 255 255 255 255
268 68 0 255 255 255 255
268 82 0 255 255 255 255
268 84 0 255 255 255 255
268 86 0 255 255 255 255
270 66 0 255 255 255 255
270 68 0 255 255 255 255
270 70 0 255 255 255 255
270 72 0 255 255 255 255
270 74 0 255 255 255 255
270 76 0 255 255 255 255
270 78 0 255 255 255 255
270 80 0 255 255 255 255
270 82 0 255 255 255 255
270 84 0 255 255 255 255
272 68 0 255 255 255 255
272 70 0 255 255 255 255
272 72 0 255 255 255 255
272 74 0 255 255 255 255
272 76 0 255 255 255 255
272 78 0 255 255 255 255
272 80 0 255 255 255 255
272 82 0 255 255 255 255
274 72 0 255 255 255 255
274 74 0 255 255 255 255
274 76 0 255 255 255 255
274 78 0 255 255 255 255
278 50 0 255 255 255 255
280 50 0 255 255 255 255
282 48 0 255 255 255 255
282 50 0 255 255 255 255
282 52 0 255 255 255 255
282 54 0 255 255 255 255
282 56 0 255 255 255 255
282 58 0 255 255 255 255
282 60 0 255 255 255 255
282 62 0 255 255 255 255
282 64 0 255 255 255 255
282 66 0 255 255 255 255
282 68 0 255 255 255 255
282 70 0 255 255 255 255
282 72 0 255 255 255 255
282 74 0 255 255 255 255
282 76 0 255 255 255 255
282 78 0 255 255 255 255
282 80 0 255 255 255 255
282 82 0 255 255 255 255
282 84 0 255 255 255 255
282 86 0 255 255 255 255
284 48 0 255 255 255 255
284 50 0 255 255 255 255
284 52 0 255 255 255 255
284 54 0 255 255 255 255
284 56 0 255 255 255 255
284 58 0 255 255 255 255
284 60 0 255 255 255 255
284 62 0 255 255 255 255
284 64 0 255 255 255 255
284 66 0 255 255 255 255
284 68 0 255 255 255 255
284 70 0 255 255 255 255
284 72 0 255 255 255 255
284 74 0 255 255 255 255
284 76 0 255 255 255 255
284 78 0 255 255 255 255
284 80 0 255 255 255 255
284 82 0 255 255 255 255
284 84 0 255 255 255 255
284 86 0 255 255 255 255
286 48 0 255 255 255 255
286 70 0 255 255 255 255
286 86 0 255 255 255 255
288 66 0 255 255 255 255
290 64 0 255 255 255 255
292 62 0 255 255 255 255
294 62 0 255 255 255 255
296 62 0 255 255 255 255
296 64 0 255 255 255 255
296 86 0 255 255 255 255
298 64 0 255 255 255 255
298 66 0 255 255 255 255
298 68 0 255 255 255 255
298 70 0 255 255 255 255
298 72 0 255 255 255 255
298 74 0 255 255 255 255
298 76 0 255 255 255 255
298 78 0 255 255 255 255
298 80 0 255 255 255 255
298 82 0 255 255 255 255
298 84 0 255 255 255 255
298 86 0 255 255 255 255
300 64 0 255 255 255 255
300 66 0 255 255 255 255
300 68 0 255 255 255 255
300 70 0 255 255 255 255
300 72 0 255 255 255 255
300 74 0 255 255 255 255
300 76 0 255 255 255 255
300 78 0 255 255 255 255
300 80 0 255 255 255 255
300 82 0 255 255 255 255
300 84 0 255 255 255 255
300 86 0 255 255 255 255
302 84 0 255 255 255 255
302 86 0 255 255 255 255
306 94 0 255 255 255 255
306 96 0 255 255 255 255
306 98 0 255 255 255 255
308 64 0 255 255 255 255
308 94 0 255 255 255 255
308 96 0 255 255 255 255
308 98 0 255 255 255 255
308 100 0 255 255 255 255
310 64 0 255 255 255 255
310 66 0 255 255 255 255
310 94 0 255 255 255 255
310 96 0 255 255 255 255
310 98 0 255 255 255 255
310 100 0 255 255 255 255
312 64 0 255 255 255 255
312 66 0 255 255 255 255
312 68 0 255 255 255 255
312 70 0 255 255 255 255
312 72 0 255 255 255 255
312 100 0 255 255 255 255
314 64 0 255 255 255 255
314 66 0 255 255 255 255
314 68 0 255 255 255 255
314 70 0 255 255 255 255
314 72 0 255 255 255 255
314 74 0 255 255 255 255
314 76 0 255 255 255 255
314 98 0 255 255 255 255
316 70 0 255 255 255 255
316 72 0 255 255 255 255
316 74 0 255 255 255 255
316 76 0 255 255 255 255
316 78 0 255 255 255 255
316 80 0 255 255 255 255
316 96 0 255 255 255 255
318 74 0 255 255 255 255
318 76 0 255 255 255 255
318 78 0 255 255 255 255
318 80 0 255 255 255 255
318 82 0 255 255 255 255
318 84 0 255 255 255 255
318 86 0 255 255 255 255
318 92 0 255 255 255 255
320 80 0 255 255 255 255
320 82 0 255 255 255 255
320 84 0 255 255 255 255
320 86 0 255 255 255 255
322 82 0 255 255 255 255
324 76 0 255 255 255 255
326 64 0 255 255 255 255
326 70 0 255 255 255 255
328 64 0 255 255 255 255
328 66 0 255 255 255 255
330 64 0 255 255 255 255
3 0 1 2
3 3 4 5
3 6 7 8
3 9 10 11
3 12 13 14
3 15 16 17
3 18 19 20
3 21 22 23
3 24 25 26
3 27 28 29
3 30 31 32
3 33 34 35
3 36 37 38
3 39 40 41
3 42 43 44
3 45 46 47
3 48 49 50
3 51 52 53
3 54 55 56
3 57 58 59
3 60 61 62
3 63 64 65
3 66 67 68
3 69 70 71
3 72 73 74
3 75 76 77
3 78 79 80
3 81 82 83
3 84 85 86
3 87 88 89
3 90 91 92
3 93 94 95
3 96 97 98
3 99 100 101
3 102 103 104
3 105 106 107
3 108 109 110
3 111 112 113
3 114 115 116
3 117 118 119
3 120 121 122
3 123 124 125
3 126 127 128
3 129 130 131
3 132 133 134
3 135 136 137
3 138 139 140
3 141 142 143
3 144 145 146
3 147 148 149
3 150 151 152
3 153 154 155
3 156 157 158
3 159 160 161
3 162 163 164
3 165 166 167
3 168 169 170
3 171 172 173
3 174 175 176
3 177 178 179
3 180 181 182
3 183 184 185
3 186 187 188
3 189 190 191
3 192 193 194
3 195 196 197
3 198 199 200
3 201 202 203
3 204 205 206
3 207 208 209
3 210 211 212
3 213 214 215
3 216 217 218
3 219 220 221
3 222 223 224
3 225 226 227
3 228 229 230
3 231 232 233
3 234 235 236
3 237 238 239
3 240 241 242
3 243 244 245
3 246 247 248
3 249 250 251
3 252 253 254
3 255 256 257
3 258 259 260
3 261 262 263
3 264 265 266
3 267 268 269
3 270 271 272
3 273 274 275
3 276 277 278
3 279 280 281
3 282 283 284
3 285 286 287
3 288 289 290
3 291 292 293
3 294 295 296
3 297 298 299
3 300 301 302
3 303 304 305
3 306 307 308
3 309 310 311
3 312 313 314
3 315 316 317
3 318 319 320
3 321 322 323
3 324 325 326
3 327 328 329
3 330 331 332
3 333 334 335
3 336 337 338
3 339 340 341
3 342 343 344
3 345 346 347
3 348 349 350
3 351 352 353
3 354 355 356
3 357 358 359
3 360 361 362
3 363 364 365
3 366 367 368
3 369 370 371
3 372 373 374
3 375 376 377
3 378 379 380
3 381 382 383
3 384 385 386
3 387 388 389
3 390 391 392
3 393 394 395
3 396 397 398
3 399 400 401
3 402 403 404
3 405 406 407
3 408 409 410
3 411 412 413
3 414 415 416
3 417 418 419
3 420 421 422
3 423 424 425
3 426 427 428
3 429 430 431
3 432 433 434
3 435 436 437
3 438 439 440
3 441 442 443
3 444 445 446
3 447 448 449
3 450 451 452
3 453 454 455
3 456 457 458
3 459 460 461
3 462 463 464
3 465 466 467
3 468 469 470
3 471 472 473
3 474 475 476
3 477 478 479
3 480 481 482
3 483 484 485
3 486 487 488
3 489 490 491
3 492 493 494
3 495 496 497
3 498 499 500
3 501 502 503
3 504 505 506
3 507 508 509
3 510 511 512
3 513 514 515
3 516 517 518
3 519 520 521
3 522 523 524
3 525 526 527
3 528 529 530
3 531 532 533
3 534 535 536
3 537 538 539
3 540 541 542
3 543 544 545
3 546 547 548
3 549 550 551
3 552 553 554
3 555 556 557
3 558 559 560
3 561 562 563
3 564 565 566
3 567 568 569
3 570 571 572
3 573 574 575
3 576 577 578
3 579 580 581
3 582 583 584
3 585 586 587
3 588 589 590
3 591 592 593
3 594 595 596
3 597 598 599
3 600 601 602
3 603 604 605
3 606 607 608
3 609 610 611
3 612 613 614
3 615 616 617
3 618 619 620
3 621 622 623
3 624 625 626
3 627 628 629
3 630 631 632
3 633 634 635
3 636 637 638
3 639 640 641
3 642 643 644
3 645 646 647
3 648 649 650
3 651 652 653
3 654 655 656
3 657 658 659
3 660 661 662
3 663 664 665
3 666 667 668
3 669 670 671
3 672 673 674
3 675 676 677
3 678 679 680
3 681 682 683
3 684 685 686
3 687 688 689
3 690 691 692
3 693 694 695
3 696 697 698
3 699 700 701
3 702 703 704
3 705 706 707
3 708 709 710
3 711 712 713
3 714 715 716
3 717 718 719
3 720 721 722
3 723 724 725
3 726 727 728
3 729 730 731
3 732 733 734
3 735 736 737
3 738 739 740
3 741 742 743
3 744 745 746
3 747 748 749
3 750 751 752
3 753 754 755
3 756 757 758
3 759 760 761
3 762 763 764
3 765 766 767
3 768 769 770
3 771 772 773
3 774 775 776
3 777 778 779
3 780 781 782
3 783 784 785
3 786 787 788
3 789 790 791
3 792 793 794
3 795 796 797
3 798 799 800
3 801 802 803
3 804 805 806
3 807 808 809
3 810 811 812
3 813 814 815
3 816 817 818
3 819 820 821
3 822 823 824
3 825 826 827
3 828 829 830
3 831 832 833
3 834 835 836
3 837 838 839
3 840 841 842
3 843 844 845
3 846 847 848
3 849 850 851
3 852 853 854
3 855 856 857
3 858 859 860
3 861 862 863
3 864 865 866
3 867 868 869
3 870 871 872
3 873 874 875
3 876 877 878
3 879 880 881
3 882 883 884
3 885 886 887
3 888 889 890
3 891 892 893
3 894 895 896
3 897 898 899
3 900 901 902
3 903 904 905
3 906 907 908
3 909 910 911
3 912 913 914
3 915 916 917
3 918 919 920
3 921 922 923
3 924 925 926
3 927 928 929
3 930 931 932
3 933 934 935
3 936 937 938
3 939 940 941
3 942 943 944
3 945 946 947
3 948 949 950
3 951 952 953
3 954 955 956
3 957 958 959
3 960 961 962
3 963 964 965
3 966 967 968
3 969 970 971
3 972 973 974
3 975 976 977
3 978 979 980
3 981 982 983
3 984 985 986
3 987 988 989
3 990 991 992
3 993 994 995
3 996 997 998
3 999 1000 1001
3 1002 1003 1004
3 1005 1006 1007
3 1008 1009 1010
3 1011 1012 1013
3 1014 1015 1016
3 1017 1018 1019
3 1020 1021 1022
3 1023 1024 1025
3 1026 1027 1028
3 1029 1030 1031
3 1032 1033 1034
3 1035 1036 1037
3 1038 1039 1040
3 1041 1042 1043
3 1044 1045 1046
3 1047 1048 1049
3 1050 1051 1052
3 1053 1054 1055
3 1056 1057 1058
3 1059 1060 1061
3 1062 1063 1064
3 1065 1066 1067
3 1068 1069 1070
3 1071 1072 1073
3 1074 1075 1076
3 1077 1078 1079
3 1080 1081 1082
3 1083 1084 1085
3 1086 1087 1088
3 1089 1090 1091
3 1092 1093 1094
3 1095 1096 1097
3 1098 1099 1100
3 1101 1102 1103
3 1104 1105 1106
3 1107 1108 1109
3 1110 1111 1112
3 1113 1114 1115
3 1116 1117 1118
3 1119 1120 1121
3 1122 1123 1124
3 1125 1126 1127
3 1128 1129 1130
3 1131 1132 1133
3 1134 1135 1136
3 1137 1138 1139
3 1140 1141 1142
3 1143 1144 1145
3 1146 1147 1148
3 1149 1150 1151
3 1152 1153 1154
3 1155 1156 1157
3 1158 1159 1160
3 1161 1162 1163
3 1164 1165 1166
3 1167 1168 1169
3 1170 1171 1172
3 1173 1174 1175
3 1176 1177 1178
3 1179 1180 1181
3 1182 1183 1184
3 1185 1186 1187
3 1188 1189 1190
3 1191 1192 1193
3 1194 1195 1196
3 1197 1198 1199
3 1200 1201 1202
3 1203 1204 1205
3 1206 1207 1208
3 1209 1210 1211
3 1212 1213 1214
3 1215 1216 1217
3 1218 1219 1220
3 1221 1222 1223
3 1224 1225 1226
3 1227 1228 1229
3 1230 1231 1232
3 1233 1234 1235
3 1236 1237 1238
3 1239 1240 1241
3 1242 1243 1244
3 1245 1246 1247
3 1248 1249 1250
3 1251 1252 1253
3 1254 1255 1256
3 1257 1258 1259
3 1260 1261 1262
3 1263 1264 1265
3 1266 1267 1268
3 1269 1270 1271
3 1272 1273 1274
3 1275 1276 1277
3 1278 1279 1280
3 1281 1282 1283
3 1284 1285 1286
3 1287 1288 1289
3 1290 1291 1292
3 1293 1294 1295
3 1296 1297 1298
3 1299 1300 1301
3 1302 1303 1304
3 1305 1306 1307
3 1308 1309 1310
3 1311 1312 1313
3 1314 1315 1316
3 1317 1318 1319
3 1320 1321 1322
3 1323 1324 1325
3 1326 1327 1328
3 1329 1330 1331
3 1332 1333 1334
3 1335 1336 1337
3 1338 1339 1340
3 1341 1342 1343
3 1344 1345 1346
3 1347 1348 1349
3 1350 1351 1352
3 1353 1354 1355
3 1356 1357 1358
3 1359 1360 1361
3 1362 1363 1364
3 1365 1366 1367
3 1368 1369 1370
3 1371 1372 1373
3 1374 1375 1376
3 1377 1378 1379
3 1380 1381 1382
3 1383 1384 1385
3 1386 1387 1388
3 1389 1390 1391
3 1392 1393 1394
3 1395 1396 1397
3 1398 1399 1400
3 1401 1402 1403
3 1404 1405 1406
3 1407 1408 1409
3 1410 1411 1412
3 1413 1414 1415
3 1416 1417 1418
3 1419 1420 1421
3 1422 1423 1424
3 1425 1426 1427
3 1428 1429 1430
3 1431 1432 1433
3 1434 1435 1436
3 1437 1438 1439
3 1440 1441 1442
3 1443 1444 1445
