ply
format ascii 1.0
element vertex 2338
property float x
property float y
property float z
property uchar red
property uchar green
property uchar blue
property uchar alpha
element face 779
property list uchar int vertex_indices
end_header
107 153.4 0 255 255 255 255
105 153.4 0 255 255 255 255
103 153.4 0 255 255 255 255
101 153.4 0 255 255 255 255
99 153.4 0 255 255 255 255
97 153.4 0 255 255 255 255
95 153.4 0 255 255 255 255
93 153.4 0 255 255 255 255
91 153.4 0 255 255 255 255
89 153.4 0 255 255 255 255
87 153.4 0 255 255 255 255
85.5 153.9 0 255 255 255 255
85.5 155.9 0 255 255 255 255
85.5 157.9 0 255 255 255 255
85.5 159.9 0 255 255 255 255
85.5 161.9 0 255 255 255 255
85.5 163.9 0 255 255 255 255
85.5 165.9 0 255 255 255 255
85.5 167.9 0 255 255 255 255
85.5 169.9 0 255 255 255 255
85.5 171.9 0 255 255 255 255
85.5 173.9 0 255 255 255 255
85.5 175.9 0 255 255 255 255
85.5 177.9 0 255 255 255 255
85.5 179.9 0 255 255 255 255
85.5 181.9 0 255 255 255 255
85.5 183.9 0 255 255 255 255
85.5 185.9 0 255 255 255 255
85.5 187.9 0 255 255 255 255
85.5 189.9 0 255 255 255 255
85.5 191.9 0 255 255 255 255
85.5 193.9 0 255 255 255 255
85.5 195.9 0 255 255 255 255
85.5 197.9 0 255 255 255 255
85.5 199.9 0 255 255 255 255
85.5 201.9 0 255 255 255 255
85.5 203.9 0 255 255 255 255
85.5 205.9 0 255 255 255 255
85.5 207.9 0 255 255 255 255
85.5 209.9 0 255 255 255 255
85.5 211.9 0 255 255 255 255
85.5 213.9 0 255 255 255 255
85.5 215.9 0 255 255 255 255
85.5 217.9 0 255 255 255 255
85.5 219.9 0 255 255 255 255
85.5 221.9 0 255 255 255 255
85.5 223.9 0 255 255 255 255
85.5 225.9 0 255 255 255 255
85.5 227.9 0 255 255 255 255
85.5 229.9 0 255 255 255 255
85.5 231.9 0 255 255 255 255
85.5 233.9 0 255 255 255 255
85.5 235.9 0 255 255 255 255
85.5 237.9 0 255 255 255 255
85.5 239.9 0 255 255 255 255
85.5 241.9 0 255 255 255 255
85.5 243.9 0 255 255 255 255
85.5 245.9 0 255 255 255 255
85.5 247.9 0 255 255 255 255
85.5 249.9 0 255 255 255 255
85.5 251.9 0 255 255 255 255
85.5 253.9 0 255 255 255 255
85.5 255.9 0 255 255 255 255
85.5 257.9 0 255 255 255 255
85.5 259.9 0 255 255 255 255
85.5 261.9 0 255 255 255 255
85.5 263.9 0 255 255 255 255
85.5 265.9 0 255 255 255 255
85.5 267.9 0 255 255 255 255
85.5 269.9 0 255 255 255 255
85.5 271.9 0 255 255 255 255
85.5 273.9 0 255 255 255 255
85.5 275.9 0 255 255 255 255
85.5 277.9 0 255 255 255 255
85.5 279.9 0 255 255 255 255
85.5 281.9 0 255 255 255 255
85.5 283.9 0 255 255 255 255
85.5 285.9 0 255 255 255 255
85.5 287.9 0 255 255 255 255
85.5 289.9 0 255 255 255 255
85.5 291.9 0 255 255 255 255
85.5 293.9 0 255 255 255 255
85.5 295.9 0 255 255 255 255
85.5 297.9 0 255 255 255 255
85.5 299.9 0 255 255 255 255
85.5 301.9 0 255 255 255 255
85.5 303.9 0 255 255 255 255
85.5 305.9 0 255 255 255 255
85.5 307.9 0 255 255 255 255
85.5 309.9 0 255 255 255 255
85.5 311.9 0 255 255 255 255
85.5 313.9 0 255 255 255 255
85.5 315.9 0 255 255 255 255
85.5 317.9 0 255 255 255 255
85.5 319.9 0 255 255 255 255
85.5 321.9 0 255 255 255 255
85.5 323.9 0 255 255 255 255
85.5 325.9 0 255 255 255 255
85.5 327.9 0 255 255 255 255
85.5 329.9 0 255 255 255 255
85.5 331.9 0 255 255 255 255
85.5 333.9 0 255 255 255 255
85.5 335.9 0 255 255 255 255
85.5 337.9 0 255 255 255 255
85.5 339.9 0 255 255 255 255
85.5 341.9 0 255 255 255 255
85.5 343.9 0 255 255 255 255
85.5 345.9 0 255 255 255 255
85.5 347.9 0 255 255 255 255
85.5 349.9 0 255 255 255 255
85.5 351.9 0 255 255 255 255
85.5 353.9 0 255 255 255 255
85.5 355.9 0 255 255 255 255
85.5 357.9 0 255 255 255 255
85.5 359.9 0 255 255 255 255
85.5 361.9 0 255 255 255 255
85.5 363.9 0 255 255 255 255
85.5 365.9 0 255 255 255 255
85.5 367.9 0 255 255 255 255
85.5 369.9 0 255 255 255 255
85.5 371.9 0 255 255 255 255
85.5 373.9 0 255 255 255 255
85.5 375.9 0 255 255 255 255
85.5 377.9 0 255 255 255 255
85.5 379.9 0 255 255 255 255
85.5 381.9 0 255 255 255 255
85.5 383.9 0 255 255 255 255
85.5 385.9 0 255 255 255 255
85.5 387.9 0 255 255 255 255
85.5 389.9 0 255 255 255 255
85.5 391.9 0 255 255 255 255
85.5 393.9 0 255 255 255 255
85.5 395.9 0 255 255 255 255
85.5 397.9 0 255 255 255 255
85.5 399.9 0 255 255 255 255
85.5 401.9 0 255 255 255 255
85.5 403.9 0 255 255 255 255
85.5 405.9 0 255 255 255 255
85.5 407.9 0 255 255 255 255
85.5 409.9 0 255 255 255 255
85.5 411.9 0 255 255 255 255
85.5 413.9 0 255 255 255 255
85.5 415.9 0 255 255 255 255
85.5 417.9 0 255 255 255 255
85.3 419.7 0 255 255 255 255
83.3 419.7 0 255 255 255 255
81.3 419.7 0 255 255 255 255
79.3 419.7 0 255 255 255 255
77.3 419.7 0 255 255 255 255
75.3 419.7 0 255 255 255 255
73.3 419.7 0 255 255 255 255
71.3 419.7 0 255 255 255 255
69.3 419.7 0 255 255 255 255
67.3 419.7 0 255 255 255 255
65.3 419.7 0 255 255 255 255
63.3 419.7 0 255 255 255 255
62 419 0 255 255 255 255
62 417 0 255 255 255 255
62 415 0 255 255 255 255
62 413 0 255 255 255 255
62 411 0 255 255 255 255
62 409 0 255 255 255 255
62 407 0 255 255 255 255
62 405 0 255 255 255 255
62 403 0 255 255 255 255
62 401 0 255 255 255 255
62 399 0 255 255 255 255
62 397 0 255 255 255 255
62 395 0 255 255 255 255
62 393 0 255 255 255 255
62 391 0 255 255 255 255
62 389 0 255 255 255 255
62 387 0 255 255 255 255
62 385 0 255 255 255 255
62 383 0 255 255 255 255
62 381 0 255 255 255 255
62 379 0 255 255 255 255
62 377 0 255 255 255 255
62 375 0 255 255 255 255
62 373 0 255 255 255 255
62 371 0 255 255 255 255
62 369 0 255 255 255 255
62 367 0 255 255 255 255
62 365 0 255 255 255 255
62 363 0 255 255 255 255
62 361 0 255 255 255 255
62 359 0 255 255 255 255
62 357 0 255 255 255 255
62 355 0 255 255 255 255
62 353 0 255 255 255 255
62 351 0 255 255 255 255
62 349 0 255 255 255 255
62 347 0 255 255 255 255
62 345 0 255 255 255 255
62 343 0 255 255 255 255
62 341 0 255 255 255 255
62 339 0 255 255 255 255
62 337 0 255 255 255 255
62 335 0 255 255 255 255
62 333 0 255 255 255 255
62 331 0 255 255 255 255
62 329 0 255 255 255 255
62 327 0 255 255 255 255
62 325 0 255 255 255 255
62 323 0 255 255 255 255
62 321 0 255 255 255 255
62 319 0 255 255 255 255
62 317 0 255 255 255 255
62 315 0 255 255 255 255
62 313 0 255 255 255 255
62 311 0 255 255 255 255
62 309 0 255 255 255 255
62 307 0 255 255 255 255
62 305 0 255 255 255 255
62 303 0 255 255 255 255
62 301 0 255 255 255 255
62 299 0 255 255 255 255
62 297 0 255 255 255 255
62 295 0 255 255 255 255
62 293 0 255 255 255 255
62 291 0 255 255 255 255
62 289 0 255 255 255 255
62 287 0 255 255 255 255
62 285 0 255 255 255 255
62 283 0 255 255 255 255
62 281 0 255 255 255 255
62 279 0 255 255 255 255
62 277 0 255 255 255 255
62 275 0 255 255 255 255
62 273 0 255 255 255 255
62 271 0 255 255 255 255
62 269 0 255 255 255 255
62 267 0 255 255 255 255
62 265 0 255 255 255 255
62 263 0 255 255 255 255
62 261 0 255 255 255 255
62 259 0 255 255 255 255
62 257 0 255 255 255 255
62 255 0 255 255 255 255
62 253 0 255 255 255 255
62 251 0 255 255 255 255
62 249 0 255 255 255 255
62 247 0 255 255 255 255
62 245 0 255 255 255 255
62 243 0 255 255 255 255
62 241 0 255 255 255 255
62 239 0 255 255 255 255
62 237 0 255 255 255 255
62 235 0 255 255 255 255
62 233 0 255 255 255 255
62 231 0 255 255 255 255
62 229 0 255 255 255 255
62 227 0 255 255 255 255
62 225 0 255 255 255 255
62 223 0 255 255 255 255
62 221 0 255 255 255 255
62 219 0 255 255 255 255
62 217 0 255 255 255 255
62 215 0 255 255 255 255
62 213 0 255 255 255 255
62 211 0 255 255 255 255
62 209 0 255 255 255 255
62 207 0 255 255 255 255
62 205 0 255 255 255 255
62 203 0 255 255 255 255
62 201 0 255 255 255 255
62 199 0 255 255 255 255
62 197 0 255 255 255 255
62 195 0 255 255 255 255
62 193 0 255 255 255 255
62 191 0 255 255 255 255
62 189 0 255 255 255 255
62 187 0 255 255 255 255
62 185 0 255 255 255 255
62 183 0 255 255 255 255
62 181 0 255 255 255 255
62 179 0 255 255 255 255
62 177 0 255 255 255 255
62 175 0 255 255 255 255
62 173 0 255 255 255 255
62 171 0 255 255 255 255
62 169 0 255 255 255 255
62 167 0 255 255 255 255
62 165 0 255 255 255 255
62 163 0 255 255 255 255
62 161 0 255 255 255 255
62 159 0 255 255 255 255
62 157 0 255 255 255 255
62 155 0 255 255 255 255
61.6 153.4 0 255 255 255 255
59.6 153.4 0 255 255 255 255
57.6 153.4 0 255 255 255 255
55.6 153.4 0 255 255 255 255
53.6 153.4 0 255 255 255 255
51.6 153.4 0 255 255 255 255
49.6 153.4 0 255 255 255 255
47.6 153.4 0 255 255 255 255
45.6 153.4 0 255 255 255 255
43.6 153.4 0 255 255 255 255
41.6 153.4 0 255 255 255 255
39.6 153.4 0 255 255 255 255
39.3 151.7 0 255 255 255 255
39.3 149.7 0 255 255 255 255
39.3 147.7 0 255 255 255 255
39.3 145.7 0 255 255 255 255
39.3 143.7 0 255 255 255 255
39.3 141.7 0 255 255 255 255
39.3 139.7 0 255 255 255 255
39.3 137.7 0 255 255 255 255
39.3 135.7 0 255 255 255 255
39.3 133.7 0 255 255 255 255
39.3 131.7 0 255 255 255 255
40.3 130.7 0 255 255 255 255
42.3 130.7 0 255 255 255 255
44.3 130.7 0 255 255 255 255
46.3 130.7 0 255 255 255 255
48.3 130.7 0 255 255 255 255
50.3 130.7 0 255 255 255 255
52.3 130.7 0 255 255 255 255
54.3 130.7 0 255 255 255 255
56.3 130.7 0 255 255 255 255
58.3 130.7 0 255 255 255 255
60.3 130.7 0 255 255 255 255
62.3 130.7 0 255 255 255 255
64.3 130.7 0 255 255 255 255
66.3 130.7 0 255 255 255 255
68.3 130.7 0 255 255 255 255
70.3 130.7 0 255 255 255 255
72.3 130.7 0 255 255 255 255
74.3 130.7 0 255 255 255 255
76.3 130.7 0 255 255 255 255
78.3 130.7 0 255 255 255 255
80.3 130.7 0 255 255 255 255
82.3 130.7 0 255 255 255 255
84.3 130.7 0 255 255 255 255
86.3 130.7 0 255 255 255 255
88.3 130.7 0 255 255 255 255
90.3 130.7 0 255 255 255 255
92.3 130.7 0 255 255 255 255
94.3 130.7 0 255 255 255 255
96.3 130.7 0 255 255 255 255
98.3 130.7 0 255 255 255 255
100.3 130.7 0 255 255 255 255
102.3 130.7 0 255 255 255 255
104.3 130.7 0 255 255 255 255
106.3 130.7 0 255 255 255 255
107 132 0 255 255 255 255
107 134 0 255 255 255 255
107 136 0 255 255 255 255
107 138 0 255 255 255 255
107 140 0 255 255 255 255
107 142 0 255 255 255 255
107 144 0 255 255 255 255
107 146 0 255 255 255 255
107 148 0 255 255 255 255
107 150 0 255 255 255 255
107 152 0 255 255 255 255
181.7 151.8 0 255 255 255 255
179.7 151.8 0 255 255 255 255
177.7 151.8 0 255 255 255 255
175.7 151.8 0 255 255 255 255
173.7 151.8 0 255 255 255 255
171.7 151.8 0 255 255 255 255
169.7 151.8 0 255 255 255 255
167.7 151.8 0 255 255 255 255
165.7 151.8 0 255 255 255 255
163.7 151.8 0 255 255 255 255
161.7 151.8 0 255 255 255 255
159.7 151.8 0 255 255 255 255
157.8 151.9 0 255 255 255 255
157.8 153.9 0 255 255 255 255
157.8 155.9 0 255 255 255 255
157.8 157.9 0 255 255 255 255
157.8 159.9 0 255 255 255 255
157.8 161.9 0 255 255 255 255
157.8 163.9 0 255 255 255 255
157.8 165.9 0 255 255 255 255
157.8 167.9 0 255 255 255 255
157.8 169.9 0 255 255 255 255
157.8 171.9 0 255 255 255 255
157.8 173.9 0 255 255 255 255
157.8 175.9 0 255 255 255 255
157.8 177.9 0 255 255 255 255
157.8 179.9 0 255 255 255 255
157.8 181.9 0 255 255 255 255
157.8 183.9 0 255 255 255 255
157.8 185.9 0 255 255 255 255
157.8 187.9 0 255 255 255 255
157.8 189.9 0 255 255 255 255
157.8 191.9 0 255 255 255 255
157.8 193.9 0 255 255 255 255
157.8 195.9 0 255 255 255 255
157.8 197.9 0 255 255 255 255
157.8 199.9 0 255 255 255 255
157.8 201.9 0 255 255 255 255
157.8 203.9 0 255 255 255 255
157.8 205.9 0 255 255 255 255
157.8 207.9 0 255 255 255 255
157.8 209.9 0 255 255 255 255
157.8 211.9 0 255 255 255 255
157.8 213.9 0 255 255 255 255
157.8 215.9 0 255 255 255 255
157.8 217.9 0 255 255 255 255
157.8 219.9 0 255 255 255 255
157.8 221.9 0 255 255 255 255
157.8 223.9 0 255 255 255 255
157.8 225.9 0 255 255 255 255
157.8 227.9 0 255 255 255 255
157.8 229.9 0 255 255 255 255
157.8 231.9 0 255 255 255 255
157.8 233.9 0 255 255 255 255
157.8 235.9 0 255 255 255 255
157.8 237.9 0 255 255 255 255
157.8 239.9 0 255 255 255 255
157.8 241.9 0 255 255 255 255
157.8 243.9 0 255 255 255 255
157.8 245.9 0 255 255 255 255
157.8 247.9 0 255 255 255 255
159.7 248 0 255 255 255 255
161.7 248 0 255 255 255 255
163.7 248 0 255 255 255 255
165.7 248 0 255 255 255 255
167.7 248 0 255 255 255 255
169.7 248 0 255 255 255 255
171.7 248 0 255 255 255 255
173.7 248 0 255 255 255 255
175.7 248 0 255 255 255 255
177.7 248 0 255 255 255 255
179.7 248 0 255 255 255 255
181.7 248 0 255 255 255 255
181.7 250 0 255 255 255 255
181.7 252 0 255 255 255 255
181.7 254 0 255 255 255 255
181.7 256 0 255 255 255 255
181.7 258 0 255 255 255 255
181.7 260 0 255 255 255 255
181.7 262 0 255 255 255 255
181.7 264 0 255 255 255 255
181.7 266 0 255 255 255 255
181.7 268 0 255 255 255 255
180.7 269 0 255 255 255 255
178.7 269 0 255 255 255 255
176.7 269 0 255 255 255 255
174.7 269 0 255 255 255 255
172.7 269 0 255 255 255 255
170.7 269 0 255 255 255 255
168.7 269 0 255 255 255 255
166.7 269 0 255 255 255 255
164.7 269 0 255 255 255 255
162.7 269 0 255 255 255 255
160.7 269 0 255 255 255 255
158.7 269 0 255 255 255 255
156.7 269 0 255 255 255 255
154.7 269 0 255 255 255 255
152.7 269 0 255 255 255 255
150.7 269 0 255 255 255 255
148.7 269 0 255 255 255 255
146.7 269 0 255 255 255 255
144.7 269 0 255 255 255 255
142.7 269 0 255 255 255 255
140.7 269 0 255 255 255 255
138.7 269 0 255 255 255 255
136.7 269 0 255 255 255 255
134.7 269 0 255 255 255 255
132.7 269 0 255 255 255 255
130.7 269 0 255 255 255 255
128.7 269 0 255 255 255 255
126.7 269 0 255 255 255 255
124.7 269 0 255 255 255 255
122.7 269 0 255 255 255 255
120.7 269 0 255 255 255 255
118.7 269 0 255 255 255 255
116.7 269 0 255 255 255 255
114.7 269 0 255 255 255 255
112.7 269 0 255 255 255 255
111.1 268.6 0 255 255 255 255
111.1 266.6 0 255 255 255 255
111.1 264.6 0 255 255 255 255
111.1 262.6 0 255 255 255 255
111.1 260.6 0 255 255 255 255
111.1 258.6 0 255 255 255 255
111.1 256.6 0 255 255 255 255
111.1 254.6 0 255 255 255 255
111.1 252.6 0 255 255 255 255
111.1 250.6 0 255 255 255 255
111.1 248.6 0 255 255 255 255
112.5 248 0 255 255 255 255
114.5 248 0 255 255 255 255
116.5 248 0 255 255 255 255
118.5 248 0 255 255 255 255
120.5 248 0 255 255 255 255
122.5 248 0 255 255 255 255
124.5 248 0 255 255 255 255
126.5 248 0 255 255 255 255
128.5 248 0 255 255 255 255
130.5 248 0 255 255 255 255
132.5 248 0 255 255 255 255
134.5 248 0 255 255 255 255
134.6 246.1 0 255 255 255 255
134.6 244.1 0 255 255 255 255
134.6 242.1 0 255 255 255 255
134.6 240.1 0 255 255 255 255
134.6 238.1 0 255 255 255 255
134.6 236.1 0 255 255 255 255
134.6 234.1 0 255 255 255 255
134.6 232.1 0 255 255 255 255
134.6 230.1 0 255 255 255 255
134.6 228.1 0 255 255 255 255
134.6 226.1 0 255 255 255 255
134.6 224.1 0 255 255 255 255
134.6 222.1 0 255 255 255 255
134.6 220.1 0 255 255 255 255
134.6 218.1 0 255 255 255 255
134.6 216.1 0 255 255 255 255
134.6 214.1 0 255 255 255 255
134.6 212.1 0 255 255 255 255
134.6 210.1 0 255 255 255 255
134.6 208.1 0 255 255 255 255
134.6 206.1 0 255 255 255 255
134.6 204.1 0 255 255 255 255
134.6 202.1 0 255 255 255 255
134.6 200.1 0 255 255 255 255
134.6 198.1 0 255 255 255 255
134.6 196.1 0 255 255 255 255
134.6 194.1 0 255 255 255 255
134.6 192.1 0 255 255 255 255
134.6 190.1 0 255 255 255 255
134.6 188.1 0 255 255 255 255
134.6 186.1 0 255 255 255 255
134.6 184.1 0 255 255 255 255
134.6 182.1 0 255 255 255 255
134.6 180.1 0 255 255 255 255
134.6 178.1 0 255 255 255 255
134.6 176.1 0 255 255 255 255
134.6 174.1 0 255 255 255 255
134.6 172.1 0 255 255 255 255
134.6 170.1 0 255 255 255 255
134.6 168.1 0 255 255 255 255
134.6 166.1 0 255 255 255 255
134.6 164.1 0 255 255 255 255
134.6 162.1 0 255 255 255 255
134.6 160.1 0 255 255 255 255
134.6 158.1 0 255 255 255 255
134.6 156.1 0 255 255 255 255
134.6 154.1 0 255 255 255 255
134.6 152.1 0 255 255 255 255
132.9 151.8 0 255 255 255 255
130.9 151.8 0 255 255 255 255
128.9 151.8 0 255 255 255 255
126.9 151.8 0 255 255 255 255
124.9 151.8 0 255 255 255 255
122.9 151.8 0 255 255 255 255
120.9 151.8 0 255 255 255 255
118.9 151.8 0 255 255 255 255
116.9 151.8 0 255 255 255 255
114.9 151.8 0 255 255 255 255
112.9 151.8 0 255 255 255 255
111.1 151.6 0 255 255 255 255
111.1 149.6 0 255 255 255 255
111.1 147.6 0 255 255 255 255
111.1 145.6 0 255 255 255 255
111.1 143.6 0 255 255 255 255
111.1 141.6 0 255 255 255 255
111.1 139.6 0 255 255 255 255
111.1 137.6 0 255 255 255 255
111.1 135.6 0 255 255 255 255
111.1 133.6 0 255 255 255 255
111.1 131.6 0 255 255 255 255
112.2 130.7 0 255 255 255 255
114.2 130.7 0 255 255 255 255
116.2 130.7 0 255 255 255 255
118.2 130.7 0 255 255 255 255
120.2 130.7 0 255 255 255 255
122.2 130.7 0 255 255 255 255
124.2 130.7 0 255 255 255 255
126.2 130.7 0 255 255 255 255
128.2 130.7 0 255 255 255 255
130.2 130.7 0 255 255 255 255
132.2 130.7 0 255 255 255 255
134.2 130.7 0 255 255 255 255
136.2 130.7 0 255 255 255 255
138.2 130.7 0 255 255 255 255
140.2 130.7 0 255 255 255 255
142.2 130.7 0 255 255 255 255
144.2 130.7 0 255 255 255 255
146.2 130.7 0 255 255 255 255
148.2 130.7 0 255 255 255 255
150.2 130.7 0 255 255 255 255
152.2 130.7 0 255 255 255 255
154.2 130.7 0 255 255 255 255
156.2 130.7 0 255 255 255 255
158.2 130.7 0 255 255 255 255
160.2 130.7 0 255 255 255 255
162.2 130.7 0 255 255 255 255
164.2 130.7 0 255 255 255 255
166.2 130.7 0 255 255 255 255
168.2 130.7 0 255 255 255 255
170.2 130.7 0 255 255 255 255
172.2 130.7 0 255 255 255 255
174.2 130.7 0 255 255 255 255
176.2 130.7 0 255 255 255 255
178.2 130.7 0 255 255 255 255
180.2 130.7 0 255 255 255 255
181.7 131.2 0 255 255 255 255
181.7 133.2 0 255 255 255 255
181.7 135.2 0 255 255 255 255
181.7 137.2 0 255 255 255 255
181.7 139.2 0 255 255 255 255
181.7 141.2 0 255 255 255 255
181.7 143.2 0 255 255 255 255
181.7 145.2 0 255 255 255 255
181.7 147.2 0 255 255 255 255
181.7 149.2 0 255 255 255 255
181.7 151.2 0 255 255 255 255
133 364.4 0 255 255 255 255
134.137 363.248 0 255 255 255 255
134.697 361.328 0 255 255 255 255
135.258 359.409 0 255 255 255 255
135.819 357.489 0 255 255 255 255
136.38 355.569 0 255 255 255 255
136.941 353.649 0 255 255 255 255
137.502 351.73 0 255 255 255 255
138.063 349.81 0 255 255 255 255
138.624 347.89 0 255 255 255 255
139.185 345.971 0 255 255 255 255
139.746 344.051 0 255 255 255 255
140.306 342.131 0 255 255 255 255
140.867 340.211 0 255 255 255 255
141.428 338.292 0 255 255 255 255
141.989 336.372 0 255 255 255 255
142.55 334.452 0 255 255 255 255
143.111 332.532 0 255 255 255 255
143.672 330.613 0 255 255 255 255
144.233 328.693 0 255 255 255 255
144.794 326.773 0 255 255 255 255
145.355 324.853 0 255 255 255 255
145.915 322.934 0 255 255 255 255
146.476 321.014 0 255 255 255 255
147.037 319.094 0 255 255 255 255
147.598 317.174 0 255 255 255 255
148.159 315.255 0 255 255 255 255
148.72 313.335 0 255 255 255 255
149.281 311.415 0 255 255 255 255
149.842 309.496 0 255 255 255 255
150.403 307.576 0 255 255 255 255
150.964 305.656 0 255 255 255 255
151.524 303.736 0 255 255 255 255
152.085 301.817 0 255 255 255 255
152.646 299.897 0 255 255 255 255
153.207 297.977 0 255 255 255 255
153.768 296.057 0 255 255 255 255
154.329 294.138 0 255 255 255 255
154.89 292.218 0 255 255 255 255
155.451 290.298 0 255 255 255 255
156.012 288.378 0 255 255 255 255
156.573 286.459 0 255 255 255 255
157.133 284.539 0 255 255 255 255
157.694 282.619 0 255 255 255 255
159.68 282.6 0 255 255 255 255
161.68 282.6 0 255 255 255 255
163.68 282.6 0 255 255 255 255
165.68 282.6 0 255 255 255 255
167.68 282.6 0 255 255 255 255
169.68 282.6 0 255 255 255 255
171.68 282.6 0 255 255 255 255
173.68 282.6 0 255 255 255 255
175.68 282.6 0 255 255 255 255
177.68 282.6 0 255 255 255 255
179.68 282.6 0 255 255 255 255
181.2 283.08 0 255 255 255 255
181.2 285.08 0 255 255 255 255
181.2 287.08 0 255 255 255 255
181.2 289.08 0 255 255 255 255
181.2 291.08 0 255 255 255 255
181.2 293.08 0 255 255 255 255
181.2 295.08 0 255 255 255 255
181.2 297.08 0 255 255 255 255
181.2 299.08 0 255 255 255 255
181.2 301.08 0 255 255 255 255
181.2 303.08 0 255 255 255 255
181.2 305.08 0 255 255 255 255
181.2 307.08 0 255 255 255 255
181.2 309.08 0 255 255 255 255
181.2 311.08 0 255 255 255 255
181.2 313.08 0 255 255 255 255
181.2 315.08 0 255 255 255 255
181.2 317.08 0 255 255 255 255
181.2 319.08 0 255 255 255 255
181.2 321.08 0 255 255 255 255
181.2 323.08 0 255 255 255 255
181.2 325.08 0 255 255 255 255
181.2 327.08 0 255 255 255 255
181.2 329.08 0 255 255 255 255
181.2 331.08 0 255 255 255 255
181.2 333.08 0 255 255 255 255
181.2 335.08 0 255 255 255 255
181.2 337.08 0 255 255 255 255
181.2 339.08 0 255 255 255 255
181.2 341.08 0 255 255 255 255
181.2 343.08 0 255 255 255 255
181.2 345.08 0 255 255 255 255
181.2 347.08 0 255 255 255 255
181.2 349.08 0 255 255 255 255
181.2 351.08 0 255 255 255 255
181.2 353.08 0 255 255 255 255
181.2 355.08 0 255 255 255 255
181.2 357.08 0 255 255 255 255
181.2 359.08 0 255 255 255 255
181.2 361.08 0 255 255 255 255
181.2 363.08 0 255 255 255 255
181.2 365.08 0 255 255 255 255
181.2 367.08 0 255 255 255 255
181.2 369.08 0 255 255 255 255
181.2 371.08 0 255 255 255 255
181.2 373.08 0 255 255 255 255
181.2 375.08 0 255 255 255 255
181.2 377.08 0 255 255 255 255
181.2 379.08 0 255 255 255 255
181.2 381.08 0 255 255 255 255
181.2 383.08 0 255 255 255 255
181.2 385.08 0 255 255 255 255
181.2 387.08 0 255 255 255 255
181.2 389.08 0 255 255 255 255
181.2 391.08 0 255 255 255 255
181.2 393.08 0 255 255 255 255
181.2 395.08 0 255 255 255 255
181.2 397.08 0 255 255 255 255
181.2 399.08 0 255 255 255 255
181.2 401.08 0 255 255 255 255
181.2 403.08 0 255 255 255 255
181.2 405.08 0 255 255 255 255
181.2 407.08 0 255 255 255 255
181.2 409.08 0 255 255 255 255
181.2 411.08 0 255 255 255 255
181.2 413.08 0 255 255 255 255
181.2 415.08 0 255 255 255 255
181.2 417.08 0 255 255 255 255
181.2 419.08 0 255 255 255 255
179.82 419.7 0 255 255 255 255
177.82 419.7 0 255 255 255 255
175.82 419.7 0 255 255 255 255
173.82 419.7 0 255 255 255 255
171.82 419.7 0 255 255 255 255
169.82 419.7 0 255 255 255 255
167.82 419.7 0 255 255 255 255
165.82 419.7 0 255 255 255 255
163.82 419.7 0 255 255 255 255
161.82 419.7 0 255 255 255 255
159.82 419.7 0 255 255 255 255
159.7 417.82 0 255 255 255 255
159.7 415.82 0 255 255 255 255
159.7 413.82 0 255 255 255 255
159.7 411.82 0 255 255 255 255
159.7 409.82 0 255 255 255 255
159.7 407.82 0 255 255 255 255
159.7 405.82 0 255 255 255 255
159.7 403.82 0 255 255 255 255
159.7 401.82 0 255 255 255 255
159.7 399.82 0 255 255 255 255
159.7 397.82 0 255 255 255 255
159.7 395.82 0 255 255 255 255
159.7 393.82 0 255 255 255 255
159.7 391.82 0 255 255 255 255
159.7 389.82 0 255 255 255 255
159.7 387.82 0 255 255 255 255
159.7 385.82 0 255 255 255 255
159.7 383.82 0 255 255 255 255
159.7 381.82 0 255 255 255 255
159.7 379.82 0 255 255 255 255
159.7 377.82 0 255 255 255 255
159.7 375.82 0 255 255 255 255
159.7 373.82 0 255 255 255 255
159.7 371.82 0 255 255 255 255
159.7 369.82 0 255 255 255 255
159.7 367.82 0 255 255 255 255
159.7 365.82 0 255 255 255 255
159.7 363.82 0 255 255 255 255
159.7 361.82 0 255 255 255 255
159.7 359.82 0 255 255 255 255
159.7 357.82 0 255 255 255 255
159.7 355.82 0 255 255 255 255
159.7 353.82 0 255 255 255 255
159.7 351.82 0 255 255 255 255
159.7 349.82 0 255 255 255 255
159.7 347.82 0 255 255 255 255
159.7 345.82 0 255 255 255 255
159.7 343.82 0 255 255 255 255
159.7 341.82 0 255 255 255 255
159.7 339.82 0 255 255 255 255
159.52 338 0 255 255 255 255
158.564 339.414 0 255 255 255 255
157.975 341.326 0 255 255 255 255
157.387 343.237 0 255 255 255 255
156.798 345.148 0 255 255 255 255
156.209 347.06 0 255 255 255 255
155.62 348.971 0 255 255 255 255
155.031 350.883 0 255 255 255 255
154.442 352.794 0 255 255 255 255
153.854 354.705 0 255 255 255 255
153.265 356.617 0 255 255 255 255
152.676 358.528 0 255 255 255 255
152.087 360.439 0 255 255 255 255
151.498 362.351 0 255 255 255 255
150.91 364.262 0 255 255 255 255
150.321 366.173 0 255 255 255 255
149.732 368.085 0 255 255 255 255
149.143 369.996 0 255 255 255 255
148.554 371.907 0 255 255 255 255
147.965 373.819 0 255 255 255 255
147.377 375.73 0 255 255 255 255
146.788 377.641 0 255 255 255 255
146.199 379.553 0 255 255 255 255
145.61 381.464 0 255 255 255 255
145.021 383.376 0 255 255 255 255
144.432 385.287 0 255 255 255 255
143.844 387.198 0 255 255 255 255
143.255 389.11 0 255 255 255 255
142.666 391.021 0 255 255 255 255
142.077 392.932 0 255 255 255 255
141.488 394.844 0 255 255 255 255
140.899 396.755 0 255 255 255 255
140.311 398.666 0 255 255 255 255
139.722 400.578 0 255 255 255 255
139.133 402.489 0 255 255 255 255
138.544 404.4 0 255 255 255 255
137.955 406.312 0 255 255 255 255
137.366 408.223 0 255 255 255 255
136.778 410.135 0 255 255 255 255
136.189 412.046 0 255 255 255 255
135.6 413.957 0 255 255 255 255
135.011 415.869 0 255 255 255 255
134.422 417.78 0 255 255 255 255
133.833 419.691 0 255 255 255 255
131.914 419.8 0 255 255 255 255
129.914 419.8 0 255 255 255 255
127.914 419.8 0 255 255 255 255
125.914 419.8 0 255 255 255 255
123.914 419.8 0 255 255 255 255
121.914 419.8 0 255 255 255 255
119.914 419.8 0 255 255 255 255
117.914 419.8 0 255 255 255 255
115.914 419.8 0 255 255 255 255
113.914 419.8 0 255 255 255 255
111.914 419.8 0 255 255 255 255
111.5 418.214 0 255 255 255 255
111.5 416.214 0 255 255 255 255
111.5 414.214 0 255 255 255 255
111.5 412.214 0 255 255 255 255
111.5 410.214 0 255 255 255 255
111.5 408.214 0 255 255 255 255
111.5 406.214 0 255 255 255 255
111.5 404.214 0 255 255 255 255
111.5 402.214 0 255 255 255 255
111.5 400.214 0 255 255 255 255
111.5 398.214 0 255 255 255 255
111.5 396.214 0 255 255 255 255
111.5 394.214 0 255 255 255 255
111.5 392.214 0 255 255 255 255
111.5 390.214 0 255 255 255 255
111.5 388.214 0 255 255 255 255
111.5 386.214 0 255 255 255 255
111.5 384.214 0 255 255 255 255
111.5 382.214 0 255 255 255 255
111.5 380.214 0 255 255 255 255
111.5 378.214 0 255 255 255 255
111.5 376.214 0 255 255 255 255
111.5 374.214 0 255 255 255 255
111.5 372.214 0 255 255 255 255
111.5 370.214 0 255 255 255 255
111.5 368.214 0 255 255 255 255
111.5 366.214 0 255 255 255 255
111.5 364.214 0 255 255 255 255
111.5 362.214 0 255 255 255 255
111.5 360.214 0 255 255 255 255
111.5 358.214 0 255 255 255 255
111.5 356.214 0 255 255 255 255
111.5 354.214 0 255 255 255 255
111.5 352.214 0 255 255 255 255
111.5 350.214 0 255 255 255 255
111.5 348.214 0 255 255 255 255
111.5 346.214 0 255 255 255 255
111.5 344.214 0 255 255 255 255
111.5 342.214 0 255 255 255 255
111.5 340.214 0 255 255 255 255
111.5 338.214 0 255 255 255 255
111.5 336.214 0 255 255 255 255
111.5 334.214 0 255 255 255 255
111.5 332.214 0 255 255 255 255
111.5 330.214 0 255 255 255 255
111.5 328.214 0 255 255 255 255
111.5 326.214 0 255 255 255 255
111.5 324.214 0 255 255 255 255
111.5 322.214 0 255 255 255 255
111.5 320.214 0 255 255 255 255
111.5 318.214 0 255 255 255 255
111.5 316.214 0 255 255 255 255
111.5 314.214 0 255 255 255 255
111.5 312.214 0 255 255 255 255
111.5 310.214 0 255 255 255 255
111.5 308.214 0 255 255 255 255
111.5 306.214 0 255 255 255 255
111.5 304.214 0 255 255 255 255
111.5 302.214 0 255 255 255 255
111.5 300.214 0 255 255 255 255
111.5 298.214 0 255 255 255 255
111.5 296.214 0 255 255 255 255
111.5 294.214 0 255 255 255 255
111.5 292.214 0 255 255 255 255
111.5 290.214 0 255 255 255 255
111.5 288.214 0 255 255 255 255
111.5 286.214 0 255 255 255 255
111.5 284.214 0 255 255 255 255
111.986 282.7 0 255 255 255 255
113.986 282.7 0 255 255 255 255
115.986 282.7 0 255 255 255 255
117.986 282.7 0 255 255 255 255
119.986 282.7 0 255 255 255 255
121.986 282.7 0 255 255 255 255
123.986 282.7 0 255 255 255 255
125.986 282.7 0 255 255 255 255
127.986 282.7 0 255 255 255 255
129.986 282.7 0 255 255 255 255
131.986 282.7 0 255 255 255 255
133 283.686 0 255 255 255 255
133 285.686 0 255 255 255 255
133 287.686 0 255 255 255 255
133 289.686 0 255 255 255 255
133 291.686 0 255 255 255 255
133 293.686 0 255 255 255 255
133 295.686 0 255 255 255 255
133 297.686 0 255 255 255 255
133 299.686 0 255 255 255 255
133 301.686 0 255 255 255 255
133 303.686 0 255 255 255 255
133 305.686 0 255 255 255 255
133 307.686 0 255 255 255 255
133 309.686 0 255 255 255 255
133 311.686 0 255 255 255 255
133 313.686 0 255 255 255 255
133 315.686 0 255 255 255 255
133 317.686 0 255 255 255 255
133 319.686 0 255 255 255 255
133 321.686 0 255 255 255 255
133 323.686 0 255 255 255 255
133 325.686 0 255 255 255 255
133 327.686 0 255 255 255 255
133 329.686 0 255 255 255 255
133 331.686 0 255 255 255 255
133 333.686 0 255 255 255 255
133 335.686 0 255 255 255 255
133 337.686 0 255 255 255 255
133 339.686 0 255 255 255 255
133 341.686 0 255 255 255 255
133 343.686 0 255 255 255 255
133 345.686 0 255 255 255 255
133 347.686 0 255 255 255 255
133 349.686 0 255 255 255 255
133 351.686 0 255 255 255 255
133 353.686 0 255 255 255 255
133 355.686 0 255 255 255 255
133 357.686 0 255 255 255 255
133 359.686 0 255 255 255 255
133 361.686 0 255 255 255 255
133 363.686 0 255 255 255 255
221 130.7 0 255 255 255 255
221.186 132.691 0 255 255 255 255
221.372 134.683 0 255 255 255 255
221.557 136.674 0 255 255 255 255
221.743 138.665 0 255 255 255 255
221.929 140.657 0 255 255 255 255
222.115 142.648 0 255 255 255 255
222.3 144.639 0 255 255 255 255
222.486 146.631 0 255 255 255 255
222.672 148.622 0 255 255 255 255
222.858 150.614 0 255 255 255 255
223.043 152.605 0 255 255 255 255
223.229 154.596 0 255 255 255 255
223.415 156.588 0 255 255 255 255
223.601 158.579 0 255 255 255 255
223.786 160.57 0 255 255 255 255
223.972 162.562 0 255 255 255 255
224.158 164.553 0 255 255 255 255
224.344 166.544 0 255 255 255 255
224.529 168.536 0 255 255 255 255
224.715 170.527 0 255 255 255 255
224.901 172.518 0 255 255 255 255
225.087 174.51 0 255 255 255 255
225.272 176.501 0 255 255 255 255
225.458 178.493 0 255 255 255 255
225.644 180.484 0 255 255 255 255
225.83 182.475 0 255 255 255 255
226.015 184.467 0 255 255 255 255
226.201 186.458 0 255 255 255 255
226.387 188.449 0 255 255 255 255
226.573 190.441 0 255 255 255 255
226.758 192.432 0 255 255 255 255
226.944 194.423 0 255 255 255 255
227.13 196.415 0 255 255 255 255
227.316 198.406 0 255 255 255 255
227.501 200.397 0 255 255 255 255
227.687 202.389 0 255 255 255 255
227.873 204.38 0 255 255 255 255
228.059 206.371 0 255 255 255 255
228.244 208.363 0 255 255 255 255
228.43 210.354 0 255 255 255 255
228.616 212.346 0 255 255 255 255
228.802 214.337 0 255 255 255 255
228.987 216.328 0 255 255 255 255
229.173 218.32 0 255 255 255 255
229.359 220.311 0 255 255 255 255
229.545 222.302 0 255 255 255 255
229.73 224.294 0 255 255 255 255
229.916 226.285 0 255 255 255 255
230.102 228.276 0 255 255 255 255
230.288 230.268 0 255 255 255 255
230.473 232.259 0 255 255 255 255
230.659 234.25 0 255 255 255 255
230.845 236.242 0 255 255 255 255
231.031 238.233 0 255 255 255 255
231.216 240.225 0 255 255 255 255
231.402 242.216 0 255 255 255 255
231.588 244.207 0 255 255 255 255
231.774 246.199 0 255 255 255 255
231.959 248.19 0 255 255 255 255
232.145 250.181 0 255 255 255 255
232.331 252.173 0 255 255 255 255
232.517 254.164 0 255 255 255 255
232.702 256.155 0 255 255 255 255
232.888 258.147 0 255 255 255 255
233.074 260.138 0 255 255 255 255
233.26 262.129 0 255 255 255 255
233.445 264.121 0 255 255 255 255
233.631 266.112 0 255 255 255 255
233.817 268.104 0 255 255 255 255
234.003 270.095 0 255 255 255 255
234.188 272.086 0 255 255 255 255
234.374 274.078 0 255 255 255 255
234.56 276.069 0 255 255 255 255
234.746 278.06 0 255 255 255 255
234.932 280.052 0 255 255 255 255
235.117 282.043 0 255 255 255 255
235.303 284.034 0 255 255 255 255
235.489 286.026 0 255 255 255 255
235.675 288.017 0 255 255 255 255
235.86 290.008 0 255 255 255 255
236.046 292 0 255 255 255 255
236.232 293.991 0 255 255 255 255
236.418 295.982 0 255 255 255 255
236.603 297.974 0 255 255 255 255
236.789 299.965 0 255 255 255 255
236.975 301.957 0 255 255 255 255
237.161 303.948 0 255 255 255 255
237.346 305.939 0 255 255 255 255
237.532 307.931 0 255 255 255 255
237.718 309.922 0 255 255 255 255
237.904 311.913 0 255 255 255 255
238.089 313.905 0 255 255 255 255
238.275 315.896 0 255 255 255 255
238.461 317.887 0 255 255 255 255
238.647 319.879 0 255 255 255 255
238.832 321.87 0 255 255 255 255
239.018 323.861 0 255 255 255 255
239.204 325.853 0 255 255 255 255
239.39 327.844 0 255 255 255 255
239.575 329.836 0 255 255 255 255
239.692 331.832 0 255 255 255 255
239.798 333.829 0 255 255 255 255
239.904 335.826 0 255 255 255 255
240.01 337.823 0 255 255 255 255
240.116 339.821 0 255 255 255 255
240.222 341.818 0 255 255 255 255
240.328 343.815 0 255 255 255 255
240.434 345.812 0 255 255 255 255
240.54 347.809 0 255 255 255 255
240.646 349.807 0 255 255 255 255
240.752 351.804 0 255 255 255 255
240.858 353.801 0 255 255 255 255
240.964 355.798 0 255 255 255 255
241.07 357.795 0 255 255 255 255
241.176 359.793 0 255 255 255 255
241.282 361.79 0 255 255 255 255
241.388 363.787 0 255 255 255 255
241.494 365.784 0 255 255 255 255
241.6 367.781 0 255 255 255 255
241.706 369.779 0 255 255 255 255
241.812 371.776 0 255 255 255 255
241.918 373.773 0 255 255 255 255
242.024 375.77 0 255 255 255 255
242.668 377.2 0 255 255 255 255
243.846 376.333 0 255 255 255 255
243.951 374.336 0 255 255 255 255
244.056 372.339 0 255 255 255 255
244.161 370.341 0 255 255 255 255
244.266 368.344 0 255 255 255 255
244.371 366.347 0 255 255 255 255
244.476 364.35 0 255 255 255 255
244.581 362.352 0 255 255 255 255
244.687 360.355 0 255 255 255 255
244.792 358.358 0 255 255 255 255
244.897 356.361 0 255 255 255 255
245.002 354.363 0 255 255 255 255
245.107 352.366 0 255 255 255 255
245.212 350.369 0 255 255 255 255
245.317 348.372 0 255 255 255 255
245.422 346.375 0 255 255 255 255
245.528 344.377 0 255 255 255 255
245.633 342.38 0 255 255 255 255
245.738 340.383 0 255 255 255 255
245.843 338.386 0 255 255 255 255
245.948 336.388 0 255 255 255 255
246.053 334.391 0 255 255 255 255
246.158 332.394 0 255 255 255 255
246.263 330.397 0 255 255 255 255
246.419 328.403 0 255 255 255 255
246.601 326.411 0 255 255 255 255
246.783 324.42 0 255 255 255 255
246.965 322.428 0 255 255 255 255
247.147 320.436 0 255 255 255 255
247.329 318.445 0 255 255 255 255
247.512 316.453 0 255 255 255 255
247.694 314.461 0 255 255 255 255
247.876 312.47 0 255 255 255 255
248.058 310.478 0 255 255 255 255
248.24 308.486 0 255 255 255 255
248.422 306.494 0 255 255 255 255
248.604 304.503 0 255 255 255 255
248.787 302.511 0 255 255 255 255
248.969 300.519 0 255 255 255 255
249.151 298.528 0 255 255 255 255
249.333 296.536 0 255 255 255 255
249.515 294.544 0 255 255 255 255
249.697 292.553 0 255 255 255 255
249.88 290.561 0 255 255 255 255
250.062 288.569 0 255 255 255 255
250.244 286.578 0 255 255 255 255
250.426 284.586 0 255 255 255 255
250.608 282.594 0 255 255 255 255
250.79 280.603 0 255 255 255 255
250.972 278.611 0 255 255 255 255
251.155 276.619 0 255 255 255 255
251.337 274.627 0 255 255 255 255
251.519 272.636 0 255 255 255 255
251.701 270.644 0 255 255 255 255
251.883 268.652 0 255 255 255 255
252.065 266.661 0 255 255 255 255
252.248 264.669 0 255 255 255 255
252.43 262.677 0 255 255 255 255
252.612 260.686 0 255 255 255 255
252.794 258.694 0 255 255 255 255
252.976 256.702 0 255 255 255 255
253.158 254.711 0 255 255 255 255
253.34 252.719 0 255 255 255 255
253.523 250.727 0 255 255 255 255
253.705 248.736 0 255 255 255 255
253.887 246.744 0 255 255 255 255
254.069 244.752 0 255 255 255 255
254.251 242.76 0 255 255 255 255
254.433 240.769 0 255 255 255 255
254.616 238.777 0 255 255 255 255
254.798 236.785 0 255 255 255 255
254.98 234.794 0 255 255 255 255
255.162 232.802 0 255 255 255 255
255.344 230.81 0 255 255 255 255
255.526 228.819 0 255 255 255 255
255.708 226.827 0 255 255 255 255
255.891 224.835 0 255 255 255 255
256.073 222.844 0 255 255 255 255
256.255 220.852 0 255 255 255 255
256.437 218.86 0 255 255 255 255
256.619 216.869 0 255 255 255 255
256.801 214.877 0 255 255 255 255
256.984 212.885 0 255 255 255 255
257.166 210.894 0 255 255 255 255
257.348 208.902 0 255 255 255 255
257.53 206.91 0 255 255 255 255
257.712 204.918 0 255 255 255 255
257.894 202.927 0 255 255 255 255
258.077 200.935 0 255 255 255 255
258.259 198.943 0 255 255 255 255
258.441 196.952 0 255 255 255 255
258.623 194.96 0 255 255 255 255
258.805 192.968 0 255 255 255 255
258.987 190.977 0 255 255 255 255
259.169 188.985 0 255 255 255 255
259.352 186.993 0 255 255 255 255
259.534 185.001 0 255 255 255 255
259.716 183.01 0 255 255 255 255
259.898 181.018 0 255 255 255 255
260.08 179.027 0 255 255 255 255
260.262 177.035 0 255 255 255 255
260.444 175.043 0 255 255 255 255
260.627 173.051 0 255 255 255 255
260.809 171.06 0 255 255 255 255
260.991 169.068 0 255 255 255 255
261.173 167.076 0 255 255 255 255
261.355 165.085 0 255 255 255 255
261.537 163.093 0 255 255 255 255
261.72 161.101 0 255 255 255 255
261.902 159.11 0 255 255 255 255
262.084 157.118 0 255 255 255 255
262.266 155.126 0 255 255 255 255
262.448 153.135 0 255 255 255 255
262.63 151.143 0 255 255 255 255
262.812 149.151 0 255 255 255 255
262.995 147.16 0 255 255 255 255
263.177 145.168 0 255 255 255 255
263.359 143.176 0 255 255 255 255
263.541 141.184 0 255 255 255 255
263.723 139.193 0 255 255 255 255
263.905 137.201 0 255 255 255 255
264.088 135.209 0 255 255 255 255
264.27 133.218 0 255 255 255 255
264.452 131.226 0 255 255 255 255
265.972 130.7 0 255 255 255 255
267.972 130.7 0 255 255 255 255
269.972 130.7 0 255 255 255 255
271.972 130.7 0 255 255 255 255
273.972 130.7 0 255 255 255 255
275.972 130.7 0 255 255 255 255
277.972 130.7 0 255 255 255 255
279.972 130.7 0 255 255 255 255
281.972 130.7 0 255 255 255 255
283.972 130.7 0 255 255 255 255
285.972 130.7 0 255 255 255 255
287.972 130.7 0 255 255 255 255
288.9 131.772 0 255 255 255 255
288.9 133.772 0 255 255 255 255
288.9 135.772 0 255 255 255 255
288.9 137.772 0 255 255 255 255
288.9 139.772 0 255 255 255 255
288.9 141.772 0 255 255 255 255
288.9 143.772 0 255 255 255 255
288.9 145.772 0 255 255 255 255
288.9 147.772 0 255 255 255 255
288.9 149.772 0 255 255 255 255
288.9 151.772 0 255 255 255 255
288.9 153.772 0 255 255 255 255
288.9 155.772 0 255 255 255 255
288.9 157.772 0 255 255 255 255
288.9 159.772 0 255 255 255 255
288.9 161.772 0 255 255 255 255
288.9 163.772 0 255 255 255 255
288.9 165.772 0 255 255 255 255
288.9 167.772 0 255 255 255 255
288.9 169.772 0 255 255 255 255
288.9 171.772 0 255 255 255 255
288.9 173.772 0 255 255 255 255
288.9 175.772 0 255 255 255 255
288.9 177.772 0 255 255 255 255
288.9 179.772 0 255 255 255 255
288.9 181.772 0 255 255 255 255
288.9 183.772 0 255 255 255 255
288.9 185.772 0 255 255 255 255
288.9 187.772 0 255 255 255 255
288.9 189.772 0 255 255 255 255
288.9 191.772 0 255 255 255 255
288.9 193.772 0 255 255 255 255
288.9 195.772 0 255 255 255 255
288.9 197.772 0 255 255 255 255
288.9 199.772 0 255 255 255 255
288.9 201.772 0 255 255 255 255
288.9 203.772 0 255 255 255 255
288.9 205.772 0 255 255 255 255
288.9 207.772 0 255 255 255 255
288.9 209.772 0 255 255 255 255
288.9 211.772 0 255 255 255 255
288.9 213.772 0 255 255 255 255
288.9 215.772 0 255 255 255 255
288.9 217.772 0 255 255 255 255
288.9 219.772 0 255 255 255 255
288.9 221.772 0 255 255 255 255
288.9 223.772 0 255 255 255 255
288.9 225.772 0 255 255 255 255
288.9 227.772 0 255 255 255 255
288.9 229.772 0 255 255 255 255
288.9 231.772 0 255 255 255 255
288.9 233.772 0 255 255 255 255
288.9 235.772 0 255 255 255 255
288.9 237.772 0 255 255 255 255
288.9 239.772 0 255 255 255 255
288.9 241.772 0 255 255 255 255
288.9 243.772 0 255 255 255 255
288.9 245.772 0 255 255 255 255
288.9 247.772 0 255 255 255 255
288.9 249.772 0 255 255 255 255
288.9 251.772 0 255 255 255 255
288.9 253.772 0 255 255 255 255
288.9 255.772 0 255 255 255 255
288.9 257.772 0 255 255 255 255
288.9 259.772 0 255 255 255 255
288.9 261.772 0 255 255 255 255
288.9 263.772 0 255 255 255 255
288.9 265.772 0 255 255 255 255
288.9 267.772 0 255 255 255 255
288.9 269.772 0 255 255 255 255
288.9 271.772 0 255 255 255 255
288.9 273.772 0 255 255 255 255
288.9 275.772 0 255 255 255 255
288.9 277.772 0 255 255 255 255
288.9 279.772 0 255 255 255 255
288.9 281.772 0 255 255 255 255
288.9 283.772 0 255 255 255 255
288.9 285.772 0 255 255 255 255
288.9 287.772 0 255 255 255 255
288.9 289.772 0 255 255 255 255
288.9 291.772 0 255 255 255 255
288.9 293.772 0 255 255 255 255
288.9 295.772 0 255 255 255 255
288.9 297.772 0 255 255 255 255
288.9 299.772 0 255 255 255 255
288.9 301.772 0 255 255 255 255
288.9 303.772 0 255 255 255 255
288.9 305.772 0 255 255 255 255
288.9 307.772 0 255 255 255 255
288.9 309.772 0 255 255 255 255
288.9 311.772 0 255 255 255 255
288.9 313.772 0 255 255 255 255
288.9 315.772 0 255 255 255 255
288.9 317.772 0 255 255 255 255
288.9 319.772 0 255 255 255 255
288.9 321.772 0 255 255 255 255
288.9 323.772 0 255 255 255 255
288.9 325.772 0 255 255 255 255
288.9 327.772 0 255 255 255 255
288.9 329.772 0 255 255 255 255
288.9 331.772 0 255 255 255 255
288.9 333.772 0 255 255 255 255
288.9 335.772 0 255 255 255 255
288.9 337.772 0 255 255 255 255
288.9 339.772 0 255 255 255 255
288.9 341.772 0 255 255 255 255
288.9 343.772 0 255 255 255 255
288.9 345.772 0 255 255 255 255
288.9 347.772 0 255 255 255 255
288.9 349.772 0 255 255 255 255
288.9 351.772 0 255 255 255 255
288.9 353.772 0 255 255 255 255
288.9 355.772 0 255 255 255 255
288.9 357.772 0 255 255 255 255
288.9 359.772 0 255 255 255 255
288.9 361.772 0 255 255 255 255
288.9 363.772 0 255 255 255 255
288.9 365.772 0 255 255 255 255
288.9 367.772 0 255 255 255 255
288.9 369.772 0 255 255 255 255
288.9 371.772 0 255 255 255 255
288.9 373.772 0 255 255 255 255
288.9 375.772 0 255 255 255 255
288.9 377.772 0 255 255 255 255
288.9 379.772 0 255 255 255 255
288.9 381.772 0 255 255 255 255
288.9 383.772 0 255 255 255 255
288.9 385.772 0 255 255 255 255
288.9 387.772 0 255 255 255 255
288.9 389.772 0 255 255 255 255
288.9 391.772 0 255 255 255 255
288.9 393.772 0 255 255 255 255
288.9 395.772 0 255 255 255 255
288.9 397.772 0 255 255 255 255
288.9 399.772 0 255 255 255 255
288.9 401.772 0 255 255 255 255
288.9 403.772 0 255 255 255 255
288.9 405.772 0 255 255 255 255
288.9 407.772 0 255 255 255 255
288.9 409.772 0 255 255 255 255
288.9 411.772 0 255 255 255 255
288.9 413.772 0 255 255 255 255
288.9 415.772 0 255 255 255 255
288.9 417.772 0 255 255 255 255
288.828 419.7 0 255 255 255 255
286.828 419.7 0 255 255 255 255
284.828 419.7 0 255 255 255 255
282.828 419.7 0 255 255 255 255
280.828 419.7 0 255 255 255 255
278.828 419.7 0 255 255 255 255
276.828 419.7 0 255 255 255 255
274.828 419.7 0 255 255 255 255
272.828 419.7 0 255 255 255 255
270.828 419.7 0 255 255 255 255
269.5 419.028 0 255 255 255 255
269.5 417.028 0 255 255 255 255
269.5 415.028 0 255 255 255 255
269.5 413.028 0 255 255 255 255
269.5 411.028 0 255 255 255 255
269.5 409.028 0 255 255 255 255
269.5 407.028 0 255 255 255 255
269.5 405.028 0 255 255 255 255
269.5 403.028 0 255 255 255 255
269.5 401.028 0 255 255 255 255
269.5 399.028 0 255 255 255 255
269.5 397.028 0 255 255 255 255
269.5 395.028 0 255 255 255 255
269.5 393.028 0 255 255 255 255
269.5 391.028 0 255 255 255 255
269.5 389.028 0 255 255 255 255
269.5 387.028 0 255 255 255 255
269.5 385.028 0 255 255 255 255
269.5 383.028 0 255 255 255 255
269.5 381.028 0 255 255 255 255
269.5 379.028 0 255 255 255 255
269.5 377.028 0 255 255 255 255
269.5 375.028 0 255 255 255 255
269.5 373.028 0 255 255 255 255
269.5 371.028 0 255 255 255 255
269.5 369.028 0 255 255 255 255
269.5 367.028 0 255 255 255 255
269.5 365.028 0 255 255 255 255
269.5 363.028 0 255 255 255 255
269.5 361.028 0 255 255 255 255
269.5 359.028 0 255 255 255 255
269.5 357.028 0 255 255 255 255
269.5 355.028 0 255 255 255 255
269.5 353.028 0 255 255 255 255
269.5 351.028 0 255 255 255 255
269.5 349.028 0 255 255 255 255
269.5 347.028 0 255 255 255 255
269.5 345.028 0 255 255 255 255
269.5 343.028 0 255 255 255 255
269.5 341.028 0 255 255 255 255
269.5 339.028 0 255 255 255 255
269.5 337.028 0 255 255 255 255
269.5 335.028 0 255 255 255 255
269.5 333.028 0 255 255 255 255
269.5 331.028 0 255 255 255 255
269.5 329.028 0 255 255 255 255
269.5 327.028 0 255 255 255 255
269.5 325.028 0 255 255 255 255
269.5 323.028 0 255 255 255 255
269.5 321.028 0 255 255 255 255
269.5 319.028 0 255 255 255 255
269.5 317.028 0 255 255 255 255
269.5 315.028 0 255 255 255 255
269.5 313.028 0 255 255 255 255
269.5 311.028 0 255 255 255 255
269.5 309.028 0 255 255 255 255
269.5 307.028 0 255 255 255 255
269.5 305.028 0 255 255 255 255
269.5 303.028 0 255 255 255 255
269.5 301.028 0 255 255 255 255
269.5 299.028 0 255 255 255 255
269.5 297.028 0 255 255 255 255
269.5 295.028 0 255 255 255 255
269.5 293.028 0 255 255 255 255
269.5 291.028 0 255 255 255 255
269.5 289.028 0 255 255 255 255
269.5 287.028 0 255 255 255 255
269.5 285.028 0 255 255 255 255
269.5 283.028 0 255 255 255 255
269.5 281.028 0 255 255 255 255
269.5 279.028 0 255 255 255 255
269.5 277.028 0 255 255 255 255
269.5 275.028 0 255 255 255 255
269.5 273.028 0 255 255 255 255
269.5 271.028 0 255 255 255 255
269.5 269.028 0 255 255 255 255
269.5 267.028 0 255 255 255 255
269.5 265.028 0 255 255 255 255
269.5 263.028 0 255 255 255 255
269.5 261.028 0 255 255 255 255
269.5 259.028 0 255 255 255 255
269.5 257.028 0 255 255 255 255
269.5 255.028 0 255 255 255 255
269.5 253.028 0 255 255 255 255
269.5 251.028 0 255 255 255 255
269.5 249.028 0 255 255 255 255
269.5 247.028 0 255 255 255 255
269.5 245.028 0 255 255 255 255
269.5 243.028 0 255 255 255 255
269.5 241.028 0 255 255 255 255
269.5 239.028 0 255 255 255 255
269.5 237.028 0 255 255 255 255
268.928 235.6 0 255 255 255 255
267.778 236.471 0 255 255 255 255
267.727 238.471 0 255 255 255 255
267.677 240.47 0 255 255 255 255
267.626 242.47 0 255 255 255 255
267.576 244.469 0 255 255 255 255
267.525 246.468 0 255 255 255 255
267.475 248.468 0 255 255 255 255
267.424 250.467 0 255 255 255 255
267.374 252.466 0 255 255 255 255
267.323 254.466 0 255 255 255 255
267.273 256.465 0 255 255 255 255
267.222 258.464 0 255 255 255 255
267.172 260.464 0 255 255 255 255
267.121 262.463 0 255 255 255 255
267.071 264.463 0 255 255 255 255
267.02 266.462 0 255 255 255 255
266.97 268.461 0 255 255 255 255
266.919 270.461 0 255 255 255 255
266.869 272.46 0 255 255 255 255
266.818 274.459 0 255 255 255 255
266.768 276.459 0 255 255 255 255
266.717 278.458 0 255 255 255 255
266.667 280.457 0 255 255 255 255
266.616 282.457 0 255 255 255 255
266.49 284.452 0 255 255 255 255
266.328 286.446 0 255 255 255 255
266.166 288.439 0 255 255 255 255
266.005 290.432 0 255 255 255 255
265.843 292.426 0 255 255 255 255
265.681 294.419 0 255 255 255 255
265.519 296.413 0 255 255 255 255
265.357 298.406 0 255 255 255 255
265.195 300.4 0 255 255 255 255
265.033 302.393 0 255 255 255 255
264.872 304.387 0 255 255 255 255
264.71 306.38 0 255 255 255 255
264.548 308.373 0 255 255 255 255
264.386 310.367 0 255 255 255 255
264.224 312.36 0 255 255 255 255
264.062 314.354 0 255 255 255 255
263.9 316.347 0 255 255 255 255
263.738 318.341 0 255 255 255 255
263.577 320.334 0 255 255 255 255
263.415 322.328 0 255 255 255 255
263.253 324.321 0 255 255 255 255
263.091 326.314 0 255 255 255 255
262.929 328.308 0 255 255 255 255
262.767 330.301 0 255 255 255 255
262.605 332.295 0 255 255 255 255
262.444 334.288 0 255 255 255 255
262.282 336.281 0 255 255 255 255
262.12 338.275 0 255 255 255 255
261.958 340.268 0 255 255 255 255
261.796 342.262 0 255 255 255 255
261.634 344.255 0 255 255 255 255
261.472 346.249 0 255 255 255 255
261.31 348.242 0 255 255 255 255
261.149 350.236 0 255 255 255 255
260.987 352.229 0 255 255 255 255
260.825 354.223 0 255 255 255 255
260.663 356.216 0 255 255 255 255
260.501 358.209 0 255 255 255 255
260.339 360.203 0 255 255 255 255
260.177 362.196 0 255 255 255 255
260.016 364.19 0 255 255 255 255
259.854 366.183 0 255 255 255 255
259.692 368.177 0 255 255 255 255
259.53 370.17 0 255 255 255 255
259.368 372.163 0 255 255 255 255
259.206 374.157 0 255 255 255 255
259.044 376.15 0 255 255 255 255
258.882 378.144 0 255 255 255 255
258.721 380.137 0 255 255 255 255
258.559 382.131 0 255 255 255 255
258.397 384.124 0 255 255 255 255
258.235 386.118 0 255 255 255 255
258.073 388.111 0 255 255 255 255
257.911 390.104 0 255 255 255 255
257.749 392.098 0 255 255 255 255
257.588 394.091 0 255 255 255 255
257.426 396.085 0 255 255 255 255
257.264 398.078 0 255 255 255 255
257.102 400.072 0 255 255 255 255
256.94 402.065 0 255 255 255 255
256.778 404.058 0 255 255 255 255
256.616 406.052 0 255 255 255 255
256.454 408.045 0 255 255 255 255
256.293 410.039 0 255 255 255 255
256.131 412.032 0 255 255 255 255
255.969 414.026 0 255 255 255 255
255.807 416.019 0 255 255 255 255
255.645 418.013 0 255 255 255 255
255.293 419.8 0 255 255 255 255
253.293 419.8 0 255 255 255 255
251.293 419.8 0 255 255 255 255
249.293 419.8 0 255 255 255 255
247.293 419.8 0 255 255 255 255
245.293 419.8 0 255 255 255 255
243.293 419.8 0 255 255 255 255
241.293 419.8 0 255 255 255 255
239.293 419.8 0 255 255 255 255
237.293 419.8 0 255 255 255 255
235.293 419.8 0 255 255 255 255
233.293 419.8 0 255 255 255 255
231.293 419.8 0 255 255 255 255
230.942 418 0 255 255 255 255
230.766 416.008 0 255 255 255 255
230.591 414.016 0 255 255 255 255
230.415 412.023 0 255 255 255 255
230.24 410.031 0 255 255 255 255
230.065 408.039 0 255 255 255 255
229.889 406.047 0 255 255 255 255
229.714 404.054 0 255 255 255 255
229.538 402.062 0 255 255 255 255
229.363 400.07 0 255 255 255 255
229.188 398.077 0 255 255 255 255
229.012 396.085 0 255 255 255 255
228.837 394.093 0 255 255 255 255
228.661 392.101 0 255 255 255 255
228.486 390.108 0 255 255 255 255
228.31 388.116 0 255 255 255 255
228.135 386.124 0 255 255 255 255
227.96 384.131 0 255 255 255 255
227.784 382.139 0 255 255 255 255
227.609 380.147 0 255 255 255 255
227.433 378.154 0 255 255 255 255
227.258 376.162 0 255 255 255 255
227.083 374.17 0 255 255 255 255
226.907 372.178 0 255 255 255 255
226.732 370.185 0 255 255 255 255
226.556 368.193 0 255 255 255 255
226.381 366.201 0 255 255 255 255
226.206 364.208 0 255 255 255 255
226.03 362.216 0 255 255 255 255
225.855 360.224 0 255 255 255 255
225.679 358.232 0 255 255 255 255
225.504 356.239 0 255 255 255 255
225.329 354.247 0 255 255 255 255
225.153 352.255 0 255 255 255 255
224.978 350.262 0 255 255 255 255
224.802 348.27 0 255 255 255 255
224.627 346.278 0 255 255 255 255
224.452 344.286 0 255 255 255 255
224.276 342.293 0 255 255 255 255
224.101 340.301 0 255 255 255 255
223.925 338.309 0 255 255 255 255
223.75 336.316 0 255 255 255 255
223.575 334.324 0 255 255 255 255
223.399 332.332 0 255 255 255 255
223.224 330.339 0 255 255 255 255
223.048 328.347 0 255 255 255 255
222.873 326.355 0 255 255 255 255
222.698 324.363 0 255 255 255 255
222.522 322.37 0 255 255 255 255
222.347 320.378 0 255 255 255 255
222.171 318.386 0 255 255 255 255
221.996 316.393 0 255 255 255 255
221.821 314.401 0 255 255 255 255
221.645 312.409 0 255 255 255 255
221.47 310.417 0 255 255 255 255
221.294 308.424 0 255 255 255 255
221.119 306.432 0 255 255 255 255
220.944 304.44 0 255 255 255 255
220.768 302.447 0 255 255 255 255
220.593 300.455 0 255 255 255 255
220.417 298.463 0 255 255 255 255
220.242 296.47 0 255 255 255 255
220.067 294.478 0 255 255 255 255
219.891 292.486 0 255 255 255 255
219.716 290.494 0 255 255 255 255
219.54 288.501 0 255 255 255 255
219.365 286.509 0 255 255 255 255
219.189 284.517 0 255 255 255 255
219.065 282.521 0 255 255 255 255
218.993 280.523 0 255 255 255 255
218.92 278.524 0 255 255 255 255
218.848 276.525 0 255 255 255 255
218.776 274.526 0 255 255 255 255
218.704 272.528 0 255 255 255 255
218.632 270.529 0 255 255 255 255
218.56 268.53 0 255 255 255 255
218.488 266.532 0 255 255 255 255
218.415 264.533 0 255 255 255 255
218.343 262.534 0 255 255 255 255
218.271 260.536 0 255 255 255 255
218.199 258.537 0 255 255 255 255
218.127 256.538 0 255 255 255 255
218.055 254.54 0 255 255 255 255
217.983 252.541 0 255 255 255 255
217.91 250.542 0 255 255 255 255
217.838 248.543 0 255 255 255 255
217.766 246.545 0 255 255 255 255
217.694 244.546 0 255 255 255 255
217.622 242.547 0 255 255 255 255
217.55 240.549 0 255 255 255 255
217.478 238.55 0 255 255 255 255
217.405 236.551 0 255 255 255 255
215.7 236.549 0 255 255 255 255
215.7 238.549 0 255 255 255 255
215.7 240.549 0 255 255 255 255
215.7 242.549 0 255 255 255 255
215.7 244.549 0 255 255 255 255
215.7 246.549 0 255 255 255 255
215.7 248.549 0 255 255 255 255
215.7 250.549 0 255 255 255 255
215.7 252.549 0 255 255 255 255
215.7 254.549 0 255 255 255 255
215.7 256.549 0 255 255 255 255
215.7 258.549 0 255 255 255 255
215.7 260.549 0 255 255 255 255
215.7 262.549 0 255 255 255 255
215.7 264.549 0 255 255 255 255
215.7 266.549 0 255 255 255 255
215.7 268.549 0 255 255 255 255
215.7 270.549 0 255 255 255 255
215.7 272.549 0 255 255 255 255
215.7 274.549 0 255 255 255 255
215.7 276.549 0 255 255 255 255
215.7 278.549 0 255 255 255 255
215.7 280.549 0 255 255 255 255
215.7 282.549 0 255 255 255 255
215.7 284.549 0 255 255 255 255
215.7 286.549 0 255 255 255 255
215.7 288.549 0 255 255 255 255
215.7 290.549 0 255 255 255 255
215.7 292.548 0 255 255 255 255
215.7 294.549 0 255 255 255 255
215.7 296.549 0 255 255 255 255
215.7 298.549 0 255 255 255 255
215.7 300.549 0 255 255 255 255
215.7 302.549 0 255 255 255 255
215.7 304.549 0 255 255 255 255
215.7 306.549 0 255 255 255 255
215.7 308.549 0 255 255 255 255
215.7 310.549 0 255 255 255 255
215.7 312.549 0 255 255 255 255
215.7 314.548 0 255 255 255 255
215.7 316.549 0 255 255 255 255
215.7 318.549 0 255 255 255 255
215.7 320.549 0 255 255 255 255
215.7 322.549 0 255 255 255 255
215.7 324.549 0 255 255 255 255
215.7 326.549 0 255 255 255 255
215.7 328.549 0 255 255 255 255
215.7 330.549 0 255 255 255 255
215.7 332.549 0 255 255 255 255
215.7 334.549 0 255 255 255 255
215.7 336.548 0 255 255 255 255
215.7 338.549 0 255 255 255 255
215.7 340.549 0 255 255 255 255
215.7 342.549 0 255 255 255 255
215.7 344.549 0 255 255 255 255
215.7 346.549 0 255 255 255 255
215.7 348.549 0 255 255 255 255
215.7 350.549 0 255 255 255 255
215.7 352.549 0 255 255 255 255
215.7 354.549 0 255 255 255 255
215.7 356.549 0 255 255 255 255
215.7 358.548 0 255 255 255 255
215.7 360.549 0 255 255 255 255
215.7 362.549 0 255 255 255 255
215.7 364.549 0 255 255 255 255
215.7 366.549 0 255 255 255 255
215.7 368.549 0 255 255 255 255
215.7 370.549 0 255 255 255 255
215.7 372.549 0 255 255 255 255
215.7 374.549 0 255 255 255 255
215.7 376.549 0 255 255 255 255
215.7 378.549 0 255 255 255 255
215.7 380.549 0 255 255 255 255
215.7 382.549 0 255 255 255 255
215.7 384.549 0 255 255 255 255
215.7 386.549 0 255 255 255 255
215.7 388.549 0 255 255 255 255
215.7 390.549 0 255 255 255 255
215.7 392.549 0 255 255 255 255
215.7 394.549 0 255 255 255 255
215.7 396.549 0 255 255 255 255
215.7 398.549 0 255 255 255 255
215.7 400.549 0 255 255 255 255
215.7 402.548 0 255 255 255 255
215.7 404.549 0 255 255 255 255
215.7 406.549 0 255 255 255 255
215.7 408.549 0 255 255 255 255
215.7 410.549 0 255 255 255 255
215.7 412.549 0 255 255 255 255
215.7 414.549 0 255 255 255 255
215.7 416.549 0 255 255 255 255
215.7 418.549 0 255 255 255 255
214.851 419.7 0 255 255 255 255
212.851 419.7 0 255 255 255 255
210.851 419.7 0 255 255 255 255
208.851 419.7 0 255 255 255 255
206.851 419.7 0 255 255 255 255
204.851 419.7 0 255 255 255 255
202.851 419.7 0 255 255 255 255
200.851 419.7 0 255 255 255 255
198.851 419.7 0 255 255 255 255
196.851 419.7 0 255 255 255 255
196.3 418.251 0 255 255 255 255
196.3 416.252 0 255 255 255 255
196.3 414.251 0 255 255 255 255
196.3 412.251 0 255 255 255 255
196.3 410.251 0 255 255 255 255
196.3 408.252 0 255 255 255 255
196.3 406.251 0 255 255 255 255
196.3 404.251 0 255 255 255 255
196.3 402.252 0 255 255 255 255
196.3 400.251 0 255 255 255 255
196.3 398.251 0 255 255 255 255
196.3 396.252 0 255 255 255 255
196.3 394.252 0 255 255 255 255
196.3 392.251 0 255 255 255 255
196.3 390.251 0 255 255 255 255
196.3 388.252 0 255 255 255 255
196.3 386.251 0 255 255 255 255
196.3 384.251 0 255 255 255 255
196.3 382.252 0 255 255 255 255
196.3 380.251 0 255 255 255 255
196.3 378.251 0 255 255 255 255
196.3 376.251 0 255 255 255 255
196.3 374.252 0 255 255 255 255
196.3 372.251 0 255 255 255 255
196.3 370.251 0 255 255 255 255
196.3 368.252 0 255 255 255 255
196.3 366.251 0 255 255 255 255
196.3 364.251 0 255 255 255 255
196.3 362.251 0 255 255 255 255
196.3 360.252 0 255 255 255 255
196.3 358.251 0 255 255 255 255
196.3 356.251 0 255 255 255 255
196.3 354.252 0 255 255 255 255
196.3 352.251 0 255 255 255 255
196.3 350.251 0 255 255 255 255
196.3 348.251 0 255 255 255 255
196.3 346.252 0 255 255 255 255
196.3 344.251 0 255 255 255 255
196.3 342.251 0 255 255 255 255
196.3 340.252 0 255 255 255 255
196.3 338.251 0 255 255 255 255
196.3 336.251 0 255 255 255 255
196.3 334.251 0 255 255 255 255
196.3 332.252 0 255 255 255 255
196.3 330.251 0 255 255 255 255
196.3 328.251 0 255 255 255 255
196.3 326.252 0 255 255 255 255
196.3 324.251 0 255 255 255 255
196.3 322.251 0 255 255 255 255
196.3 320.252 0 255 255 255 255
196.3 318.251 0 255 255 255 255
196.3 316.251 0 255 255 255 255
196.3 314.251 0 255 255 255 255
196.3 312.252 0 255 255 255 255
196.3 310.251 0 255 255 255 255
196.3 308.251 0 255 255 255 255
196.3 306.252 0 255 255 255 255
196.3 304.251 0 255 255 255 255
196.3 302.251 0 255 255 255 255
196.3 300.251 0 255 255 255 255
196.3 298.252 0 255 255 255 255
196.3 296.251 0 255 255 255 255
196.3 294.251 0 255 255 255 255
196.3 292.252 0 255 255 255 255
196.3 290.251 0 255 255 255 255
196.3 288.251 0 255 255 255 255
196.3 286.251 0 255 255 255 255
196.3 284.252 0 255 255 255 255
196.3 282.251 0 255 255 255 255
196.3 280.251 0 255 255 255 255
196.3 278.252 0 255 255 255 255
196.3 276.251 0 255 255 255 255
196.3 274.251 0 255 255 255 255
196.3 272.252 0 255 255 255 255
196.3 270.251 0 255 255 255 255
196.3 268.251 0 255 255 255 255
196.3 266.251 0 255 255 255 255
196.3 264.252 0 255 255 255 255
196.3 262.251 0 255 255 255 255
196.3 260.251 0 255 255 255 255
196.3 258.252 0 255 255 255 255
196.3 256.251 0 255 255 255 255
196.3 254.251 0 255 255 255 255
196.3 252.251 0 255 255 255 255
196.3 250.252 0 255 255 255 255
196.3 248.251 0 255 255 255 255
196.3 246.251 0 255 255 255 255
196.3 244.252 0 255 255 255 255
196.3 242.251 0 255 255 255 255
196.3 240.251 0 255 255 255 255
196.3 238.251 0 255 255 255 255
196.3 236.252 0 255 255 255 255
196.3 234.251 0 255 255 255 255
196.3 232.251 0 255 255 255 255
196.3 230.252 0 255 255 255 255
196.3 228.251 0 255 255 255 255
196.3 226.251 0 255 255 255 255
196.3 224.251 0 255 255 255 255
196.3 222.252 0 255 255 255 255
196.3 220.251 0 255 255 255 255
196.3 218.251 0 255 255 255 255
196.3 216.252 0 255 255 255 255
196.3 214.251 0 255 255 255 255
196.3 212.251 0 255 255 255 255
196.3 210.252 0 255 255 255 255
196.3 208.252 0 255 255 255 255
196.3 206.251 0 255 255 255 255
196.3 204.251 0 255 255 255 255
196.3 202.252 0 255 255 255 255
196.3 200.251 0 255 255 255 255
196.3 198.251 0 255 255 255 255
196.3 196.252 0 255 255 255 255
196.3 194.251 0 255 255 255 255
196.3 192.251 0 255 255 255 255
196.3 190.251 0 255 255 255 255
196.3 188.252 0 255 255 255 255
196.3 186.251 0 255 255 255 255
196.3 184.251 0 255 255 255 255
196.3 182.252 0 255 255 255 255
196.3 180.251 0 255 255 255 255
196.3 178.251 0 255 255 255 255
196.3 176.251 0 255 255 255 255
196.3 174.252 0 255 255 255 255
196.3 172.251 0 255 255 255 255
196.3 170.251 0 255 255 255 255
196.3 168.252 0 255 255 255 255
196.3 166.251 0 255 255 255 255
196.3 164.251 0 255 255 255 255
196.3 162.252 0 255 255 255 255
196.3 160.252 0 255 255 255 255
196.3 158.251 0 255 255 255 255
196.3 156.251 0 255 255 255 255
196.3 154.252 0 255 255 255 255
196.3 152.251 0 255 255 255 255
196.3 150.251 0 255 255 255 255
196.3 148.252 0 255 255 255 255
196.3 146.251 0 255 255 255 255
196.3 144.251 0 255 255 255 255
196.3 142.251 0 255 255 255 255
196.3 140.252 0 255 255 255 255
196.3 138.251 0 255 255 255 255
196.3 136.251 0 255 255 255 255
196.3 134.252 0 255 255 255 255
196.3 132.251 0 255 255 255 255
196.749 130.7 0 255 255 255 255
198.749 130.7 0 255 255 255 255
200.749 130.7 0 255 255 255 255
202.749 130.7 0 255 255 255 255
204.749 130.7 0 255 255 255 255
206.749 130.7 0 255 255 255 255
208.749 130.7 0 255 255 255 255
210.749 130.7 0 255 255 255 255
212.749 130.7 0 255 255 255 255
214.749 130.7 0 255 255 255 255
216.749 130.7 0 255 255 255 255
218.749 130.7 0 255 255 255 255
220.749 130.7 0 255 255 255 255
328.7 262.8 0 255 255 255 255
330.7 262.8 0 255 255 255 255
332.7 262.8 0 255 255 255 255
334.7 262.8 0 255 255 255 255
336.7 262.8 0 255 255 255 255
338.7 262.8 0 255 255 255 255
340.7 262.8 0 255 255 255 255
342.7 262.8 0 255 255 255 255
344.7 262.8 0 255 255 255 255
346.7 262.8 0 255 255 255 255
348.7 262.8 0 255 255 255 255
350.7 262.8 0 255 255 255 255
352.7 262.8 0 255 255 255 255
354.7 262.8 0 255 255 255 255
356.7 262.8 0 255 255 255 255
358.7 262.8 0 255 255 255 255
360.7 262.8 0 255 255 255 255
360.9 264.6 0 255 255 255 255
360.9 266.6 0 255 255 255 255
360.9 268.6 0 255 255 255 255
360.9 270.6 0 255 255 255 255
360.9 272.6 0 255 255 255 255
360.9 274.6 0 255 255 255 255
360.9 276.6 0 255 255 255 255
360.9 278.6 0 255 255 255 255
360.9 280.6 0 255 255 255 255
360.9 282.6 0 255 255 255 255
360.9 284.6 0 255 255 255 255
359.8 285.5 0 255 255 255 255
357.8 285.5 0 255 255 255 255
355.8 285.5 0 255 255 255 255
353.8 285.5 0 255 255 255 255
351.8 285.5 0 255 255 255 255
349.8 285.5 0 255 255 255 255
347.8 285.5 0 255 255 255 255
345.8 285.5 0 255 255 255 255
343.8 285.5 0 255 255 255 255
341.8 285.5 0 255 255 255 255
339.8 285.5 0 255 255 255 255
337.8 285.5 0 255 255 255 255
335.8 285.5 0 255 255 255 255
333.8 285.5 0 255 255 255 255
331.8 285.5 0 255 255 255 255
329.8 285.5 0 255 255 255 255
328.7 286.4 0 255 255 255 255
328.7 288.4 0 255 255 255 255
328.7 290.4 0 255 255 255 255
328.7 292.4 0 255 255 255 255
328.7 294.4 0 255 255 255 255
328.7 296.4 0 255 255 255 255
328.7 298.4 0 255 255 255 255
328.7 300.4 0 255 255 255 255
328.7 302.4 0 255 255 255 255
328.7 304.4 0 255 255 255 255
328.7 306.4 0 255 255 255 255
328.7 308.4 0 255 255 255 255
328.7 310.4 0 255 255 255 255
328.7 312.4 0 255 255 255 255
328.7 314.4 0 255 255 255 255
328.7 316.4 0 255 255 255 255
328.7 318.4 0 255 255 255 255
328.7 320.4 0 255 255 255 255
328.7 322.4 0 255 255 255 255
328.7 324.4 0 255 255 255 255
328.7 326.4 0 255 255 255 255
328.7 328.4 0 255 255 255 255
328.7 330.4 0 255 255 255 255
328.7 332.4 0 255 255 255 255
328.7 334.4 0 255 255 255 255
328.7 336.4 0 255 255 255 255
328.7 338.4 0 255 255 255 255
328.7 340.4 0 255 255 255 255
328.7 342.4 0 255 255 255 255
328.7 344.4 0 255 255 255 255
328.7 346.4 0 255 255 255 255
328.7 348.4 0 255 255 255 255
328.7 350.4 0 255 255 255 255
328.7 352.4 0 255 255 255 255
328.7 354.4 0 255 255 255 255
328.7 356.4 0 255 255 255 255
328.7 358.4 0 255 255 255 255
328.7 360.4 0 255 255 255 255
328.7 362.4 0 255 255 255 255
328.7 364.4 0 255 255 255 255
328.7 366.4 0 255 255 255 255
328.7 368.4 0 255 255 255 255
328.7 370.4 0 255 255 255 255
328.7 372.4 0 255 255 255 255
328.7 374.4 0 255 255 255 255
328.7 376.4 0 255 255 255 255
328.7 378.4 0 255 255 255 255
328.7 380.4 0 255 255 255 255
328.7 382.4 0 255 255 255 255
328.7 384.4 0 255 255 255 255
328.7 386.4 0 255 255 255 255
328.7 388.4 0 255 255 255 255
328.7 390.4 0 255 255 255 255
328.7 392.4 0 255 255 255 255
328.7 394.4 0 255 255 255 255
328.7 396.4 0 255 255 255 255
330.1 397 0 255 255 255 255
332.1 397 0 255 255 255 255
334.1 397 0 255 255 255 255
336.1 397 0 255 255 255 255
338.1 397 0 255 255 255 255
340.1 397 0 255 255 255 255
342.1 397 0 255 255 255 255
344.1 397 0 255 255 255 255
346.1 397 0 255 255 255 255
348.1 397 0 255 255 255 255
350.1 397 0 255 255 255 255
352.1 397 0 255 255 255 255
354.1 397 0 255 255 255 255
356.1 397 0 255 255 255 255
358.1 397 0 255 255 255 255
360.1 397 0 255 255 255 255
360.9 398.2 0 255 255 255 255
360.9 400.2 0 255 255 255 255
360.9 402.2 0 255 255 255 255
360.9 404.2 0 255 255 255 255
360.9 406.2 0 255 255 255 255
360.9 408.2 0 255 255 255 255
360.9 410.2 0 255 255 255 255
360.9 412.2 0 255 255 255 255
360.9 414.2 0 255 255 255 255
360.9 416.2 0 255 255 255 255
360.9 418.2 0 255 255 255 255
360.4 419.7 0 255 255 255 255
358.4 419.7 0 255 255 255 255
356.4 419.7 0 255 255 255 255
354.4 419.7 0 255 255 255 255
352.4 419.7 0 255 255 255 255
350.4 419.7 0 255 255 255 255
348.4 419.7 0 255 255 255 255
346.4 419.7 0 255 255 255 255
344.4 419.7 0 255 255 255 255
342.4 419.7 0 255 255 255 255
340.4 419.7 0 255 255 255 255
338.4 419.7 0 255 255 255 255
336.4 419.7 0 255 255 255 255
334.4 419.7 0 255 255 255 255
332.4 419.7 0 255 255 255 255
330.4 419.7 0 255 255 255 255
328.4 419.7 0 255 255 255 255
326.4 419.7 0 255 255 255 255
324.4 419.7 0 255 255 255 255
322.4 419.7 0 255 255 255 255
320.4 419.7 0 255 255 255 255
318.4 419.7 0 255 255 255 255
316.4 419.7 0 255 255 255 255
314.4 419.7 0 255 255 255 255
312.4 419.7 0 255 255 255 255
310.4 419.7 0 255 255 255 255
308.4 419.7 0 255 255 255 255
306.4 419.7 0 255 255 255 255
305.2 418.9 0 255 255 255 255
305.2 416.9 0 255 255 255 255
305.2 414.9 0 255 255 255 255
305.2 412.9 0 255 255 255 255
305.2 410.9 0 255 255 255 255
305.2 408.9 0 255 255 255 255
305.2 406.9 0 255 255 255 255
305.2 404.9 0 255 255 255 255
305.2 402.9 0 255 255 255 255
305.2 400.9 0 255 255 255 255
305.2 398.9 0 255 255 255 255
305.2 396.9 0 255 255 255 255
305.2 394.9 0 255 255 255 255
305.2 392.9 0 255 255 255 255
305.2 390.9 0 255 255 255 255
305.2 388.9 0 255 255 255 255
305.2 386.9 0 255 255 255 255
305.2 384.9 0 255 255 255 255
305.2 382.9 0 255 255 255 255
305.2 380.9 0 255 255 255 255
305.2 378.9 0 255 255 255 255
305.2 376.9 0 255 255 255 255
305.2 374.9 0 255 255 255 255
305.2 372.9 0 255 255 255 255
305.2 370.9 0 255 255 255 255
305.2 368.9 0 255 255 255 255
305.2 366.9 0 255 255 255 255
305.2 364.9 0 255 255 255 255
305.2 362.9 0 255 255 255 255
305.2 360.9 0 255 255 255 255
305.2 358.9 0 255 255 255 255
305.2 356.9 0 255 255 255 255
305.2 354.9 0 255 255 255 255
305.2 352.9 0 255 255 255 255
305.2 350.9 0 255 255 255 255
305.2 348.9 0 255 255 255 255
305.2 346.9 0 255 255 255 255
305.2 344.9 0 255 255 255 255
305.2 342.9 0 255 255 255 255
305.2 340.9 0 255 255 255 255
305.2 338.9 0 255 255 255 255
305.2 336.9 0 255 255 255 255
305.2 334.9 0 255 255 255 255
305.2 332.9 0 255 255 255 255
305.2 330.9 0 255 255 255 255
305.2 328.9 0 255 255 255 255
305.2 326.9 0 255 255 255 255
305.2 324.9 0 255 255 255 255
305.2 322.9 0 255 255 255 255
305.2 320.9 0 255 255 255 255
305.2 318.9 0 255 255 255 255
305.2 316.9 0 255 255 255 255
305.2 314.9 0 255 255 255 255
305.2 312.9 0 255 255 255 255
305.2 310.9 0 255 255 255 255
305.2 308.9 0 255 255 255 255
305.2 306.9 0 255 255 255 255
305.2 304.9 0 255 255 255 255
305.2 302.9 0 255 255 255 255
305.2 300.9 0 255 255 255 255
305.2 298.9 0 255 255 255 255
305.2 296.9 0 255 255 255 255
305.2 294.9 0 255 255 255 255
305.2 292.9 0 255 255 255 255
305.2 290.9 0 255 255 255 255
305.2 288.9 0 255 255 255 255
305.2 286.9 0 255 255 255 255
305.2 284.9 0 255 255 255 255
305.2 282.9 0 255 255 255 255
305.2 280.9 0 255 255 255 255
305.2 278.9 0 255 255 255 255
305.2 276.9 0 255 255 255 255
305.2 274.9 0 255 255 255 255
305.2 272.9 0 255 255 255 255
305.2 270.9 0 255 255 255 255
305.2 268.9 0 255 255 255 255
305.2 266.9 0 255 255 255 255
305.2 264.9 0 255 255 255 255
305.2 262.9 0 255 255 255 255
305.2 260.9 0 255 255 255 255
305.2 258.9 0 255 255 255 255
305.2 256.9 0 255 255 255 255
305.2 254.9 0 255 255 255 255
305.2 252.9 0 255 255 255 255
305.2 250.9 0 255 255 255 255
305.2 248.9 0 255 255 255 255
305.2 246.9 0 255 255 255 255
305.2 244.9 0 255 255 255 255
305.2 242.9 0 255 255 255 255
305.2 240.9 0 255 255 255 255
305.2 238.9 0 255 255 255 255
305.2 236.9 0 255 255 255 255
305.2 234.9 0 255 255 255 255
305.2 232.9 0 255 255 255 255
305.2 230.9 0 255 255 255 255
305.2 228.9 0 255 255 255 255
305.2 226.9 0 255 255 255 255
305.2 224.9 0 255 255 255 255
305.2 222.9 0 255 255 255 255
305.2 220.9 0 255 255 255 255
305.2 218.9 0 255 255 255 255
305.2 216.9 0 255 255 255 255
305.2 214.9 0 255 255 255 255
305.2 212.9 0 255 255 255 255
305.2 210.9 0 255 255 255 255
305.2 208.9 0 255 255 255 255
305.2 206.9 0 255 255 255 255
305.2 204.9 0 255 255 255 255
305.2 202.9 0 255 255 255 255
305.2 200.9 0 255 255 255 255
305.2 198.9 0 255 255 255 255
305.2 196.9 0 255 255 255 255
305.2 194.9 0 255 255 255 255
305.2 192.9 0 255 255 255 255
305.2 190.9 0 255 255 255 255
305.2 188.9 0 255 255 255 255
305.2 186.9 0 255 255 255 255
305.2 184.9 0 255 255 255 255
305.2 182.9 0 255 255 255 255
305.2 180.9 0 255 255 255 255
305.2 178.9 0 255 255 255 255
305.2 176.9 0 255 255 255 255
305.2 174.9 0 255 255 255 255
305.2 172.9 0 255 255 255 255
305.2 170.9 0 255 255 255 255
305.2 168.9 0 255 255 255 255
305.2 166.9 0 255 255 255 255
305.2 164.9 0 255 255 255 255
305.2 162.9 0 255 255 255 255
305.2 160.9 0 255 255 255 255
305.2 158.9 0 255 255 255 255
305.2 156.9 0 255 255 255 255
305.2 154.9 0 255 255 255 255
305.2 152.9 0 255 255 255 255
305.2 150.9 0 255 255 255 255
305.2 148.9 0 255 255 255 255
305.2 146.9 0 255 255 255 255
305.2 144.9 0 255 255 255 255
305.2 142.9 0 255 255 255 255
305.2 140.9 0 255 255 255 255
305.2 138.9 0 255 255 255 255
305.2 136.9 0 255 255 255 255
305.2 134.9 0 255 255 255 255
305.2 132.9 0 255 255 255 255
305.2 130.9 0 255 255 255 255
307 130.7 0 255 255 255 255
309 130.7 0 255 255 255 255
311 130.7 0 255 255 255 255
313 130.7 0 255 255 255 255
315 130.7 0 255 255 255 255
317 130.7 0 255 255 255 255
319 130.7 0 255 255 255 255
321 130.7 0 255 255 255 255
323 130.7 0 255 255 255 255
325 130.7 0 255 255 255 255
327 130.7 0 255 255 255 255
329 130.7 0 255 255 255 255
331 130.7 0 255 255 255 255
333 130.7 0 255 255 255 255
335 130.7 0 255 255 255 255
337 130.7 0 255 255 255 255
339 130.7 0 255 255 255 255
341 130.7 0 255 255 255 255
343 130.7 0 255 255 255 255
345 130.7 0 255 255 255 255
347 130.7 0 255 255 255 255
349 130.7 0 255 255 255 255
351 130.7 0 255 255 255 255
353 130.7 0 255 255 255 255
355 130.7 0 255 255 255 255
357 130.7 0 255 255 255 255
359 130.7 0 255 255 255 255
360.9 130.8 0 255 255 255 255
360.9 132.8 0 255 255 255 255
360.9 134.8 0 255 255 255 255
360.9 136.8 0 255 255 255 255
360.9 138.8 0 255 255 255 255
360.9 140.8 0 255 255 255 255
360.9 142.8 0 255 255 255 255
360.9 144.8 0 255 255 255 255
360.9 146.8 0 255 255 255 255
360.9 148.8 0 255 255 255 255
360.9 150.8 0 255 255 255 255
360.9 152.8 0 255 255 255 255
359.5 153.4 0 255 255 255 255
357.5 153.4 0 255 255 255 255
355.5 153.4 0 255 255 255 255
353.5 153.4 0 255 255 255 255
351.5 153.4 0 255 255 255 255
349.5 153.4 0 255 255 255 255
347.5 153.4 0 255 255 255 255
345.5 153.4 0 255 255 255 255
343.5 153.4 0 255 255 255 255
341.5 153.4 0 255 255 255 255
339.5 153.4 0 255 255 255 255
337.5 153.4 0 255 255 255 255
335.5 153.4 0 255 255 255 255
333.5 153.4 0 255 255 255 255
331.5 153.4 0 255 255 255 255
329.5 153.4 0 255 255 255 255
328.7 154.6 0 255 255 255 255
328.7 156.6 0 255 255 255 255
328.7 158.6 0 255 255 255 255
328.7 160.6 0 255 255 255 255
328.7 162.6 0 255 255 255 255
328.7 164.6 0 255 255 255 255
328.7 166.6 0 255 255 255 255
328.7 168.6 0 255 255 255 255
328.7 170.6 0 255 255 255 255
328.7 172.6 0 255 255 255 255
328.7 174.6 0 255 255 255 255
328.7 176.6 0 255 255 255 255
328.7 178.6 0 255 255 255 255
328.7 180.6 0 255 255 255 255
328.7 182.6 0 255 255 255 255
328.7 184.6 0 255 255 255 255
328.7 186.6 0 255 255 255 255
328.7 188.6 0 255 255 255 255
328.7 190.6 0 255 255 255 255
328.7 192.6 0 255 255 255 255
328.7 194.6 0 255 255 255 255
328.7 196.6 0 255 255 255 255
328.7 198.6 0 255 255 255 255
328.7 200.6 0 255 255 255 255
328.7 202.6 0 255 255 255 255
328.7 204.6 0 255 255 255 255
328.7 206.6 0 255 255 255 255
328.7 208.6 0 255 255 255 255
328.7 210.6 0 255 255 255 255
328.7 212.6 0 255 255 255 255
328.7 214.6 0 255 255 255 255
328.7 216.6 0 255 255 255 255
328.7 218.6 0 255 255 255 255
328.7 220.6 0 255 255 255 255
328.7 222.6 0 255 255 255 255
328.7 224.6 0 255 255 255 255
328.7 226.6 0 255 255 255 255
328.7 228.6 0 255 255 255 255
328.7 230.6 0 255 255 255 255
328.7 232.6 0 255 255 255 255
328.7 234.6 0 255 255 255 255
328.7 236.6 0 255 255 255 255
328.7 238.6 0 255 255 255 255
328.7 240.6 0 255 255 255 255
328.7 242.6 0 255 255 255 255
328.7 244.6 0 255 255 255 255
328.7 246.6 0 255 255 255 255
328.7 248.6 0 255 255 255 255
328.7 250.6 0 255 255 255 255
328.7 252.6 0 255 255 255 255
328.7 254.6 0 255 255 255 255
328.7 256.6 0 255 255 255 255
328.7 258.6 0 255 255 255 255
328.7 260.6 0 255 255 255 255
328.7 262.6 0 255 255 255 255
3 0 1 2
3 3 4 5
3 6 7 8
3 9 10 11
3 12 13 14
3 15 16 17
3 18 19 20
3 21 22 23
3 24 25 26
3 27 28 29
3 30 31 32
3 33 34 35
3 36 37 38
3 39 40 41
3 42 43 44
3 45 46 47
3 48 49 50
3 51 52 53
3 54 55 56
3 57 58 59
3 60 61 62
3 63 64 65
3 66 67 68
3 69 70 71
3 72 73 74
3 75 76 77
3 78 79 80
3 81 82 83
3 84 85 86
3 87 88 89
3 90 91 92
3 93 94 95
3 96 97 98
3 99 100 101
3 102 103 104
3 105 106 107
3 108 109 110
3 111 112 113
3 114 115 116
3 117 118 119
3 120 121 122
3 123 124 125
3 126 127 128
3 129 130 131
3 132 133 134
3 135 136 137
3 138 139 140
3 141 142 143
3 144 145 146
3 147 148 149
3 150 151 152
3 153 154 155
3 156 157 158
3 159 160 161
3 162 163 164
3 165 166 167
3 168 169 170
3 171 172 173
3 174 175 176
3 177 178 179
3 180 181 182
3 183 184 185
3 186 187 188
3 189 190 191
3 192 193 194
3 195 196 197
3 198 199 200
3 201 202 203
3 204 205 206
3 207 208 209
3 210 211 212
3 213 214 215
3 216 217 218
3 219 220 221
3 222 223 224
3 225 226 227
3 228 229 230
3 231 232 233
3 234 235 236
3 237 238 239
3 240 241 242
3 243 244 245
3 246 247 248
3 249 250 251
3 252 253 254
3 255 256 257
3 258 259 260
3 261 262 263
3 264 265 266
3 267 268 269
3 270 271 272
3 273 274 275
3 276 277 278
3 279 280 281
3 282 283 284
3 285 286 287
3 288 289 290
3 291 292 293
3 294 295 296
3 297 298 299
3 300 301 302
3 303 304 305
3 306 307 308
3 309 310 311
3 312 313 314
3 315 316 317
3 318 319 320
3 321 322 323
3 324 325 326
3 327 328 329
3 330 331 332
3 333 334 335
3 336 337 338
3 339 340 341
3 342 343 344
3 345 346 347
3 348 349 350
3 351 352 353
3 354 355 356
3 357 358 359
3 360 361 362
3 363 364 365
3 366 367 368
3 369 370 371
3 372 373 374
3 375 376 377
3 378 379 380
3 381 382 383
3 384 385 386
3 387 388 389
3 390 391 392
3 393 394 395
3 396 397 398
3 399 400 401
3 402 403 404
3 405 406 407
3 408 409 410
3 411 412 413
3 414 415 416
3 417 418 419
3 420 421 422
3 423 424 425
3 426 427 428
3 429 430 431
3 432 433 434
3 435 436 437
3 438 439 440
3 441 442 443
3 444 445 446
3 447 448 449
3 450 451 452
3 453 454 455
3 456 457 458
3 459 460 461
3 462 463 464
3 465 466 467
3 468 469 470
3 471 472 473
3 474 475 476
3 477 478 479
3 480 481 482
3 483 484 485
3 486 487 488
3 489 490 491
3 492 493 494
3 495 496 497
3 498 499 500
3 501 502 503
3 504 505 506
3 507 508 509
3 510 511 512
3 513 514 515
3 516 517 518
3 519 520 521
3 522 523 524
3 525 526 527
3 528 529 530
3 531 532 533
3 534 535 536
3 537 538 539
3 540 541 542
3 543 544 545
3 546 547 548
3 549 550 551
3 552 553 554
3 555 556 557
3 558 559 560
3 561 562 563
3 564 565 566
3 567 568 569
3 570 571 572
3 573 574 575
3 576 577 578
3 579 580 581
3 582 583 584
3 585 586 587
3 588 589 590
3 591 592 593
3 594 595 596
3 597 598 599
3 600 601 602
3 603 604 605
3 606 607 608
3 609 610 611
3 612 613 614
3 615 616 617
3 618 619 620
3 621 622 623
3 624 625 626
3 627 628 629
3 630 631 632
3 633 634 635
3 636 637 638
3 639 640 641
3 642 643 644
3 645 646 647
3 648 649 650
3 651 652 653
3 654 655 656
3 657 658 659
3 660 661 662
3 663 664 665
3 666 667 668
3 669 670 671
3 672 673 674
3 675 676 677
3 678 679 680
3 681 682 683
3 684 685 686
3 687 688 689
3 690 691 692
3 693 694 695
3 696 697 698
3 699 700 701
3 702 703 704
3 705 706 707
3 708 709 710
3 711 712 713
3 714 715 716
3 717 718 719
3 720 721 722
3 723 724 725
3 726 727 728
3 729 730 731
3 732 733 734
3 735 736 737
3 738 739 740
3 741 742 743
3 744 745 746
3 747 748 749
3 750 751 752
3 753 754 755
3 756 757 758
3 759 760 761
3 762 763 764
3 765 766 767
3 768 769 770
3 771 772 773
3 774 775 776
3 777 778 779
3 780 781 782
3 783 784 785
3 786 787 788
3 789 790 791
3 792 793 794
3 795 796 797
3 798 799 800
3 801 802 803
3 804 805 806
3 807 808 809
3 810 811 812
3 813 814 815
3 816 817 818
3 819 820 821
3 822 823 824
3 825 826 827
3 828 829 830
3 831 832 833
3 834 835 836
3 837 838 839
3 840 841 842
3 843 844 845
3 846 847 848
3 849 850 851
3 852 853 854
3 855 856 857
3 858 859 860
3 861 862 863
3 864 865 866
3 867 868 869
3 870 871 872
3 873 874 875
3 876 877 878
3 879 880 881
3 882 883 884
3 885 886 887
3 888 889 890
3 891 892 893
3 894 895 896
3 897 898 899
3 900 901 902
3 903 904 905
3 906 907 908
3 909 910 911
3 912 913 914
3 915 916 917
3 918 919 920
3 921 922 923
3 924 925 926
3 927 928 929
3 930 931 932
3 933 934 935
3 936 937 938
3 939 940 941
3 942 943 944
3 945 946 947
3 948 949 950
3 951 952 953
3 954 955 956
3 957 958 959
3 960 961 962
3 963 964 965
3 966 967 968
3 969 970 971
3 972 973 974
3 975 976 977
3 978 979 980
3 981 982 983
3 984 985 986
3 987 988 989
3 990 991 992
3 993 994 995
3 996 997 998
3 999 1000 1001
3 1002 1003 1004
3 1005 1006 1007
3 1008 1009 1010
3 1011 1012 1013
3 1014 1015 1016
3 1017 1018 1019
3 1020 1021 1022
3 1023 1024 1025
3 1026 1027 1028
3 1029 1030 1031
3 1032 1033 1034
3 1035 1036 1037
3 1038 1039 1040
3 1041 1042 1043
3 1044 1045 1046
3 1047 1048 1049
3 1050 1051 1052
3 1053 1054 1055
3 1056 1057 1058
3 1059 1060 1061
3 1062 1063 1064
3 1065 1066 1067
3 1068 1069 1070
3 1071 1072 1073
3 1074 1075 1076
3 1077 1078 1079
3 1080 1081 1082
3 1083 1084 1085
3 1086 1087 1088
3 1089 1090 1091
3 1092 1093 1094
3 1095 1096 1097
3 1098 1099 1100
3 1101 1102 1103
3 1104 1105 1106
3 1107 1108 1109
3 1110 1111 1112
3 1113 1114 1115
3 1116 1117 1118
3 1119 1120 1121
3 1122 1123 1124
3 1125 1126 1127
3 1128 1129 1130
3 1131 1132 1133
3 1134 1135 1136
3 1137 1138 1139
3 1140 1141 1142
3 1143 1144 1145
3 1146 1147 1148
3 1149 1150 1151
3 1152 1153 1154
3 1155 1156 1157
3 1158 1159 1160
3 1161 1162 1163
3 1164 1165 1166
3 1167 1168 1169
3 1170 1171 1172
3 1173 1174 1175
3 1176 1177 1178
3 1179 1180 1181
3 1182 1183 1184
3 1185 1186 1187
3 1188 1189 1190
3 1191 1192 1193
3 1194 1195 1196
3 1197 1198 1199
3 1200 1201 1202
3 1203 1204 1205
3 1206 1207 1208
3 1209 1210 1211
3 1212 1213 1214
3 1215 1216 1217
3 1218 1219 1220
3 1221 1222 1223
3 1224 1225 1226
3 1227 1228 1229
3 1230 1231 1232
3 1233 1234 1235
3 1236 1237 1238
3 1239 1240 1241
3 1242 1243 1244
3 1245 1246 1247
3 1248 1249 1250
3 1251 1252 1253
3 1254 1255 1256
3 1257 1258 1259
3 1260 1261 1262
3 1263 1264 1265
3 1266 1267 1268
3 1269 1270 1271
3 1272 1273 1274
3 1275 1276 1277
3 1278 1279 1280
3 1281 1282 1283
3 1284 1285 1286
3 1287 1288 1289
3 1290 1291 1292
3 1293 1294 1295
3 1296 1297 1298
3 1299 1300 1301
3 1302 1303 1304
3 1305 1306 1307
3 1308 1309 1310
3 1311 1312 1313
3 1314 1315 1316
3 1317 1318 1319
3 1320 1321 1322
3 1323 1324 1325
3 1326 1327 1328
3 1329 1330 1331
3 1332 1333 1334
3 1335 1336 1337
3 1338 1339 1340
3 1341 1342 1343
3 1344 1345 1346
3 1347 1348 1349
3 1350 1351 1352
3 1353 1354 1355
3 1356 1357 1358
3 1359 1360 1361
3 1362 1363 1364
3 1365 1366 1367
3 1368 1369 1370
3 1371 1372 1373
3 1374 1375 1376
3 1377 1378 1379
3 1380 1381 1382
3 1383 1384 1385
3 1386 1387 1388
3 1389 1390 1391
3 1392 1393 1394
3 1395 1396 1397
3 1398 1399 1400
3 1401 1402 1403
3 1404 1405 1406
3 1407 1408 1409
3 1410 1411 1412
3 1413 1414 1415
3 1416 1417 1418
3 1419 1420 1421
3 1422 1423 1424
3 1425 1426 1427
3 1428 1429 1430
3 1431 1432 1433
3 1434 1435 1436
3 1437 1438 1439
3 1440 1441 1442
3 1443 1444 1445
3 1446 1447 1448
3 1449 1450 1451
3 1452 1453 1454
3 1455 1456 1457
3 1458 1459 1460
3 1461 1462 1463
3 1464 1465 1466
3 1467 1468 1469
3 1470 1471 1472
3 1473 1474 1475
3 1476 1477 1478
3 1479 1480 1481
3 1482 1483 1484
3 1485 1486 1487
3 1488 1489 1490
3 1491 1492 1493
3 1494 1495 1496
3 1497 1498 1499
3 1500 1501 1502
3 1503 1504 1505
3 1506 1507 1508
3 1509 1510 1511
3 1512 1513 1514
3 1515 1516 1517
3 1518 1519 1520
3 1521 1522 1523
3 1524 1525 1526
3 1527 1528 1529
3 1530 1531 1532
3 1533 1534 1535
3 1536 1537 1538
3 1539 1540 1541
3 1542 1543 1544
3 1545 1546 1547
3 1548 1549 1550
3 1551 1552 1553
3 1554 1555 1556
3 1557 1558 1559
3 1560 1561 1562
3 1563 1564 1565
3 1566 1567 1568
3 1569 1570 1571
3 1572 1573 1574
3 1575 1576 1577
3 1578 1579 1580
3 1581 1582 1583
3 1584 1585 1586
3 1587 1588 1589
3 1590 1591 1592
3 1593 1594 1595
3 1596 1597 1598
3 1599 1600 1601
3 1602 1603 1604
3 1605 1606 1607
3 1608 1609 1610
3 1611 1612 1613
3 1614 1615 1616
3 1617 1618 1619
3 1620 1621 1622
3 1623 1624 1625
3 1626 1627 1628
3 1629 1630 1631
3 1632 1633 1634
3 1635 1636 1637
3 1638 1639 1640
3 1641 1642 1643
3 1644 1645 1646
3 1647 1648 1649
3 1650 1651 1652
3 1653 1654 1655
3 1656 1657 1658
3 1659 1660 1661
3 1662 1663 1664
3 1665 1666 1667
3 1668 1669 1670
3 1671 1672 1673
3 1674 1675 1676
3 1677 1678 1679
3 1680 1681 1682
3 1683 1684 1685
3 1686 1687 1688
3 1689 1690 1691
3 1692 1693 1694
3 1695 1696 1697
3 1698 1699 1700
3 1701 1702 1703
3 1704 1705 1706
3 1707 1708 1709
3 1710 1711 1712
3 1713 1714 1715
3 1716 1717 1718
3 1719 1720 1721
3 1722 1723 1724
3 1725 1726 1727
3 1728 1729 1730
3 1731 1732 1733
3 1734 1735 1736
3 1737 1738 1739
3 1740 1741 1742
3 1743 1744 1745
3 1746 1747 1748
3 1749 1750 1751
3 1752 1753 1754
3 1755 1756 1757
3 1758 1759 1760
3 1761 1762 1763
3 1764 1765 1766
3 1767 1768 1769
3 1770 1771 1772
3 1773 1774 1775
3 1776 1777 1778
3 1779 1780 1781
3 1782 1783 1784
3 1785 1786 1787
3 1788 1789 1790
3 1791 1792 1793
3 1794 1795 1796
3 1797 1798 1799
3 1800 1801 1802
3 1803 1804 1805
3 1806 1807 1808
3 1809 1810 1811
3 1812 1813 1814
3 1815 1816 1817
3 1818 1819 1820
3 1821 1822 1823
3 1824 1825 1826
3 1827 1828 1829
3 1830 1831 1832
3 1833 1834 1835
3 1836 1837 1838
3 1839 1840 1841
3 1842 1843 1844
3 1845 1846 1847
3 1848 1849 1850
3 1851 1852 1853
3 1854 1855 1856
3 1857 1858 1859
3 1860 1861 1862
3 1863 1864 1865
3 1866 1867 1868
3 1869 1870 1871
3 1872 1873 1874
3 1875 1876 1877
3 1878 1879 1880
3 1881 1882 1883
3 1884 1885 1886
3 1887 1888 1889
3 1890 1891 1892
3 1893 1894 1895
3 1896 1897 1898
3 1899 1900 1901
3 1902 1903 1904
3 1905 1906 1907
3 1908 1909 1910
3 1911 1912 1913
3 1914 1915 1916
3 1917 1918 1919
3 1920 1921 1922
3 1923 1924 1925
3 1926 1927 1928
3 1929 1930 1931
3 1932 1933 1934
3 1935 1936 1937
3 1938 1939 1940
3 1941 1942 1943
3 1944 1945 1946
3 1947 1948 1949
3 1950 1951 1952
3 1953 1954 1955
3 1956 1957 1958
3 1959 1960 1961
3 1962 1963 1964
3 1965 1966 1967
3 1968 1969 1970
3 1971 1972 1973
3 1974 1975 1976
3 1977 1978 1979
3 1980 1981 1982
3 1983 1984 1985
3 1986 1987 1988
3 1989 1990 1991
3 1992 1993 1994
3 1995 1996 1997
3 1998 1999 2000
3 2001 2002 2003
3 2004 2005 2006
3 2007 2008 2009
3 2010 2011 2012
3 2013 2014 2015
3 2016 2017 2018
3 2019 2020 2021
3 2022 2023 2024
3 2025 2026 2027
3 2028 2029 2030
3 2031 2032 2033
3 2034 2035 2036
3 2037 2038 2039
3 2040 2041 2042
3 2043 2044 2045
3 2046 2047 2048
3 2049 2050 2051
3 2052 2053 2054
3 2055 2056 2057
3 2058 2059 2060
3 2061 2062 2063
3 2064 2065 2066
3 2067 2068 2069
3 2070 2071 2072
3 2073 2074 2075
3 2076 2077 2078
3 2079 2080 2081
3 2082 2083 2084
3 2085 2086 2087
3 2088 2089 2090
3 2091 2092 2093
3 2094 2095 2096
3 2097 2098 2099
3 2100 2101 2102
3 2103 2104 2105
3 2106 2107 2108
3 2109 2110 2111
3 2112 2113 2114
3 2115 2116 2117
3 2118 2119 2120
3 2121 2122 2123
3 2124 2125 2126
3 2127 2128 2129
3 2130 2131 2132
3 2133 2134 2135
3 2136 2137 2138
3 2139 2140 2141
3 2142 2143 2144
3 2145 2146 2147
3 2148 2149 2150
3 2151 2152 2153
3 2154 2155 2156
3 2157 2158 2159
3 2160 2161 2162
3 2163 2164 2165
3 2166 2167 2168
3 2169 2170 2171
3 2172 2173 2174
3 2175 2176 2177
3 2178 2179 2180
3 2181 2182 2183
3 2184 2185 2186
3 2187 2188 2189
3 2190 2191 2192
3 2193 2194 2195
3 2196 2197 2198
3 2199 2200 2201
3 2202 2203 2204
3 2205 2206 2207
3 2208 2209 2210
3 2211 2212 2213
3 2214 2215 2216
3 2217 2218 2219
3 2220 2221 2222
3 2223 2224 2225
3 2226 2227 2228
3 2229 2230 2231
3 2232 2233 2234
3 2235 2236 2237
3 2238 2239 2240
3 2241 2242 2243
3 2244 2245 2246
3 2247 2248 2249
3 2250 2251 2252
3 2253 2254 2255
3 2256 2257 2258
3 2259 2260 2261
3 2262 2263 2264
3 2265 2266 2267
3 2268 2269 2270
3 2271 2272 2273
3 2274 2275 2276
3 2277 2278 2279
3 2280 2281 2282
3 2283 2284 2285
3 2286 2287 2288
3 2289 2290 2291
3 2292 2293 2294
3 2295 2296 2297
3 2298 2299 2300
3 2301 2302 2303
3 2304 2305 2306
3 2307 2308 2309
3 2310 2311 2312
3 2313 2314 2315
3 2316 2317 2318
3 2319 2320 2321
3 2322 2323 2324
3 2325 2326 2327
3 2328 2329 2330
3 2331 2332 2333
3 2334 2335 2336
3 2337 1132904448 1136296860
