ply
format ascii 1.0
element vertex 1925
property float x
property float y
property float z
property uchar red
property uchar green
property uchar blue
property uchar alpha
element face 641
property list uchar int vertex_indices
end_header
269.7 68 0 255 255 255 255
269.7 70 0 255 255 255 255
269.7 72 0 255 255 255 255
268.6 72.9 0 255 255 255 255
266.6 72.9 0 255 255 255 255
266.6 74.9 0 255 255 255 255
266.6 76.9 0 255 255 255 255
266.6 78.9 0 255 255 255 255
266.6 80.9 0 255 255 255 255
266.6 82.9 0 255 255 255 255
266.6 84.9 0 255 255 255 255
266.6 86.9 0 255 255 255 255
266.6 88.9 0 255 255 255 255
266.6 90.9 0 255 255 255 255
266.6 92.9 0 255 255 255 255
266.6 94.9 0 255 255 255 255
266.6 96.9 0 255 255 255 255
266.6 98.9 0 255 255 255 255
266.6 100.9 0 255 255 255 255
266.6 102.9 0 255 255 255 255
266.5 104.8 0 255 255 255 255
264.5 104.8 0 255 255 255 255
262.5 104.8 0 255 255 255 255
260.5 104.8 0 255 255 255 255
260.3 103 0 255 255 255 255
260.3 101 0 255 255 255 255
260.3 99 0 255 255 255 255
260.3 97 0 255 255 255 255
260.3 95 0 255 255 255 255
260.3 93 0 255 255 255 255
260.3 91 0 255 255 255 255
260.3 89 0 255 255 255 255
260.3 87 0 255 255 255 255
260.3 85 0 255 255 255 255
260.3 83 0 255 255 255 255
260.3 81 0 255 255 255 255
260.3 79 0 255 255 255 255
260.3 77 0 255 255 255 255
260.3 75 0 255 255 255 255
260.3 73 0 255 255 255 255
258.4 72.9 0 255 255 255 255
257.2 72.1 0 255 255 255 255
257.2 70.1 0 255 255 255 255
257.2 68.1 0 255 255 255 255
259.1 68 0 255 255 255 255
261.1 68 0 255 255 255 255
263.1 68 0 255 255 255 255
265.1 68 0 255 255 255 255
267.1 68 0 255 255 255 255
269.1 68 0 255 255 255 255
276.2 68 0 255 255 255 255
276.424 69.9874 0 255 255 255 255
276.648 71.9748 0 255 255 255 255
276.872 73.9623 0 255 255 255 255
277.096 75.9497 0 255 255 255 255
277.32 77.9371 0 255 255 255 255
277.544 79.9245 0 255 255 255 255
277.768 81.912 0 255 255 255 255
277.98 80.4993 0 255 255 255 255
278.19 78.5104 0 255 255 255 255
278.4 76.5214 0 255 255 255 255
278.61 74.5325 0 255 255 255 255
278.82 72.5436 0 255 255 255 255
279.03 70.5546 0 255 255 255 255
279.24 68.5657 0 255 255 255 255
280.731 68 0 255 255 255 255
282.731 68 0 255 255 255 255
284.731 68 0 255 255 255 255
284.913 69.504 0 255 255 255 255
284.538 71.4685 0 255 255 255 255
284.163 73.433 0 255 255 255 255
283.788 75.3976 0 255 255 255 255
283.413 77.3621 0 255 255 255 255
283.038 79.3266 0 255 255 255 255
282.663 81.2911 0 255 255 255 255
282.288 83.2556 0 255 255 255 255
281.913 85.2202 0 255 255 255 255
281.537 87.1847 0 255 255 255 255
281.162 89.1492 0 255 255 255 255
281 91.1338 0 255 255 255 255
281 93.1338 0 255 255 255 255
281 95.1338 0 255 255 255 255
281 97.1338 0 255 255 255 255
281 99.1338 0 255 255 255 255
281 101.134 0 255 255 255 255
281 103.134 0 255 255 255 255
280.766 104.9 0 255 255 255 255
278.766 104.9 0 255 255 255 255
276.766 104.9 0 255 255 255 255
274.766 104.9 0 255 255 255 255
274.5 103.166 0 255 255 255 255
274.5 101.166 0 255 255 255 255
274.5 99.1662 0 255 255 255 255
274.5 97.1662 0 255 255 255 255
274.5 95.1662 0 255 255 255 255
274.5 93.1662 0 255 255 255 255
274.5 91.1662 0 255 255 255 255
274.333 89.1831 0 255 255 255 255
273.932 87.2237 0 255 255 255 255
273.531 85.2642 0 255 255 255 255
273.131 83.3048 0 255 255 255 255
272.73 81.3454 0 255 255 255 255
272.329 79.3859 0 255 255 255 255
271.928 77.4265 0 255 255 255 255
271.527 75.4671 0 255 255 255 255
271.127 73.5077 0 255 255 255 255
270.726 71.5482 0 255 255 255 255
270.325 69.5888 0 255 255 255 255
270.378 68 0 255 255 255 255
272.378 68 0 255 255 255 255
274.378 68 0 255 255 255 255
294.5 68 0 255 255 255 255
296.498 68.0724 0 255 255 255 255
298.465 68.4108 0 255 255 255 255
300.15 69.4318 0 255 255 255 255
300.986 71.2237 0 255 255 255 255
301.243 73.2044 0 255 255 255 255
301.298 75.2033 0 255 255 255 255
301.3 77.2033 0 255 255 255 255
301.3 79.2033 0 255 255 255 255
301.3 81.2033 0 255 255 255 255
301.3 83.2033 0 255 255 255 255
301.294 85.2033 0 255 255 255 255
301.205 87.2008 0 255 255 255 255
300.845 89.1631 0 255 255 255 255
299.744 90.7939 0 255 255 255 255
297.907 91.5412 0 255 255 255 255
295.922 91.7657 0 255 255 255 255
293.923 91.8 0 255 255 255 255
293 92.8775 0 255 255 255 255
293 94.8775 0 255 255 255 255
293 96.8774 0 255 255 255 255
293 98.8774 0 255 255 255 255
293 100.877 0 255 255 255 255
293 102.877 0 255 255 255 255
292.923 104.8 0 255 255 255 255
290.923 104.8 0 255 255 255 255
288.923 104.8 0 255 255 255 255
286.923 104.8 0 255 255 255 255
286.7 103.022 0 255 255 255 255
286.7 101.022 0 255 255 255 255
286.7 99.0225 0 255 255 255 255
286.7 97.0225 0 255 255 255 255
286.7 95.0225 0 255 255 255 255
286.7 93.0225 0 255 255 255 255
286.7 91.0226 0 255 255 255 255
286.7 89.0226 0 255 255 255 255
286.7 87.0226 0 255 255 255 255
286.7 85.0226 0 255 255 255 255
286.7 83.0226 0 255 255 255 255
286.7 81.0226 0 255 255 255 255
286.7 79.0226 0 255 255 255 255
286.7 77.0226 0 255 255 255 255
286.7 75.0226 0 255 255 255 255
286.7 73.0225 0 255 255 255 255
286.7 71.0225 0 255 255 255 255
286.7 69.0225 0 255 255 255 255
287.677 68 0 255 255 255 255
289.677 68 0 255 255 255 255
291.677 68 0 255 255 255 255
293.677 68 0 255 255 255 255
293.1 87 0 255 255 255 255
294.911 86.4687 0 255 255 255 255
295.1 84.4914 0 255 255 255 255
295.1 82.4914 0 255 255 255 255
295.1 80.4913 0 255 255 255 255
295.1 78.4914 0 255 255 255 255
295.1 76.4914 0 255 255 255 255
295.095 74.4914 0 255 255 255 255
294.208 72.9413 0 255 255 255 255
293.1 73.7901 0 255 255 255 255
293.1 75.79 0 255 255 255 255
293.1 77.79 0 255 255 255 255
293.1 79.79 0 255 255 255 255
293.1 81.7901 0 255 255 255 255
293.1 83.7901 0 255 255 255 255
293.1 85.79 0 255 255 255 255
314.1 68 0 255 255 255 255
314.1 70 0 255 255 255 255
314.1 72 0 255 255 255 255
312.9 72.8 0 255 255 255 255
310.9 72.8 0 255 255 255 255
310.3 74.2 0 255 255 255 255
310.3 76.2 0 255 255 255 255
310.3 78.2 0 255 255 255 255
310.3 80.2 0 255 255 255 255
310.3 82.2 0 255 255 255 255
312.3 82.2 0 255 255 255 255
314.1 82.4 0 255 255 255 255
314.1 84.4 0 255 255 255 255
314.1 86.4 0 255 255 255 255
312.8 87.1 0 255 255 255 255
310.8 87.1 0 255 255 255 255
310.3 88.6 0 255 255 255 255
310.3 90.6 0 255 255 255 255
310.3 92.6 0 255 255 255 255
310.3 94.6 0 255 255 255 255
310.3 96.6 0 255 255 255 255
310.3 98.6 0 255 255 255 255
310.9 100 0 255 255 255 255
312.9 100 0 255 255 255 255
314.1 100.8 0 255 255 255 255
314.1 102.8 0 255 255 255 255
314.1 104.8 0 255 255 255 255
312.2 104.9 0 255 255 255 255
310.2 104.9 0 255 255 255 255
308.2 104.9 0 255 255 255 255
306.2 104.9 0 255 255 255 255
304.2 104.9 0 255 255 255 255
304 103.1 0 255 255 255 255
304 101.1 0 255 255 255 255
304 99.1 0 255 255 255 255
304 97.1 0 255 255 255 255
304 95.0999 0 255 255 255 255
304 93.1 0 255 255 255 255
304 91.0999 0 255 255 255 255
304 89.1 0 255 255 255 255
304 87.1 0 255 255 255 255
304 85.0999 0 255 255 255 255
304 83.1 0 255 255 255 255
304 81.1 0 255 255 255 255
304 79.1 0 255 255 255 255
304 77.1 0 255 255 255 255
304 75.0999 0 255 255 255 255
304 73.1 0 255 255 255 255
304 71.1 0 255 255 255 255
304 69.1 0 255 255 255 255
304.9 68 0 255 255 255 255
306.9 68 0 255 255 255 255
308.9 68 0 255 255 255 255
310.9 68 0 255 255 255 255
312.9 68 0 255 255 255 255
264.7 131.7 0 255 255 255 255
264.7 133.7 0 255 255 255 255
264.7 135.7 0 255 255 255 255
264.7 137.7 0 255 255 255 255
264.7 139.7 0 255 255 255 255
264.7 141.7 0 255 255 255 255
264.7 143.7 0 255 255 255 255
264.7 145.7 0 255 255 255 255
264.7 147.7 0 255 255 255 255
264.7 149.7 0 255 255 255 255
264.7 151.7 0 255 255 255 255
264.7 153.7 0 255 255 255 255
264.7 155.7 0 255 255 255 255
264.7 157.7 0 255 255 255 255
264.7 159.7 0 255 255 255 255
264.7 161.7 0 255 255 255 255
264.7 163.7 0 255 255 255 255
264.7 165.7 0 255 255 255 255
264.7 167.7 0 255 255 255 255
263.5 168.5 0 255 255 255 255
261.5 168.5 0 255 255 255 255
259.5 168.5 0 255 255 255 255
258.4 167.6 0 255 255 255 255
258.4 165.6 0 255 255 255 255
258.4 163.6 0 255 255 255 255
258.4 161.6 0 255 255 255 255
258.4 159.6 0 255 255 255 255
258.4 157.6 0 255 255 255 255
258.4 155.6 0 255 255 255 255
258.4 153.6 0 255 255 255 255
258.4 151.6 0 255 255 255 255
258.4 149.6 0 255 255 255 255
258.4 147.6 0 255 255 255 255
258.4 145.6 0 255 255 255 255
258.4 143.6 0 255 255 255 255
258.4 141.6 0 255 255 255 255
258.4 139.6 0 255 255 255 255
258.4 137.6 0 255 255 255 255
258.4 135.6 0 255 255 255 255
258.4 133.6 0 255 255 255 255
258.5 131.7 0 255 255 255 255
260.5 131.7 0 255 255 255 255
262.5 131.7 0 255 255 255 255
264.5 131.7 0 255 255 255 255
282.2 144.4 0 255 255 255 255
280.2 144.4 0 255 255 255 255
278.2 144.4 0 255 255 255 255
276.2 144.4 0 255 255 255 255
275.9 142.7 0 255 255 255 255
275.9 140.7 0 255 255 255 255
275.9 138.7 0 255 255 255 255
275.663 136.74 0 255 255 255 255
274.088 137.032 0 255 255 255 255
274 139.025 0 255 255 255 255
274 141.025 0 255 255 255 255
274 143.025 0 255 255 255 255
274.235 144.988 0 255 255 255 255
275.784 146.217 0 255 255 255 255
277.526 147.199 0 255 255 255 255
279.268 148.182 0 255 255 255 255
280.859 149.382 0 255 255 255 255
281.866 151.091 0 255 255 255 255
282.185 153.059 0 255 255 255 255
282.2 155.059 0 255 255 255 255
282.2 157.059 0 255 255 255 255
282.2 159.059 0 255 255 255 255
282.2 161.059 0 255 255 255 255
282.177 163.059 0 255 255 255 255
282.022 165.052 0 255 255 255 255
281.443 166.954 0 255 255 255 255
279.943 168.219 0 255 255 255 255
278.001 168.664 0 255 255 255 255
276.005 168.787 0 255 255 255 255
274.005 168.791 0 255 255 255 255
272.01 168.668 0 255 255 255 255
270.067 168.224 0 255 255 255 255
268.52 167.011 0 255 255 255 255
267.839 165.146 0 255 255 255 255
267.634 163.159 0 255 255 255 255
267.6 161.159 0 255 255 255 255
267.6 159.159 0 255 255 255 255
267.6 157.159 0 255 255 255 255
267.6 155.159 0 255 255 255 255
267.841 153.4 0 255 255 255 255
269.841 153.4 0 255 255 255 255
271.841 153.4 0 255 255 255 255
273.841 153.4 0 255 255 255 255
273.9 155.341 0 255 255 255 255
273.9 157.341 0 255 255 255 255
273.9 159.341 0 255 255 255 255
273.9 161.341 0 255 255 255 255
274.026 163.328 0 255 255 255 255
275.589 163.654 0 255 255 255 255
275.8 161.685 0 255 255 255 255
275.8 159.685 0 255 255 255 255
275.8 157.685 0 255 255 255 255
275.8 155.685 0 255 255 255 255
275.736 153.689 0 255 255 255 255
274.387 152.292 0 255 255 255 255
272.672 151.263 0 255 255 255 255
270.957 150.234 0 255 255 255 255
269.302 149.118 0 255 255 255 255
268.095 147.543 0 255 255 255 255
267.578 145.62 0 255 255 255 255
267.5 143.623 0 255 255 255 255
267.5 141.623 0 255 255 255 255
267.5 139.623 0 255 255 255 255
267.517 137.623 0 255 255 255 255
267.657 135.629 0 255 255 255 255
268.163 133.703 0 255 255 255 255
269.502 132.268 0 255 255 255 255
271.404 131.688 0 255 255 255 255
273.396 131.524 0 255 255 255 255
275.396 131.506 0 255 255 255 255
277.393 131.598 0 255 255 255 255
279.356 131.961 0 255 255 255 255
281.022 133.017 0 255 255 255 255
281.819 134.831 0 255 255 255 255
282.054 136.814 0 255 255 255 255
282.1 138.813 0 255 255 255 255
282.1 140.814 0 255 255 255 255
282.1 142.813 0 255 255 255 255
269.6 195.3 0 255 255 255 255
269.8 197.29 0 255 255 255 255
270 199.28 0 255 255 255 255
270.2 201.27 0 255 255 255 255
270.4 203.26 0 255 255 255 255
270.6 205.25 0 255 255 255 255
270.8 207.24 0 255 255 255 255
271.001 209.23 0 255 255 255 255
271.201 211.22 0 255 255 255 255
271.401 213.21 0 255 255 255 255
271.601 215.2 0 255 255 255 255
271.801 217.19 0 255 255 255 255
272.001 219.18 0 255 255 255 255
272.201 221.17 0 255 255 255 255
272.401 223.16 0 255 255 255 255
272.601 225.15 0 255 255 255 255
272.801 227.139 0 255 255 255 255
273.001 229.129 0 255 255 255 255
273.201 231.119 0 255 255 255 255
272.286 232.1 0 255 255 255 255
270.286 232.1 0 255 255 255 255
268.286 232.1 0 255 255 255 255
267.142 231.187 0 255 255 255 255
267.014 229.192 0 255 255 255 255
266.886 227.196 0 255 255 255 255
266.758 225.2 0 255 255 255 255
265.602 224.3 0 255 255 255 255
264.068 224.797 0 255 255 255 255
263.94 226.793 0 255 255 255 255
263.812 228.789 0 255 255 255 255
263.684 230.785 0 255 255 255 255
262.918 232.1 0 255 255 255 255
260.918 232.1 0 255 255 255 255
258.918 232.1 0 255 255 255 255
257.557 231.52 0 255 255 255 255
257.751 229.53 0 255 255 255 255
257.946 227.539 0 255 255 255 255
258.141 225.549 0 255 255 255 255
258.336 223.558 0 255 255 255 255
258.53 221.568 0 255 255 255 255
258.725 219.577 0 255 255 255 255
258.92 217.587 0 255 255 255 255
259.115 215.596 0 255 255 255 255
259.309 213.606 0 255 255 255 255
259.504 211.615 0 255 255 255 255
259.699 209.625 0 255 255 255 255
259.893 207.634 0 255 255 255 255
260.088 205.644 0 255 255 255 255
260.283 203.653 0 255 255 255 255
260.478 201.663 0 255 255 255 255
260.672 199.672 0 255 255 255 255
260.867 197.682 0 255 255 255 255
261.062 195.691 0 255 255 255 255
262.707 195.3 0 255 255 255 255
264.707 195.3 0 255 255 255 255
266.707 195.3 0 255 255 255 255
268.707 195.3 0 255 255 255 255
264.3 219.4 0 255 255 255 255
266.3 219.4 0 255 255 255 255
266.287 217.503 0 255 255 255 255
266.168 215.507 0 255 255 255 255
266.049 213.51 0 255 255 255 255
265.931 211.514 0 255 255 255 255
265.812 209.517 0 255 255 255 255
265.693 207.521 0 255 255 255 255
265.574 205.525 0 255 255 255 255
265.455 203.528 0 255 255 255 255
265.153 203.469 0 255 255 255 255
265.046 205.466 0 255 255 255 255
264.939 207.463 0 255 255 255 255
264.832 209.46 0 255 255 255 255
264.725 211.458 0 255 255 255 255
264.618 213.455 0 255 255 255 255
264.512 215.452 0 255 255 255 255
264.405 217.449 0 255 255 255 255
281.4 195.3 0 255 255 255 255
281.763 197.267 0 255 255 255 255
282.127 199.233 0 255 255 255 255
282.49 201.2 0 255 255 255 255
282.854 203.167 0 255 255 255 255
283.217 205.134 0 255 255 255 255
283.58 207.1 0 255 255 255 255
283.944 209.067 0 255 255 255 255
284.307 211.034 0 255 255 255 255
284.671 213 0 255 255 255 255
285.095 212.711 0 255 255 255 255
285.084 210.712 0 255 255 255 255
285.073 208.712 0 255 255 255 255
285.062 206.712 0 255 255 255 255
285.051 204.712 0 255 255 255 255
285.04 202.712 0 255 255 255 255
285.029 200.712 0 255 255 255 255
285.019 198.712 0 255 255 255 255
285.008 196.712 0 255 255 255 255
285.588 195.3 0 255 255 255 255
287.588 195.3 0 255 255 255 255
289.588 195.3 0 255 255 255 255
290.4 196.488 0 255 255 255 255
290.4 198.488 0 255 255 255 255
290.4 200.488 0 255 255 255 255
290.4 202.488 0 255 255 255 255
290.4 204.488 0 255 255 255 255
290.4 206.488 0 255 255 255 255
290.4 208.488 0 255 255 255 255
290.4 210.488 0 255 255 255 255
290.4 212.488 0 255 255 255 255
290.4 214.488 0 255 255 255 255
290.4 216.488 0 255 255 255 255
290.4 218.488 0 255 255 255 255
290.4 220.488 0 255 255 255 255
290.4 222.488 0 255 255 255 255
290.4 224.488 0 255 255 255 255
290.4 226.488 0 255 255 255 255
290.4 228.488 0 255 255 255 255
290.4 230.488 0 255 255 255 255
290.012 232.1 0 255 255 255 255
288.012 232.1 0 255 255 255 255
286.012 232.1 0 255 255 255 255
284.656 231.325 0 255 255 255 255
284.292 229.358 0 255 255 255 255
283.928 227.392 0 255 255 255 255
283.564 225.425 0 255 255 255 255
283.2 223.459 0 255 255 255 255
282.836 221.492 0 255 255 255 255
282.471 219.526 0 255 255 255 255
282.107 217.559 0 255 255 255 255
281.743 215.592 0 255 255 255 255
281.379 213.626 0 255 255 255 255
281.007 214.467 0 255 255 255 255
281.017 216.467 0 255 255 255 255
281.028 218.467 0 255 255 255 255
281.038 220.467 0 255 255 255 255
281.049 222.467 0 255 255 255 255
281.06 224.467 0 255 255 255 255
281.07 226.467 0 255 255 255 255
281.081 228.467 0 255 255 255 255
281.091 230.467 0 255 255 255 255
280.733 232.1 0 255 255 255 255
278.733 232.1 0 255 255 255 255
276.733 232.1 0 255 255 255 255
275.6 231.233 0 255 255 255 255
275.6 229.233 0 255 255 255 255
275.6 227.233 0 255 255 255 255
275.6 225.233 0 255 255 255 255
275.6 223.233 0 255 255 255 255
275.6 221.233 0 255 255 255 255
275.6 219.233 0 255 255 255 255
275.6 217.233 0 255 255 255 255
275.6 215.233 0 255 255 255 255
275.6 213.233 0 255 255 255 255
275.6 211.233 0 255 255 255 255
275.6 209.233 0 255 255 255 255
275.6 207.233 0 255 255 255 255
275.6 205.233 0 255 255 255 255
275.6 203.233 0 255 255 255 255
275.6 201.233 0 255 255 255 255
275.6 199.233 0 255 255 255 255
275.6 197.233 0 255 255 255 255
275.667 195.3 0 255 255 255 255
277.667 195.3 0 255 255 255 255
279.667 195.3 0 255 255 255 255
265.5 258.7 0 255 255 255 255
267.499 258.749 0 255 255 255 255
269.483 258.984 0 255 255 255 255
271.302 259.772 0 255 255 255 255
272.366 261.428 0 255 255 255 255
272.714 263.393 0 255 255 255 255
272.795 265.391 0 255 255 255 255
272.8 267.391 0 255 255 255 255
272.8 269.391 0 255 255 255 255
272.8 271.391 0 255 255 255 255
272.8 273.391 0 255 255 255 255
272.8 275.391 0 255 255 255 255
272.8 277.391 0 255 255 255 255
272.8 279.391 0 255 255 255 255
272.8 281.391 0 255 255 255 255
272.8 283.391 0 255 255 255 255
272.8 285.391 0 255 255 255 255
272.8 287.391 0 255 255 255 255
272.794 289.391 0 255 255 255 255
272.7 291.388 0 255 255 255 255
272.324 293.347 0 255 255 255 255
271.208 294.966 0 255 255 255 255
269.376 295.721 0 255 255 255 255
267.392 295.958 0 255 255 255 255
265.392 295.998 0 255 255 255 255
263.394 295.937 0 255 255 255 255
261.416 295.662 0 255 255 255 255
259.646 294.784 0 255 255 255 255
258.683 293.062 0 255 255 255 255
258.376 291.09 0 255 255 255 255
258.304 289.091 0 255 255 255 255
258.3 287.091 0 255 255 255 255
258.3 285.091 0 255 255 255 255
258.3 283.091 0 255 255 255 255
258.3 281.091 0 255 255 255 255
258.3 279.091 0 255 255 255 255
258.3 277.091 0 255 255 255 255
258.3 275.091 0 255 255 255 255
258.3 273.091 0 255 255 255 255
258.3 271.091 0 255 255 255 255
258.3 269.091 0 255 255 255 255
258.3 267.091 0 255 255 255 255
258.293 265.091 0 255 255 255 255
258.369 263.094 0 255 255 255 255
258.757 261.138 0 255 255 255 255
259.96 259.586 0 255 255 255 255
261.836 258.933 0 255 255 255 255
263.825 258.734 0 255 255 255 255
264.5 289.5 0 255 255 255 255
265.426 290.998 0 255 255 255 255
266.498 289.657 0 255 255 255 255
266.5 287.657 0 255 255 255 255
266.5 285.657 0 255 255 255 255
266.5 283.657 0 255 255 255 255
266.5 281.657 0 255 255 255 255
266.5 279.657 0 255 255 255 255
266.5 277.657 0 255 255 255 255
266.5 275.657 0 255 255 255 255
266.5 273.657 0 255 255 255 255
266.5 271.657 0 255 255 255 255
266.5 269.657 0 255 255 255 255
266.5 267.657 0 255 255 255 255
266.5 265.657 0 255 255 255 255
266.082 263.767 0 255 255 255 255
264.568 264.44 0 255 255 255 255
264.5 266.435 0 255 255 255 255
264.5 268.436 0 255 255 255 255
264.5 270.436 0 255 255 255 255
264.5 272.435 0 255 255 255 255
264.5 274.435 0 255 255 255 255
264.5 276.435 0 255 255 255 255
264.5 278.435 0 255 255 255 255
264.5 280.436 0 255 255 255 255
264.5 282.436 0 255 255 255 255
264.5 284.435 0 255 255 255 255
264.5 286.435 0 255 255 255 255
264.5 288.435 0 255 255 255 255
283.5 258.9 0 255 255 255 255
285.497 258.993 0 255 255 255 255
287.451 259.396 0 255 255 255 255
289.109 260.473 0 255 255 255 255
289.987 262.25 0 255 255 255 255
290.266 264.227 0 255 255 255 255
290.3 266.226 0 255 255 255 255
290.3 268.226 0 255 255 255 255
290.3 270.226 0 255 255 255 255
290.17 272.22 0 255 255 255 255
289.559 274.112 0 255 255 255 255
288.152 275.496 0 255 255 255 255
288.605 276.439 0 255 255 255 255
289.807 278.007 0 255 255 255 255
290.238 279.952 0 255 255 255 255
290.3 281.95 0 255 255 255 255
290.3 283.95 0 255 255 255 255
290.3 285.95 0 255 255 255 255
290.3 287.95 0 255 255 255 255
290.269 289.95 0 255 255 255 255
290.062 291.937 0 255 255 255 255
289.362 293.794 0 255 255 255 255
287.829 295.029 0 255 255 255 255
285.899 295.528 0 255 255 255 255
283.907 295.686 0 255 255 255 255
281.907 295.7 0 255 255 255 255
279.907 295.7 0 255 255 255 255
277.907 295.7 0 255 255 255 255
275.907 295.7 0 255 255 255 255
275.7 293.907 0 255 255 255 255
275.7 291.907 0 255 255 255 255
275.7 289.907 0 255 255 255 255
275.7 287.907 0 255 255 255 255
275.7 285.907 0 255 255 255 255
275.7 283.907 0 255 255 255 255
275.7 281.907 0 255 255 255 255
275.7 279.907 0 255 255 255 255
275.7 277.907 0 255 255 255 255
275.7 275.907 0 255 255 255 255
275.7 273.907 0 255 255 255 255
275.7 271.907 0 255 255 255 255
275.7 269.907 0 255 255 255 255
275.7 267.907 0 255 255 255 255
275.7 265.907 0 255 255 255 255
275.7 263.907 0 255 255 255 255
275.7 261.907 0 255 255 255 255
275.7 259.907 0 255 255 255 255
276.693 258.9 0 255 255 255 255
278.693 258.9 0 255 255 255 255
280.693 258.9 0 255 255 255 255
282.693 258.9 0 255 255 255 255
282 273.2 0 255 255 255 255
283.799 272.618 0 255 255 255 255
284 270.649 0 255 255 255 255
284 268.649 0 255 255 255 255
284 266.649 0 255 255 255 255
283.956 264.651 0 255 255 255 255
282.454 263.7 0 255 255 255 255
282 265.246 0 255 255 255 255
282 267.246 0 255 255 255 255
282 269.246 0 255 255 255 255
282 271.246 0 255 255 255 255
282 290.9 0 255 255 255 255
283.798 290.331 0 255 255 255 255
284 288.361 0 255 255 255 255
284 286.361 0 255 255 255 255
284 284.361 0 255 255 255 255
284 282.361 0 255 255 255 255
284 280.361 0 255 255 255 255
283.226 278.69 0 255 255 255 255
282 279.366 0 255 255 255 255
282 281.366 0 255 255 255 255
282 283.366 0 255 255 255 255
282 285.366 0 255 255 255 255
282 287.366 0 255 255 255 255
282 289.366 0 255 255 255 255
306.6 258.9 0 255 255 255 255
306.6 260.9 0 255 255 255 255
306.6 262.9 0 255 255 255 255
306.6 264.9 0 255 255 255 255
306.6 266.9 0 255 255 255 255
306.6 268.9 0 255 255 255 255
306.6 270.9 0 255 255 255 255
306.6 272.9 0 255 255 255 255
306.6 274.9 0 255 255 255 255
306.6 276.9 0 255 255 255 255
306.6 278.9 0 255 255 255 255
306.6 280.9 0 255 255 255 255
306.6 282.9 0 255 255 255 255
306.6 284.9 0 255 255 255 255
306.6 286.9 0 255 255 255 255
306.598 288.9 0 255 255 255 255
306.538 290.899 0 255 255 255 255
306.26 292.876 0 255 255 255 255
305.351 294.627 0 255 255 255 255
303.604 295.547 0 255 255 255 255
301.629 295.836 0 255 255 255 255
299.63 295.899 0 255 255 255 255
297.632 295.84 0 255 255 255 255
295.658 295.538 0 255 255 255 255
293.909 294.614 0 255 255 255 255
292.966 292.877 0 255 255 255 255
292.667 290.903 0 255 255 255 255
292.602 288.904 0 255 255 255 255
292.6 286.904 0 255 255 255 255
292.6 284.904 0 255 255 255 255
292.6 282.904 0 255 255 255 255
292.6 280.904 0 255 255 255 255
294.096 280.4 0 255 255 255 255
296.096 280.4 0 255 255 255 255
298.096 280.4 0 255 255 255 255
298.3 282.196 0 255 255 255 255
298.3 284.196 0 255 255 255 255
298.3 286.196 0 255 255 255 255
298.3 288.196 0 255 255 255 255
298.355 290.192 0 255 255 255 255
299.83 290.985 0 255 255 255 255
300.3 289.13 0 255 255 255 255
300.3 287.13 0 255 255 255 255
300.3 285.13 0 255 255 255 255
300.3 283.13 0 255 255 255 255
300.3 281.13 0 255 255 255 255
300.3 279.13 0 255 255 255 255
300.3 277.13 0 255 255 255 255
300.3 275.13 0 255 255 255 255
300.3 273.13 0 255 255 255 255
300.3 271.13 0 255 255 255 255
300.3 269.13 0 255 255 255 255
300.3 267.13 0 255 255 255 255
300.3 265.13 0 255 255 255 255
300.3 263.13 0 255 255 255 255
300.3 261.13 0 255 255 255 255
300.3 259.13 0 255 255 255 255
302.07 258.9 0 255 255 255 255
304.07 258.9 0 255 255 255 255
306.07 258.9 0 255 255 255 255
319.9 258.9 0 255 255 255 255
319.9 260.9 0 255 255 255 255
319.9 262.9 0 255 255 255 255
318.7 263.7 0 255 255 255 255
316.7 263.7 0 255 255 255 255
316.1 265.1 0 255 255 255 255
316.1 267.1 0 255 255 255 255
316.1 269.1 0 255 255 255 255
316.1 271.1 0 255 255 255 255
316.1 273.1 0 255 255 255 255
318.1 273.1 0 255 255 255 255
319.9 273.3 0 255 255 255 255
319.9 275.3 0 255 255 255 255
319.9 277.3 0 255 255 255 255
318.6 278 0 255 255 255 255
316.6 278 0 255 255 255 255
316.1 279.5 0 255 255 255 255
316.1 281.5 0 255 255 255 255
316.1 283.5 0 255 255 255 255
316.1 285.5 0 255 255 255 255
316.1 287.5 0 255 255 255 255
316.1 289.5 0 255 255 255 255
316.7 290.9 0 255 255 255 255
318.7 290.9 0 255 255 255 255
319.9 291.7 0 255 255 255 255
319.9 293.7 0 255 255 255 255
319.9 295.7 0 255 255 255 255
318 295.8 0 255 255 255 255
316 295.8 0 255 255 255 255
314 295.8 0 255 255 255 255
312 295.8 0 255 255 255 255
310 295.8 0 255 255 255 255
309.8 294 0 255 255 255 255
309.8 292 0 255 255 255 255
309.8 290 0 255 255 255 255
309.8 288 0 255 255 255 255
309.8 286 0 255 255 255 255
309.8 284 0 255 255 255 255
309.8 282 0 255 255 255 255
309.8 280 0 255 255 255 255
309.8 278 0 255 255 255 255
309.8 276 0 255 255 255 255
309.8 274 0 255 255 255 255
309.8 272 0 255 255 255 255
309.8 270 0 255 255 255 255
309.8 268 0 255 255 255 255
309.8 266 0 255 255 255 255
309.8 264 0 255 255 255 255
309.8 262 0 255 255 255 255
309.8 260 0 255 255 255 255
310.8 259 0 255 255 255 255
312.8 259 0 255 255 255 255
314.8 259 0 255 255 255 255
316.8 259 0 255 255 255 255
318.8 259 0 255 255 255 255
337.3 271.5 0 255 255 255 255
335.3 271.5 0 255 255 255 255
333.3 271.5 0 255 255 255 255
331.3 271.5 0 255 255 255 255
331 269.8 0 255 255 255 255
331 267.8 0 255 255 255 255
331 265.8 0 255 255 255 255
330.687 263.865 0 255 255 255 255
329.103 264.302 0 255 255 255 255
329 266.293 0 255 255 255 255
329 268.293 0 255 255 255 255
329 270.293 0 255 255 255 255
329 272.293 0 255 255 255 255
329 274.293 0 255 255 255 255
329 276.293 0 255 255 255 255
329 278.293 0 255 255 255 255
329 280.293 0 255 255 255 255
329 282.293 0 255 255 255 255
329 284.293 0 255 255 255 255
329 286.293 0 255 255 255 255
329 288.293 0 255 255 255 255
329.079 290.287 0 255 255 255 255
330.669 290.787 0 255 255 255 255
331 288.865 0 255 255 255 255
331 286.865 0 255 255 255 255
331 284.865 0 255 255 255 255
331 282.865 0 255 255 255 255
331 280.865 0 255 255 255 255
332.236 280.1 0 255 255 255 255
334.236 280.1 0 255 255 255 255
336.235 280.1 0 255 255 255 255
337.3 281.036 0 255 255 255 255
337.3 283.036 0 255 255 255 255
337.3 285.036 0 255 255 255 255
337.3 287.035 0 255 255 255 255
337.297 289.035 0 255 255 255 255
337.23 291.034 0 255 255 255 255
336.931 293.008 0 255 255 255 255
335.981 294.739 0 255 255 255 255
334.222 295.64 0 255 255 255 255
332.247 295.932 0 255 255 255 255
330.248 295.998 0 255 255 255 255
328.249 295.961 0 255 255 255 255
326.263 295.74 0 255 255 255 255
324.421 295.009 0 255 255 255 255
323.291 293.401 0 255 255 255 255
322.907 291.444 0 255 255 255 255
322.807 289.447 0 255 255 255 255
322.8 287.447 0 255 255 255 255
322.8 285.447 0 255 255 255 255
322.8 283.447 0 255 255 255 255
322.8 281.447 0 255 255 255 255
322.8 279.447 0 255 255 255 255
322.8 277.447 0 255 255 255 255
322.8 275.447 0 255 255 255 255
322.8 273.447 0 255 255 255 255
322.8 271.447 0 255 255 255 255
322.8 269.447 0 255 255 255 255
322.8 267.447 0 255 255 255 255
322.804 265.447 0 255 255 255 255
322.87 263.449 0 255 255 255 255
323.175 261.475 0 255 255 255 255
324.194 259.79 0 255 255 255 255
326.005 258.99 0 255 255 255 255
327.989 258.753 0 255 255 255 255
329.988 258.701 0 255 255 255 255
331.988 258.741 0 255 255 255 255
333.973 258.965 0 255 255 255 255
335.812 259.706 0 255 255 255 255
336.928 261.323 0 255 255 255 255
337.302 263.282 0 255 255 255 255
337.394 265.28 0 255 255 255 255
337.4 267.28 0 255 255 255 255
337.4 269.28 0 255 255 255 255
337.4 271.28 0 255 255 255 255
351.3 258.9 0 255 255 255 255
351.3 260.9 0 255 255 255 255
351.3 262.9 0 255 255 255 255
350.2 263.8 0 255 255 255 255
348.2 263.8 0 255 255 255 255
348.2 265.8 0 255 255 255 255
348.2 267.8 0 255 255 255 255
348.2 269.8 0 255 255 255 255
348.2 271.8 0 255 255 255 255
348.2 273.8 0 255 255 255 255
348.2 275.8 0 255 255 255 255
348.2 277.8 0 255 255 255 255
348.2 279.8 0 255 255 255 255
348.2 281.8 0 255 255 255 255
348.2 283.8 0 255 255 255 255
348.2 285.8 0 255 255 255 255
348.2 287.8 0 255 255 255 255
348.2 289.8 0 255 255 255 255
348.2 291.8 0 255 255 255 255
348.2 293.8 0 255 255 255 255
348.1 295.7 0 255 255 255 255
346.1 295.7 0 255 255 255 255
344.1 295.7 0 255 255 255 255
342.1 295.7 0 255 255 255 255
341.9 293.9 0 255 255 255 255
341.9 291.9 0 255 255 255 255
341.9 289.9 0 255 255 255 255
341.9 287.9 0 255 255 255 255
341.9 285.9 0 255 255 255 255
341.9 283.9 0 255 255 255 255
341.9 281.9 0 255 255 255 255
341.9 279.9 0 255 255 255 255
341.9 277.9 0 255 255 255 255
341.9 275.9 0 255 255 255 255
341.9 273.9 0 255 255 255 255
341.9 271.9 0 255 255 255 255
341.9 269.9 0 255 255 255 255
341.9 267.9 0 255 255 255 255
341.9 265.9 0 255 255 255 255
341.9 263.9 0 255 255 255 255
340 263.8 0 255 255 255 255
338.8 263 0 255 255 255 255
338.8 261 0 255 255 255 255
338.8 259 0 255 255 255 255
340.7 258.9 0 255 255 255 255
342.7 258.9 0 255 255 255 255
344.7 258.9 0 255 255 255 255
346.7 258.9 0 255 255 255 255
348.7 258.9 0 255 255 255 255
350.7 258.9 0 255 255 255 255
265.5 322.3 0 255 255 255 255
267.499 322.349 0 255 255 255 255
269.483 322.584 0 255 255 255 255
271.302 323.372 0 255 255 255 255
272.366 325.028 0 255 255 255 255
272.714 326.993 0 255 255 255 255
272.795 328.991 0 255 255 255 255
272.8 330.991 0 255 255 255 255
272.8 332.991 0 255 255 255 255
272.8 334.991 0 255 255 255 255
272.8 336.991 0 255 255 255 255
272.8 338.991 0 255 255 255 255
272.8 340.991 0 255 255 255 255
272.8 342.991 0 255 255 255 255
272.8 344.991 0 255 255 255 255
272.8 346.991 0 255 255 255 255
272.8 348.991 0 255 255 255 255
272.8 350.991 0 255 255 255 255
272.794 352.991 0 255 255 255 255
272.7 354.988 0 255 255 255 255
272.324 356.947 0 255 255 255 255
271.208 358.566 0 255 255 255 255
269.376 359.321 0 255 255 255 255
267.392 359.558 0 255 255 255 255
265.392 359.598 0 255 255 255 255
263.394 359.537 0 255 255 255 255
261.416 359.262 0 255 255 255 255
259.646 358.384 0 255 255 255 255
258.683 356.662 0 255 255 255 255
258.376 354.69 0 255 255 255 255
258.304 352.691 0 255 255 255 255
258.3 350.691 0 255 255 255 255
258.3 348.691 0 255 255 255 255
258.3 346.691 0 255 255 255 255
258.3 344.691 0 255 255 255 255
258.3 342.691 0 255 255 255 255
258.3 340.691 0 255 255 255 255
258.3 338.691 0 255 255 255 255
258.3 336.691 0 255 255 255 255
258.3 334.691 0 255 255 255 255
258.3 332.691 0 255 255 255 255
258.3 330.691 0 255 255 255 255
258.293 328.691 0 255 255 255 255
258.369 326.694 0 255 255 255 255
258.757 324.738 0 255 255 255 255
259.96 323.186 0 255 255 255 255
261.836 322.533 0 255 255 255 255
263.825 322.334 0 255 255 255 255
264.5 353.1 0 255 255 255 255
265.426 354.598 0 255 255 255 255
266.498 353.257 0 255 255 255 255
266.5 351.257 0 255 255 255 255
266.5 349.257 0 255 255 255 255
266.5 347.257 0 255 255 255 255
266.5 345.257 0 255 255 255 255
266.5 343.257 0 255 255 255 255
266.5 341.257 0 255 255 255 255
266.5 339.257 0 255 255 255 255
266.5 337.257 0 255 255 255 255
266.5 335.257 0 255 255 255 255
266.5 333.257 0 255 255 255 255
266.5 331.257 0 255 255 255 255
266.5 329.257 0 255 255 255 255
266.082 327.367 0 255 255 255 255
264.568 328.04 0 255 255 255 255
264.5 330.035 0 255 255 255 255
264.5 332.036 0 255 255 255 255
264.5 334.036 0 255 255 255 255
264.5 336.035 0 255 255 255 255
264.5 338.035 0 255 255 255 255
264.5 340.035 0 255 255 255 255
264.5 342.035 0 255 255 255 255
264.5 344.036 0 255 255 255 255
264.5 346.036 0 255 255 255 255
264.5 348.035 0 255 255 255 255
264.5 350.035 0 255 255 255 255
264.5 352.035 0 255 255 255 255
285.9 322.5 0 255 255 255 255
285.9 324.5 0 255 255 255 255
285.9 326.5 0 255 255 255 255
284.7 327.3 0 255 255 255 255
282.7 327.3 0 255 255 255 255
282.1 328.7 0 255 255 255 255
282.1 330.7 0 255 255 255 255
282.1 332.7 0 255 255 255 255
282.1 334.7 0 255 255 255 255
282.1 336.7 0 255 255 255 255
284.1 336.7 0 255 255 255 255
285.9 336.9 0 255 255 255 255
285.9 338.9 0 255 255 255 255
285.9 340.9 0 255 255 255 255
284.6 341.6 0 255 255 255 255
282.6 341.6 0 255 255 255 255
282.1 343.1 0 255 255 255 255
282.1 345.1 0 255 255 255 255
282.1 347.1 0 255 255 255 255
282.1 349.1 0 255 255 255 255
282.1 351.1 0 255 255 255 255
282.1 353.1 0 255 255 255 255
282.1 355.1 0 255 255 255 255
282.1 357.1 0 255 255 255 255
282.1 359.1 0 255 255 255 255
280.4 359.4 0 255 255 255 255
278.4 359.4 0 255 255 255 255
276.4 359.4 0 255 255 255 255
275.8 358 0 255 255 255 255
275.8 356 0 255 255 255 255
275.8 354 0 255 255 255 255
275.8 352 0 255 255 255 255
275.8 350 0 255 255 255 255
275.8 348 0 255 255 255 255
275.8 346 0 255 255 255 255
275.8 344 0 255 255 255 255
275.8 342 0 255 255 255 255
275.8 340 0 255 255 255 255
275.8 338 0 255 255 255 255
275.8 336 0 255 255 255 255
275.8 334 0 255 255 255 255
275.8 332 0 255 255 255 255
275.8 330 0 255 255 255 255
275.8 328 0 255 255 255 255
275.8 326 0 255 255 255 255
275.8 324 0 255 255 255 255
276.4 322.6 0 255 255 255 255
278.4 322.6 0 255 255 255 255
280.4 322.6 0 255 255 255 255
282.4 322.6 0 255 255 255 255
284.4 322.6 0 255 255 255 255
272.8 398.7 0 255 255 255 255
270.8 398.7 0 255 255 255 255
268.8 398.7 0 255 255 255 255
266.8 398.7 0 255 255 255 255
266.5 397 0 255 255 255 255
266.5 395 0 255 255 255 255
266.5 393 0 255 255 255 255
266.187 391.065 0 255 255 255 255
264.603 391.502 0 255 255 255 255
264.5 393.493 0 255 255 255 255
264.5 395.493 0 255 255 255 255
264.5 397.493 0 255 255 255 255
264.5 399.493 0 255 255 255 255
264.5 401.493 0 255 255 255 255
264.5 403.493 0 255 255 255 255
264.5 405.493 0 255 255 255 255
264.5 407.493 0 255 255 255 255
264.5 409.493 0 255 255 255 255
264.5 411.493 0 255 255 255 255
264.5 413.493 0 255 255 255 255
264.5 415.493 0 255 255 255 255
264.579 417.487 0 255 255 255 255
266.169 417.987 0 255 255 255 255
266.5 416.065 0 255 255 255 255
266.5 414.065 0 255 255 255 255
266.5 412.065 0 255 255 255 255
266.5 410.065 0 255 255 255 255
266.5 408.065 0 255 255 255 255
267.736 407.3 0 255 255 255 255
269.736 407.3 0 255 255 255 255
271.735 407.3 0 255 255 255 255
272.8 408.236 0 255 255 255 255
272.8 410.236 0 255 255 255 255
272.8 412.236 0 255 255 255 255
272.8 414.236 0 255 255 255 255
272.797 416.236 0 255 255 255 255
272.73 418.234 0 255 255 255 255
272.431 420.208 0 255 255 255 255
271.481 421.939 0 255 255 255 255
269.722 422.84 0 255 255 255 255
267.747 423.132 0 255 255 255 255
265.748 423.198 0 255 255 255 255
263.749 423.161 0 255 255 255 255
261.763 422.94 0 255 255 255 255
259.921 422.209 0 255 255 255 255
258.791 420.601 0 255 255 255 255
258.407 418.644 0 255 255 255 255
258.307 416.647 0 255 255 255 255
258.3 414.647 0 255 255 255 255
258.3 412.647 0 255 255 255 255
258.3 410.647 0 255 255 255 255
258.3 408.647 0 255 255 255 255
258.3 406.647 0 255 255 255 255
258.3 404.647 0 255 255 255 255
258.3 402.647 0 255 255 255 255
258.3 400.647 0 255 255 255 255
258.3 398.647 0 255 255 255 255
258.3 396.647 0 255 255 255 255
258.3 394.647 0 255 255 255 255
258.304 392.647 0 255 255 255 255
258.37 390.648 0 255 255 255 255
258.675 388.675 0 255 255 255 255
259.694 386.99 0 255 255 255 255
261.506 386.19 0 255 255 255 255
263.489 385.953 0 255 255 255 255
265.488 385.901 0 255 255 255 255
267.488 385.941 0 255 255 255 255
269.473 386.165 0 255 255 255 255
271.312 386.906 0 255 255 255 255
272.428 388.523 0 255 255 255 255
272.802 390.482 0 255 255 255 255
272.894 392.48 0 255 255 255 255
272.9 394.48 0 255 255 255 255
272.9 396.48 0 255 255 255 255
272.9 398.48 0 255 255 255 255
281.8 386.2 0 255 255 255 255
281.8 388.2 0 255 255 255 255
281.8 390.2 0 255 255 255 255
281.8 392.2 0 255 255 255 255
281.8 394.2 0 255 255 255 255
281.8 396.2 0 255 255 255 255
281.8 398.2 0 255 255 255 255
281.8 400.2 0 255 255 255 255
281.8 402.2 0 255 255 255 255
281.8 404.2 0 255 255 255 255
281.8 406.2 0 255 255 255 255
281.8 408.2 0 255 255 255 255
281.8 410.2 0 255 255 255 255
281.8 412.2 0 255 255 255 255
281.8 414.2 0 255 255 255 255
281.8 416.2 0 255 255 255 255
281.8 418.2 0 255 255 255 255
281.8 420.2 0 255 255 255 255
281.8 422.2 0 255 255 255 255
280.6 423 0 255 255 255 255
278.6 423 0 255 255 255 255
276.6 423 0 255 255 255 255
275.5 422.1 0 255 255 255 255
275.5 420.1 0 255 255 255 255
275.5 418.1 0 255 255 255 255
275.5 416.1 0 255 255 255 255
275.5 414.1 0 255 255 255 255
275.5 412.1 0 255 255 255 255
275.5 410.1 0 255 255 255 255
275.5 408.1 0 255 255 255 255
275.5 406.1 0 255 255 255 255
275.5 404.1 0 255 255 255 255
275.5 402.1 0 255 255 255 255
275.5 400.1 0 255 255 255 255
275.5 398.1 0 255 255 255 255
275.5 396.1 0 255 255 255 255
275.5 394.1 0 255 255 255 255
275.5 392.1 0 255 255 255 255
275.5 390.1 0 255 255 255 255
275.5 388.1 0 255 255 255 255
275.6 386.2 0 255 255 255 255
277.6 386.2 0 255 255 255 255
279.6 386.2 0 255 255 255 255
281.6 386.2 0 255 255 255 255
292.7 386.2 0 255 255 255 255
294.697 386.29 0 255 255 255 255
296.651 386.688 0 255 255 255 255
298.299 387.773 0 255 255 255 255
299.15 389.561 0 255 255 255 255
299.435 391.537 0 255 255 255 255
299.499 393.536 0 255 255 255 255
299.5 395.536 0 255 255 255 255
299.5 397.536 0 255 255 255 255
299.486 399.536 0 255 255 255 255
299.293 401.524 0 255 255 255 255
298.541 403.359 0 255 255 255 255
297.007 404.611 0 255 255 255 255
297.94 405.568 0 255 255 255 255
299.064 407.192 0 255 255 255 255
299.452 409.148 0 255 255 255 255
299.5 411.147 0 255 255 255 255
299.5 413.147 0 255 255 255 255
299.5 415.147 0 255 255 255 255
299.5 417.147 0 255 255 255 255
299.5 419.147 0 255 255 255 255
299.5 421.147 0 255 255 255 255
299.353 423 0 255 255 255 255
297.353 423 0 255 255 255 255
295.353 423 0 255 255 255 255
293.353 423 0 255 255 255 255
293.2 421.153 0 255 255 255 255
293.2 419.153 0 255 255 255 255
293.2 417.153 0 255 255 255 255
293.2 415.153 0 255 255 255 255
293.2 413.153 0 255 255 255 255
293.2 411.153 0 255 255 255 255
293.193 409.154 0 255 255 255 255
292.092 407.727 0 255 255 255 255
291.2 408.807 0 255 255 255 255
291.2 410.807 0 255 255 255 255
291.2 412.807 0 255 255 255 255
291.2 414.807 0 255 255 255 255
291.2 416.807 0 255 255 255 255
291.2 418.807 0 255 255 255 255
291.2 420.807 0 255 255 255 255
291.2 422.807 0 255 255 255 255
289.393 423 0 255 255 255 255
287.393 423 0 255 255 255 255
285.393 423 0 255 255 255 255
285 421.393 0 255 255 255 255
285 419.393 0 255 255 255 255
285 417.393 0 255 255 255 255
285 415.393 0 255 255 255 255
285 413.393 0 255 255 255 255
285 411.393 0 255 255 255 255
285 409.393 0 255 255 255 255
285 407.393 0 255 255 255 255
285 405.393 0 255 255 255 255
285 403.393 0 255 255 255 255
285 401.393 0 255 255 255 255
285 399.393 0 255 255 255 255
285 397.393 0 255 255 255 255
285 395.393 0 255 255 255 255
285 393.393 0 255 255 255 255
285 391.393 0 255 255 255 255
285 389.393 0 255 255 255 255
285 387.393 0 255 255 255 255
285.807 386.2 0 255 255 255 255
287.807 386.2 0 255 255 255 255
289.807 386.2 0 255 255 255 255
291.807 386.2 0 255 255 255 255
291.3 402.2 0 255 255 255 255
293.094 401.623 0 255 255 255 255
293.3 399.651 0 255 255 255 255
293.3 397.651 0 255 255 255 255
293.3 395.651 0 255 255 255 255
293.3 393.651 0 255 255 255 255
293.208 391.657 0 255 255 255 255
291.553 390.9 0 255 255 255 255
291.3 392.647 0 255 255 255 255
291.3 394.647 0 255 255 255 255
291.3 396.647 0 255 255 255 255
291.3 398.647 0 255 255 255 255
291.3 400.647 0 255 255 255 255
317 398.7 0 255 255 255 255
315 398.7 0 255 255 255 255
313 398.7 0 255 255 255 255
311 398.7 0 255 255 255 255
310.7 397 0 255 255 255 255
310.7 395 0 255 255 255 255
310.7 393 0 255 255 255 255
310.387 391.065 0 255 255 255 255
308.803 391.502 0 255 255 255 255
308.7 393.493 0 255 255 255 255
308.7 395.493 0 255 255 255 255
308.7 397.493 0 255 255 255 255
308.7 399.493 0 255 255 255 255
308.7 401.493 0 255 255 255 255
308.7 403.493 0 255 255 255 255
308.7 405.493 0 255 255 255 255
308.7 407.493 0 255 255 255 255
308.7 409.493 0 255 255 255 255
308.7 411.493 0 255 255 255 255
308.7 413.493 0 255 255 255 255
308.7 415.493 0 255 255 255 255
308.779 417.487 0 255 255 255 255
310.369 417.987 0 255 255 255 255
310.7 416.065 0 255 255 255 255
310.7 414.065 0 255 255 255 255
310.7 412.065 0 255 255 255 255
310.7 410.065 0 255 255 255 255
310.7 408.065 0 255 255 255 255
311.936 407.3 0 255 255 255 255
313.936 407.3 0 255 255 255 255
315.935 407.3 0 255 255 255 255
317 408.236 0 255 255 255 255
317 410.236 0 255 255 255 255
317 412.236 0 255 255 255 255
317 414.236 0 255 255 255 255
316.997 416.236 0 255 255 255 255
316.93 418.234 0 255 255 255 255
316.631 420.208 0 255 255 255 255
315.681 421.939 0 255 255 255 255
313.922 422.84 0 255 255 255 255
311.947 423.132 0 255 255 255 255
309.948 423.198 0 255 255 255 255
307.949 423.161 0 255 255 255 255
305.963 422.94 0 255 255 255 255
304.121 422.209 0 255 255 255 255
302.991 420.601 0 255 255 255 255
302.607 418.644 0 255 255 255 255
302.507 416.647 0 255 255 255 255
302.5 414.647 0 255 255 255 255
302.5 412.647 0 255 255 255 255
302.5 410.647 0 255 255 255 255
302.5 408.647 0 255 255 255 255
302.5 406.647 0 255 255 255 255
302.5 404.647 0 255 255 255 255
302.5 402.647 0 255 255 255 255
302.5 400.647 0 255 255 255 255
302.5 398.647 0 255 255 255 255
302.5 396.647 0 255 255 255 255
302.5 394.647 0 255 255 255 255
302.504 392.647 0 255 255 255 255
302.57 390.648 0 255 255 255 255
302.875 388.675 0 255 255 255 255
303.894 386.99 0 255 255 255 255
305.706 386.19 0 255 255 255 255
307.689 385.953 0 255 255 255 255
309.688 385.901 0 255 255 255 255
311.688 385.941 0 255 255 255 255
313.673 386.165 0 255 255 255 255
315.512 386.906 0 255 255 255 255
316.628 388.523 0 255 255 255 255
317.002 390.482 0 255 255 255 255
317.094 392.48 0 255 255 255 255
317.1 394.48 0 255 255 255 255
317.1 396.48 0 255 255 255 255
317.1 398.48 0 255 255 255 255
325.9 386.2 0 255 255 255 255
325.9 388.2 0 255 255 255 255
325.9 390.2 0 255 255 255 255
325.9 392.2 0 255 255 255 255
325.9 394.2 0 255 255 255 255
325.9 396.2 0 255 255 255 255
325.9 398.2 0 255 255 255 255
325.9 400.2 0 255 255 255 255
325.9 402.2 0 255 255 255 255
325.9 404.2 0 255 255 255 255
325.9 406.2 0 255 255 255 255
325.9 408.2 0 255 255 255 255
325.9 410.2 0 255 255 255 255
325.9 412.2 0 255 255 255 255
325.9 414.2 0 255 255 255 255
325.9 416.2 0 255 255 255 255
326.213 418.135 0 255 255 255 255
327.811 417.731 0 255 255 255 255
327.9 415.738 0 255 255 255 255
327.9 413.738 0 255 255 255 255
327.9 411.738 0 255 255 255 255
327.9 409.738 0 255 255 255 255
327.9 407.738 0 255 255 255 255
327.9 405.738 0 255 255 255 255
327.9 403.738 0 255 255 255 255
327.9 401.738 0 255 255 255 255
327.9 399.738 0 255 255 255 255
327.9 397.738 0 255 255 255 255
327.9 395.738 0 255 255 255 255
327.9 393.738 0 255 255 255 255
327.9 391.738 0 255 255 255 255
327.9 389.738 0 255 255 255 255
327.9 387.738 0 255 255 255 255
328.362 386.2 0 255 255 255 255
330.362 386.2 0 255 255 255 255
332.362 386.2 0 255 255 255 255
334.2 386.362 0 255 255 255 255
334.2 388.362 0 255 255 255 255
334.2 390.362 0 255 255 255 255
334.2 392.362 0 255 255 255 255
334.2 394.362 0 255 255 255 255
334.2 396.362 0 255 255 255 255
334.2 398.362 0 255 255 255 255
334.2 400.362 0 255 255 255 255
334.2 402.362 0 255 255 255 255
334.2 404.362 0 255 255 255 255
334.2 406.362 0 255 255 255 255
334.2 408.362 0 255 255 255 255
334.2 410.362 0 255 255 255 255
334.2 412.362 0 255 255 255 255
334.2 414.362 0 255 255 255 255
334.196 416.362 0 255 255 255 255
334.122 418.361 0 255 255 255 255
333.8 420.331 0 255 255 255 255
332.798 422.032 0 255 255 255 255
331.008 422.878 0 255 255 255 255
329.028 423.143 0 255 255 255 255
327.03 423.2 0 255 255 255 255
325.03 423.153 0 255 255 255 255
323.046 422.921 0 255 255 255 255
321.222 422.146 0 255 255 255 255
320.144 420.5 0 255 255 255 255
319.789 418.536 0 255 255 255 255
319.705 416.538 0 255 255 255 255
319.7 414.538 0 255 255 255 255
319.7 412.538 0 255 255 255 255
319.7 410.538 0 255 255 255 255
319.7 408.538 0 255 255 255 255
319.7 406.538 0 255 255 255 255
319.7 404.538 0 255 255 255 255
319.7 402.538 0 255 255 255 255
319.7 400.538 0 255 255 255 255
319.7 398.538 0 255 255 255 255
319.7 396.538 0 255 255 255 255
319.7 394.538 0 255 255 255 255
319.7 392.538 0 255 255 255 255
319.7 390.538 0 255 255 255 255
319.7 388.538 0 255 255 255 255
319.7 386.538 0 255 255 255 255
321.362 386.2 0 255 255 255 255
323.362 386.2 0 255 255 255 255
325.362 386.2 0 255 255 255 255
344.5 386.2 0 255 255 255 255
344.759 388.183 0 255 255 255 255
345.018 390.166 0 255 255 255 255
345.277 392.149 0 255 255 255 255
345.537 394.133 0 255 255 255 255
345.796 396.116 0 255 255 255 255
346.055 398.099 0 255 255 255 255
346.314 400.082 0 255 255 255 255
346.573 402.065 0 255 255 255 255
347.05 403.8 0 255 255 255 255
347.353 401.866 0 255 255 255 255
347.612 399.883 0 255 255 255 255
347.871 397.9 0 255 255 255 255
348.13 395.917 0 255 255 255 255
348.389 393.934 0 255 255 255 255
348.648 391.95 0 255 255 255 255
348.908 389.967 0 255 255 255 255
349.167 387.984 0 255 255 255 255
349.601 386.2 0 255 255 255 255
351.601 386.2 0 255 255 255 255
353.601 386.2 0 255 255 255 255
355.601 386.2 0 255 255 255 255
356.7 387.101 0 255 255 255 255
356.7 389.101 0 255 255 255 255
356.7 391.101 0 255 255 255 255
356.7 393.101 0 255 255 255 255
356.7 395.101 0 255 255 255 255
356.7 397.101 0 255 255 255 255
356.7 399.101 0 255 255 255 255
356.7 401.101 0 255 255 255 255
356.7 403.101 0 255 255 255 255
356.7 405.101 0 255 255 255 255
356.7 407.101 0 255 255 255 255
356.7 409.101 0 255 255 255 255
356.7 411.101 0 255 255 255 255
356.7 413.101 0 255 255 255 255
356.7 415.101 0 255 255 255 255
356.7 417.101 0 255 255 255 255
356.7 419.101 0 255 255 255 255
356.7 421.101 0 255 255 255 255
356.599 423 0 255 255 255 255
354.599 423 0 255 255 255 255
352.599 423 0 255 255 255 255
351.105 422.499 0 255 255 255 255
351.123 420.499 0 255 255 255 255
351.141 418.499 0 255 255 255 255
351.16 416.5 0 255 255 255 255
351.178 414.5 0 255 255 255 255
351.196 412.5 0 255 255 255 255
351.215 410.5 0 255 255 255 255
351.233 408.5 0 255 255 255 255
351.251 406.5 0 255 255 255 255
351.27 404.5 0 255 255 255 255
351.288 402.5 0 255 255 255 255
350.956 401.597 0 255 255 255 255
350.737 403.585 0 255 255 255 255
350.519 405.573 0 255 255 255 255
350.3 407.561 0 255 255 255 255
350.081 409.549 0 255 255 255 255
349.862 411.537 0 255 255 255 255
349.643 413.525 0 255 255 255 255
349.424 415.513 0 255 255 255 255
349.205 417.501 0 255 255 255 255
348.986 419.489 0 255 255 255 255
348.768 421.477 0 255 255 255 255
348.132 423 0 255 255 255 255
346.132 423 0 255 255 255 255
345.172 421.839 0 255 255 255 255
344.953 419.851 0 255 255 255 255
344.734 417.863 0 255 255 255 255
344.516 415.875 0 255 255 255 255
344.297 413.887 0 255 255 255 255
344.078 411.899 0 255 255 255 255
343.859 409.911 0 255 255 255 255
343.64 407.923 0 255 255 255 255
343.421 405.935 0 255 255 255 255
343.202 403.947 0 255 255 255 255
342.984 401.959 0 255 255 255 255
342.508 402.036 0 255 255 255 255
342.526 404.036 0 255 255 255 255
342.544 406.036 0 255 255 255 255
342.563 408.036 0 255 255 255 255
342.581 410.036 0 255 255 255 255
342.599 412.036 0 255 255 255 255
342.618 414.036 0 255 255 255 255
342.636 416.036 0 255 255 255 255
342.655 418.036 0 255 255 255 255
342.673 420.036 0 255 255 255 255
342.691 422.036 0 255 255 255 255
341.664 423 0 255 255 255 255
339.664 423 0 255 255 255 255
337.664 423 0 255 255 255 255
337.1 421.564 0 255 255 255 255
337.1 419.564 0 255 255 255 255
337.1 417.564 0 255 255 255 255
337.1 415.564 0 255 255 255 255
337.1 413.564 0 255 255 255 255
337.1 411.564 0 255 255 255 255
337.1 409.564 0 255 255 255 255
337.1 407.564 0 255 255 255 255
337.1 405.564 0 255 255 255 255
337.1 403.564 0 255 255 255 255
337.1 401.564 0 255 255 255 255
337.1 399.564 0 255 255 255 255
337.1 397.564 0 255 255 255 255
337.1 395.564 0 255 255 255 255
337.1 393.564 0 255 255 255 255
337.1 391.564 0 255 255 255 255
337.1 389.564 0 255 255 255 255
337.1 387.564 0 255 255 255 255
337.736 386.2 0 255 255 255 255
339.736 386.2 0 255 255 255 255
341.736 386.2 0 255 255 255 255
343.736 386.2 0 255 255 255 255
374.3 398.9 0 255 255 255 255
372.3 398.9 0 255 255 255 255
370.3 398.9 0 255 255 255 255
368.3 398.9 0 255 255 255 255
368 397.2 0 255 255 255 255
368 395.2 0 255 255 255 255
368 393.2 0 255 255 255 255
367.763 391.24 0 255 255 255 255
366.188 391.532 0 255 255 255 255
366.1 393.525 0 255 255 255 255
366.1 395.525 0 255 255 255 255
366.1 397.525 0 255 255 255 255
366.335 399.488 0 255 255 255 255
367.884 400.717 0 255 255 255 255
369.626 401.699 0 255 255 255 255
371.368 402.682 0 255 255 255 255
372.959 403.882 0 255 255 255 255
373.966 405.591 0 255 255 255 255
374.285 407.559 0 255 255 255 255
374.3 409.559 0 255 255 255 255
374.3 411.559 0 255 255 255 255
374.3 413.559 0 255 255 255 255
374.3 415.559 0 255 255 255 255
374.277 417.559 0 255 255 255 255
374.122 419.552 0 255 255 255 255
373.543 421.454 0 255 255 255 255
372.043 422.719 0 255 255 255 255
370.101 423.164 0 255 255 255 255
368.105 423.287 0 255 255 255 255
366.105 423.291 0 255 255 255 255
364.11 423.168 0 255 255 255 255
362.167 422.724 0 255 255 255 255
360.62 421.511 0 255 255 255 255
359.939 419.646 0 255 255 255 255
359.734 417.659 0 255 255 255 255
359.7 415.659 0 255 255 255 255
359.7 413.659 0 255 255 255 255
359.7 411.659 0 255 255 255 255
359.7 409.659 0 255 255 255 255
359.941 407.9 0 255 255 255 255
361.941 407.9 0 255 255 255 255
363.941 407.9 0 255 255 255 255
365.941 407.9 0 255 255 255 255
366 409.841 0 255 255 255 255
366 411.841 0 255 255 255 255
366 413.841 0 255 255 255 255
366 415.841 0 255 255 255 255
366.126 417.828 0 255 255 255 255
367.689 418.154 0 255 255 255 255
367.9 416.185 0 255 255 255 255
367.9 414.185 0 255 255 255 255
367.9 412.185 0 255 255 255 255
367.9 410.185 0 255 255 255 255
367.854 408.188 0 255 255 255 255
366.572 406.745 0 255 255 255 255
364.858 405.715 0 255 255 255 255
363.143 404.686 0 255 255 255 255
361.477 403.585 0 255 255 255 255
360.238 402.033 0 255 255 255 255
359.691 400.119 0 255 255 255 255
359.6 398.123 0 255 255 255 255
359.6 396.123 0 255 255 255 255
359.6 394.123 0 255 255 255 255
359.613 392.123 0 255 255 255 255
359.745 390.128 0 255 255 255 255
360.218 388.192 0 255 255 255 255
361.513 386.714 0 255 255 255 255
363.406 386.105 0 255 255 255 255
365.396 385.928 0 255 255 255 255
367.396 385.905 0 255 255 255 255
369.394 385.991 0 255 255 255 255
371.36 386.335 0 255 255 255 255
373.053 387.345 0 255 255 255 255
373.895 389.134 0 255 255 255 255
374.148 391.115 0 255 255 255 255
374.199 393.114 0 255 255 255 255
374.2 395.114 0 255 255 255 255
374.2 397.114 0 255 255 255 255
388.5 386.2 0 255 255 255 255
388.5 388.2 0 255 255 255 255
388.5 390.2 0 255 255 255 255
387.4 391.1 0 255 255 255 255
385.4 391.1 0 255 255 255 255
385.4 393.1 0 255 255 255 255
385.4 395.1 0 255 255 255 255
385.4 397.1 0 255 255 255 255
385.4 399.1 0 255 255 255 255
385.4 401.1 0 255 255 255 255
385.4 403.1 0 255 255 255 255
385.4 405.1 0 255 255 255 255
385.4 407.1 0 255 255 255 255
385.4 409.1 0 255 255 255 255
385.4 411.1 0 255 255 255 255
385.4 413.1 0 255 255 255 255
385.4 415.1 0 255 255 255 255
385.4 417.1 0 255 255 255 255
385.4 419.1 0 255 255 255 255
385.4 421.1 0 255 255 255 255
385.3 423 0 255 255 255 255
383.3 423 0 255 255 255 255
381.3 423 0 255 255 255 255
379.3 423 0 255 255 255 255
379.1 421.2 0 255 255 255 255
379.1 419.2 0 255 255 255 255
379.1 417.2 0 255 255 255 255
379.1 415.2 0 255 255 255 255
379.1 413.2 0 255 255 255 255
379.1 411.2 0 255 255 255 255
379.1 409.2 0 255 255 255 255
379.1 407.2 0 255 255 255 255
379.1 405.2 0 255 255 255 255
379.1 403.2 0 255 255 255 255
379.1 401.2 0 255 255 255 255
379.1 399.2 0 255 255 255 255
379.1 397.2 0 255 255 255 255
379.1 395.2 0 255 255 255 255
379.1 393.2 0 255 255 255 255
379.1 391.2 0 255 255 255 255
377.2 391.1 0 255 255 255 255
376 390.3 0 255 255 255 255
376 388.3 0 255 255 255 255
376 386.3 0 255 255 255 255
377.9 386.2 0 255 255 255 255
379.9 386.2 0 255 255 255 255
381.9 386.2 0 255 255 255 255
383.9 386.2 0 255 255 255 255
385.9 386.2 0 255 255 255 255
387.9 386.2 0 255 255 255 255
400.4 386.2 0 255 255 255 255
400.6 388.19 0 255 255 255 255
400.8 390.18 0 255 255 255 255
401 392.17 0 255 255 255 255
401.2 394.16 0 255 255 255 255
401.4 396.15 0 255 255 255 255
401.6 398.14 0 255 255 255 255
401.801 400.13 0 255 255 255 255
402.001 402.12 0 255 255 255 255
402.201 404.11 0 255 255 255 255
402.401 406.1 0 255 255 255 255
402.601 408.09 0 255 255 255 255
402.801 410.08 0 255 255 255 255
403.001 412.07 0 255 255 255 255
403.201 414.06 0 255 255 255 255
403.401 416.049 0 255 255 255 255
403.601 418.039 0 255 255 255 255
403.801 420.029 0 255 255 255 255
404.001 422.019 0 255 255 255 255
403.086 423 0 255 255 255 255
401.086 423 0 255 255 255 255
399.086 423 0 255 255 255 255
397.941 422.087 0 255 255 255 255
397.814 420.091 0 255 255 255 255
397.686 418.096 0 255 255 255 255
397.558 416.1 0 255 255 255 255
396.402 415.2 0 255 255 255 255
394.868 415.697 0 255 255 255 255
394.74 417.693 0 255 255 255 255
394.612 419.689 0 255 255 255 255
394.484 421.685 0 255 255 255 255
393.718 423 0 255 255 255 255
391.718 423 0 255 255 255 255
389.718 423 0 255 255 255 255
388.357 422.42 0 255 255 255 255
388.551 420.43 0 255 255 255 255
388.746 418.439 0 255 255 255 255
388.941 416.449 0 255 255 255 255
389.136 414.458 0 255 255 255 255
389.33 412.468 0 255 255 255 255
389.525 410.477 0 255 255 255 255
389.72 408.487 0 255 255 255 255
389.914 406.496 0 255 255 255 255
390.109 404.506 0 255 255 255 255
390.304 402.515 0 255 255 255 255
390.499 400.525 0 255 255 255 255
390.693 398.534 0 255 255 255 255
390.888 396.544 0 255 255 255 255
391.083 394.553 0 255 255 255 255
391.278 392.563 0 255 255 255 255
391.472 390.572 0 255 255 255 255
391.667 388.582 0 255 255 255 255
391.862 386.591 0 255 255 255 255
393.507 386.2 0 255 255 255 255
395.507 386.2 0 255 255 255 255
397.507 386.2 0 255 255 255 255
399.507 386.2 0 255 255 255 255
395.2 410.2 0 255 255 255 255
397.2 410.2 0 255 255 255 255
397.187 408.303 0 255 255 255 255
397.068 406.307 0 255 255 255 255
396.949 404.31 0 255 255 255 255
396.831 402.314 0 255 255 255 255
396.712 400.318 0 255 255 255 255
396.593 398.321 0 255 255 255 255
396.474 396.325 0 255 255 255 255
396.355 394.328 0 255 255 255 255
396.053 394.269 0 255 255 255 255
395.946 396.266 0 255 255 255 255
395.839 398.263 0 255 255 255 255
395.732 400.26 0 255 255 255 255
395.625 402.258 0 255 255 255 255
395.518 404.255 0 255 255 255 255
395.412 406.252 0 255 255 255 255
395.305 408.249 0 255 255 255 255
412.3 386.2 0 255 255 255 255
412.663 388.167 0 255 255 255 255
413.027 390.133 0 255 255 255 255
413.39 392.1 0 255 255 255 255
413.754 394.067 0 255 255 255 255
414.117 396.034 0 255 255 255 255
414.48 398 0 255 255 255 255
414.844 399.967 0 255 255 255 255
415.207 401.934 0 255 255 255 255
415.571 403.9 0 255 255 255 255
415.995 403.612 0 255 255 255 255
415.984 401.612 0 255 255 255 255
415.973 399.612 0 255 255 255 255
415.962 397.612 0 255 255 255 255
415.951 395.612 0 255 255 255 255
415.94 393.612 0 255 255 255 255
415.929 391.612 0 255 255 255 255
415.919 389.612 0 255 255 255 255
415.908 387.612 0 255 255 255 255
416.488 386.2 0 255 255 255 255
418.488 386.2 0 255 255 255 255
420.488 386.2 0 255 255 255 255
421.3 387.388 0 255 255 255 255
421.3 389.388 0 255 255 255 255
421.3 391.388 0 255 255 255 255
421.3 393.388 0 255 255 255 255
421.3 395.388 0 255 255 255 255
421.3 397.388 0 255 255 255 255
421.3 399.388 0 255 255 255 255
421.3 401.388 0 255 255 255 255
421.3 403.388 0 255 255 255 255
421.3 405.388 0 255 255 255 255
421.3 407.388 0 255 255 255 255
421.3 409.388 0 255 255 255 255
421.3 411.388 0 255 255 255 255
421.3 413.388 0 255 255 255 255
421.3 415.388 0 255 255 255 255
421.3 417.388 0 255 255 255 255
421.3 419.388 0 255 255 255 255
421.3 421.388 0 255 255 255 255
420.912 423 0 255 255 255 255
418.912 423 0 255 255 255 255
416.912 423 0 255 255 255 255
415.556 422.225 0 255 255 255 255
415.192 420.258 0 255 255 255 255
414.828 418.292 0 255 255 255 255
414.464 416.325 0 255 255 255 255
414.1 414.359 0 255 255 255 255
413.736 412.392 0 255 255 255 255
413.371 410.426 0 255 255 255 255
413.007 408.459 0 255 255 255 255
412.643 406.492 0 255 255 255 255
412.279 404.526 0 255 255 255 255
412.007 405.467 0 255 255 255 255
412.018 407.467 0 255 255 255 255
412.028 409.467 0 255 255 255 255
412.039 411.467 0 255 255 255 255
412.05 413.467 0 255 255 255 255
412.06 415.467 0 255 255 255 255
412.071 417.467 0 255 255 255 255
412.081 419.467 0 255 255 255 255
412.092 421.467 0 255 255 255 255
411.633 423 0 255 255 255 255
409.633 423 0 255 255 255 255
407.633 423 0 255 255 255 255
406.6 422.033 0 255 255 255 255
406.6 420.033 0 255 255 255 255
406.6 418.033 0 255 255 255 255
406.6 416.033 0 255 255 255 255
406.6 414.033 0 255 255 255 255
406.6 412.033 0 255 255 255 255
406.6 410.033 0 255 255 255 255
406.6 408.033 0 255 255 255 255
406.6 406.033 0 255 255 255 255
406.6 404.033 0 255 255 255 255
406.6 402.033 0 255 255 255 255
406.6 400.033 0 255 255 255 255
406.6 398.033 0 255 255 255 255
406.6 396.033 0 255 255 255 255
406.6 394.033 0 255 255 255 255
406.6 392.033 0 255 255 255 255
406.6 390.033 0 255 255 255 255
406.6 388.033 0 255 255 255 255
406.767 386.2 0 255 255 255 255
408.767 386.2 0 255 255 255 255
410.767 386.2 0 255 255 255 255
438.9 398.7 0 255 255 255 255
436.9 398.7 0 255 255 255 255
434.9 398.7 0 255 255 255 255
432.9 398.7 0 255 255 255 255
432.6 397 0 255 255 255 255
432.6 395 0 255 255 255 255
432.6 393 0 255 255 255 255
432.287 391.065 0 255 255 255 255
430.703 391.502 0 255 255 255 255
430.6 393.493 0 255 255 255 255
430.6 395.493 0 255 255 255 255
430.6 397.493 0 255 255 255 255
430.6 399.493 0 255 255 255 255
430.6 401.493 0 255 255 255 255
430.6 403.493 0 255 255 255 255
430.6 405.493 0 255 255 255 255
430.6 407.493 0 255 255 255 255
430.6 409.493 0 255 255 255 255
430.6 411.493 0 255 255 255 255
430.6 413.493 0 255 255 255 255
430.6 415.493 0 255 255 255 255
430.679 417.487 0 255 255 255 255
432.269 417.987 0 255 255 255 255
432.6 416.065 0 255 255 255 255
432.6 414.065 0 255 255 255 255
432.6 412.065 0 255 255 255 255
432.6 410.065 0 255 255 255 255
432.6 408.065 0 255 255 255 255
433.836 407.3 0 255 255 255 255
435.836 407.3 0 255 255 255 255
437.835 407.3 0 255 255 255 255
438.9 408.236 0 255 255 255 255
438.9 410.236 0 255 255 255 255
438.9 412.236 0 255 255 255 255
438.9 414.236 0 255 255 255 255
438.897 416.236 0 255 255 255 255
438.83 418.234 0 255 255 255 255
438.531 420.208 0 255 255 255 255
437.581 421.939 0 255 255 255 255
435.822 422.84 0 255 255 255 255
433.847 423.132 0 255 255 255 255
431.848 423.198 0 255 255 255 255
429.849 423.161 0 255 255 255 255
427.863 422.94 0 255 255 255 255
426.021 422.209 0 255 255 255 255
424.891 420.601 0 255 255 255 255
424.507 418.644 0 255 255 255 255
424.407 416.647 0 255 255 255 255
424.4 414.647 0 255 255 255 255
424.4 412.647 0 255 255 255 255
424.4 410.647 0 255 255 255 255
424.4 408.647 0 255 255 255 255
424.4 406.647 0 255 255 255 255
424.4 404.647 0 255 255 255 255
424.4 402.647 0 255 255 255 255
424.4 400.647 0 255 255 255 255
424.4 398.647 0 255 255 255 255
424.4 396.647 0 255 255 255 255
424.4 394.647 0 255 255 255 255
424.404 392.647 0 255 255 255 255
424.47 390.648 0 255 255 255 255
424.775 388.675 0 255 255 255 255
425.794 386.99 0 255 255 255 255
427.606 386.19 0 255 255 255 255
429.589 385.953 0 255 255 255 255
431.588 385.901 0 255 255 255 255
433.588 385.941 0 255 255 255 255
435.573 386.165 0 255 255 255 255
437.412 386.906 0 255 255 255 255
438.528 388.523 0 255 255 255 255
438.902 390.482 0 255 255 255 255
438.994 392.48 0 255 255 255 255
439 394.48 0 255 255 255 255
439 396.48 0 255 255 255 255
439 398.48 0 255 255 255 255
451.7 386.2 0 255 255 255 255
451.7 388.2 0 255 255 255 255
451.7 390.2 0 255 255 255 255
450.5 391 0 255 255 255 255
448.5 391 0 255 255 255 255
447.9 392.4 0 255 255 255 255
447.9 394.4 0 255 255 255 255
447.9 396.4 0 255 255 255 255
447.9 398.4 0 255 255 255 255
447.9 400.4 0 255 255 255 255
449.9 400.4 0 255 255 255 255
451.7 400.6 0 255 255 255 255
451.7 402.6 0 255 255 255 255
451.7 404.6 0 255 255 255 255
450.4 405.3 0 255 255 255 255
448.4 405.3 0 255 255 255 255
447.9 406.8 0 255 255 255 255
447.9 408.8 0 255 255 255 255
447.9 410.8 0 255 255 255 255
447.9 412.8 0 255 255 255 255
447.9 414.8 0 255 255 255 255
447.9 416.8 0 255 255 255 255
448.5 418.2 0 255 255 255 255
450.5 418.2 0 255 255 255 255
451.7 419 0 255 255 255 255
451.7 421 0 255 255 255 255
451.7 423 0 255 255 255 255
449.8 423.1 0 255 255 255 255
447.8 423.1 0 255 255 255 255
445.8 423.1 0 255 255 255 255
443.8 423.1 0 255 255 255 255
441.8 423.1 0 255 255 255 255
441.6 421.3 0 255 255 255 255
441.6 419.3 0 255 255 255 255
441.6 417.3 0 255 255 255 255
441.6 415.3 0 255 255 255 255
441.6 413.3 0 255 255 255 255
441.6 411.3 0 255 255 255 255
441.6 409.3 0 255 255 255 255
441.6 407.3 0 255 255 255 255
441.6 405.3 0 255 255 255 255
441.6 403.3 0 255 255 255 255
441.6 401.3 0 255 255 255 255
441.6 399.3 0 255 255 255 255
441.6 397.3 0 255 255 255 255
441.6 395.3 0 255 255 255 255
441.6 393.3 0 255 255 255 255
441.6 391.3 0 255 255 255 255
441.6 389.3 0 255 255 255 255
441.6 387.3 0 255 255 255 255
442.6 386.3 0 255 255 255 255
444.6 386.3 0 255 255 255 255
446.6 386.3 0 255 255 255 255
448.6 386.3 0 255 255 255 255
450.6 386.3 0 255 255 255 255
3 0 1 2
3 3 4 5
3 6 7 8
3 9 10 11
3 12 13 14
3 15 16 17
3 18 19 20
3 21 22 23
3 24 25 26
3 27 28 29
3 30 31 32
3 33 34 35
3 36 37 38
3 39 40 41
3 42 43 44
3 45 46 47
3 48 49 50
3 51 52 53
3 54 55 56
3 57 58 59
3 60 61 62
3 63 64 65
3 66 67 68
3 69 70 71
3 72 73 74
3 75 76 77
3 78 79 80
3 81 82 83
3 84 85 86
3 87 88 89
3 90 91 92
3 93 94 95
3 96 97 98
3 99 100 101
3 102 103 104
3 105 106 107
3 108 109 110
3 111 112 113
3 114 115 116
3 117 118 119
3 120 121 122
3 123 124 125
3 126 127 128
3 129 130 131
3 132 133 134
3 135 136 137
3 138 139 140
3 141 142 143
3 144 145 146
3 147 148 149
3 150 151 152
3 153 154 155
3 156 157 158
3 159 160 161
3 162 163 164
3 165 166 167
3 168 169 170
3 171 172 173
3 174 175 176
3 177 178 179
3 180 181 182
3 183 184 185
3 186 187 188
3 189 190 191
3 192 193 194
3 195 196 197
3 198 199 200
3 201 202 203
3 204 205 206
3 207 208 209
3 210 211 212
3 213 214 215
3 216 217 218
3 219 220 221
3 222 223 224
3 225 226 227
3 228 229 230
3 231 232 233
3 234 235 236
3 237 238 239
3 240 241 242
3 243 244 245
3 246 247 248
3 249 250 251
3 252 253 254
3 255 256 257
3 258 259 260
3 261 262 263
3 264 265 266
3 267 268 269
3 270 271 272
3 273 274 275
3 276 277 278
3 279 280 281
3 282 283 284
3 285 286 287
3 288 289 290
3 291 292 293
3 294 295 296
3 297 298 299
3 300 301 302
3 303 304 305
3 306 307 308
3 309 310 311
3 312 313 314
3 315 316 317
3 318 319 320
3 321 322 323
3 324 325 326
3 327 328 329
3 330 331 332
3 333 334 335
3 336 337 338
3 339 340 341
3 342 343 344
3 345 346 347
3 348 349 350
3 351 352 353
3 354 355 356
3 357 358 359
3 360 361 362
3 363 364 365
3 366 367 368
3 369 370 371
3 372 373 374
3 375 376 377
3 378 379 380
3 381 382 383
3 384 385 386
3 387 388 389
3 390 391 392
3 393 394 395
3 396 397 398
3 399 400 401
3 402 403 404
3 405 406 407
3 408 409 410
3 411 412 413
3 414 415 416
3 417 418 419
3 420 421 422
3 423 424 425
3 426 427 428
3 429 430 431
3 432 433 434
3 435 436 437
3 438 439 440
3 441 442 443
3 444 445 446
3 447 448 449
3 450 451 452
3 453 454 455
3 456 457 458
3 459 460 461
3 462 463 464
3 465 466 467
3 468 469 470
3 471 472 473
3 474 475 476
3 477 478 479
3 480 481 482
3 483 484 485
3 486 487 488
3 489 490 491
3 492 493 494
3 495 496 497
3 498 499 500
3 501 502 503
3 504 505 506
3 507 508 509
3 510 511 512
3 513 514 515
3 516 517 518
3 519 520 521
3 522 523 524
3 525 526 527
3 528 529 530
3 531 532 533
3 534 535 536
3 537 538 539
3 540 541 542
3 543 544 545
3 546 547 548
3 549 550 551
3 552 553 554
3 555 556 557
3 558 559 560
3 561 562 563
3 564 565 566
3 567 568 569
3 570 571 572
3 573 574 575
3 576 577 578
3 579 580 581
3 582 583 584
3 585 586 587
3 588 589 590
3 591 592 593
3 594 595 596
3 597 598 599
3 600 601 602
3 603 604 605
3 606 607 608
3 609 610 611
3 612 613 614
3 615 616 617
3 618 619 620
3 621 622 623
3 624 625 626
3 627 628 629
3 630 631 632
3 633 634 635
3 636 637 638
3 639 640 641
3 642 643 644
3 645 646 647
3 648 649 650
3 651 652 653
3 654 655 656
3 657 658 659
3 660 661 662
3 663 664 665
3 666 667 668
3 669 670 671
3 672 673 674
3 675 676 677
3 678 679 680
3 681 682 683
3 684 685 686
3 687 688 689
3 690 691 692
3 693 694 695
3 696 697 698
3 699 700 701
3 702 703 704
3 705 706 707
3 708 709 710
3 711 712 713
3 714 715 716
3 717 718 719
3 720 721 722
3 723 724 725
3 726 727 728
3 729 730 731
3 732 733 734
3 735 736 737
3 738 739 740
3 741 742 743
3 744 745 746
3 747 748 749
3 750 751 752
3 753 754 755
3 756 757 758
3 759 760 761
3 762 763 764
3 765 766 767
3 768 769 770
3 771 772 773
3 774 775 776
3 777 778 779
3 780 781 782
3 783 784 785
3 786 787 788
3 789 790 791
3 792 793 794
3 795 796 797
3 798 799 800
3 801 802 803
3 804 805 806
3 807 808 809
3 810 811 812
3 813 814 815
3 816 817 818
3 819 820 821
3 822 823 824
3 825 826 827
3 828 829 830
3 831 832 833
3 834 835 836
3 837 838 839
3 840 841 842
3 843 844 845
3 846 847 848
3 849 850 851
3 852 853 854
3 855 856 857
3 858 859 860
3 861 862 863
3 864 865 866
3 867 868 869
3 870 871 872
3 873 874 875
3 876 877 878
3 879 880 881
3 882 883 884
3 885 886 887
3 888 889 890
3 891 892 893
3 894 895 896
3 897 898 899
3 900 901 902
3 903 904 905
3 906 907 908
3 909 910 911
3 912 913 914
3 915 916 917
3 918 919 920
3 921 922 923
3 924 925 926
3 927 928 929
3 930 931 932
3 933 934 935
3 936 937 938
3 939 940 941
3 942 943 944
3 945 946 947
3 948 949 950
3 951 952 953
3 954 955 956
3 957 958 959
3 960 961 962
3 963 964 965
3 966 967 968
3 969 970 971
3 972 973 974
3 975 976 977
3 978 979 980
3 981 982 983
3 984 985 986
3 987 988 989
3 990 991 992
3 993 994 995
3 996 997 998
3 999 1000 1001
3 1002 1003 1004
3 1005 1006 1007
3 1008 1009 1010
3 1011 1012 1013
3 1014 1015 1016
3 1017 1018 1019
3 1020 1021 1022
3 1023 1024 1025
3 1026 1027 1028
3 1029 1030 1031
3 1032 1033 1034
3 1035 1036 1037
3 1038 1039 1040
3 1041 1042 1043
3 1044 1045 1046
3 1047 1048 1049
3 1050 1051 1052
3 1053 1054 1055
3 1056 1057 1058
3 1059 1060 1061
3 1062 1063 1064
3 1065 1066 1067
3 1068 1069 1070
3 1071 1072 1073
3 1074 1075 1076
3 1077 1078 1079
3 1080 1081 1082
3 1083 1084 1085
3 1086 1087 1088
3 1089 1090 1091
3 1092 1093 1094
3 1095 1096 1097
3 1098 1099 1100
3 1101 1102 1103
3 1104 1105 1106
3 1107 1108 1109
3 1110 1111 1112
3 1113 1114 1115
3 1116 1117 1118
3 1119 1120 1121
3 1122 1123 1124
3 1125 1126 1127
3 1128 1129 1130
3 1131 1132 1133
3 1134 1135 1136
3 1137 1138 1139
3 1140 1141 1142
3 1143 1144 1145
3 1146 1147 1148
3 1149 1150 1151
3 1152 1153 1154
3 1155 1156 1157
3 1158 1159 1160
3 1161 1162 1163
3 1164 1165 1166
3 1167 1168 1169
3 1170 1171 1172
3 1173 1174 1175
3 1176 1177 1178
3 1179 1180 1181
3 1182 1183 1184
3 1185 1186 1187
3 1188 1189 1190
3 1191 1192 1193
3 1194 1195 1196
3 1197 1198 1199
3 1200 1201 1202
3 1203 1204 1205
3 1206 1207 1208
3 1209 1210 1211
3 1212 1213 1214
3 1215 1216 1217
3 1218 1219 1220
3 1221 1222 1223
3 1224 1225 1226
3 1227 1228 1229
3 1230 1231 1232
3 1233 1234 1235
3 1236 1237 1238
3 1239 1240 1241
3 1242 1243 1244
3 1245 1246 1247
3 1248 1249 1250
3 1251 1252 1253
3 1254 1255 1256
3 1257 1258 1259
3 1260 1261 1262
3 1263 1264 1265
3 1266 1267 1268
3 1269 1270 1271
3 1272 1273 1274
3 1275 1276 1277
3 1278 1279 1280
3 1281 1282 1283
3 1284 1285 1286
3 1287 1288 1289
3 1290 1291 1292
3 1293 1294 1295
3 1296 1297 1298
3 1299 1300 1301
3 1302 1303 1304
3 1305 1306 1307
3 1308 1309 1310
3 1311 1312 1313
3 1314 1315 1316
3 1317 1318 1319
3 1320 1321 1322
3 1323 1324 1325
3 1326 1327 1328
3 1329 1330 1331
3 1332 1333 1334
3 1335 1336 1337
3 1338 1339 1340
3 1341 1342 1343
3 1344 1345 1346
3 1347 1348 1349
3 1350 1351 1352
3 1353 1354 1355
3 1356 1357 1358
3 1359 1360 1361
3 1362 1363 1364
3 1365 1366 1367
3 1368 1369 1370
3 1371 1372 1373
3 1374 1375 1376
3 1377 1378 1379
3 1380 1381 1382
3 1383 1384 1385
3 1386 1387 1388
3 1389 1390 1391
3 1392 1393 1394
3 1395 1396 1397
3 1398 1399 1400
3 1401 1402 1403
3 1404 1405 1406
3 1407 1408 1409
3 1410 1411 1412
3 1413 1414 1415
3 1416 1417 1418
3 1419 1420 1421
3 1422 1423 1424
3 1425 1426 1427
3 1428 1429 1430
3 1431 1432 1433
3 1434 1435 1436
3 1437 1438 1439
3 1440 1441 1442
3 1443 1444 1445
3 1446 1447 1448
3 1449 1450 1451
3 1452 1453 1454
3 1455 1456 1457
3 1458 1459 1460
3 1461 1462 1463
3 1464 1465 1466
3 1467 1468 1469
3 1470 1471 1472
3 1473 1474 1475
3 1476 1477 1478
3 1479 1480 1481
3 1482 1483 1484
3 1485 1486 1487
3 1488 1489 1490
3 1491 1492 1493
3 1494 1495 1496
3 1497 1498 1499
3 1500 1501 1502
3 1503 1504 1505
3 1506 1507 1508
3 1509 1510 1511
3 1512 1513 1514
3 1515 1516 1517
3 1518 1519 1520
3 1521 1522 1523
3 1524 1525 1526
3 1527 1528 1529
3 1530 1531 1532
3 1533 1534 1535
3 1536 1537 1538
3 1539 1540 1541
3 1542 1543 1544
3 1545 1546 1547
3 1548 1549 1550
3 1551 1552 1553
3 1554 1555 1556
3 1557 1558 1559
3 1560 1561 1562
3 1563 1564 1565
3 1566 1567 1568
3 1569 1570 1571
3 1572 1573 1574
3 1575 1576 1577
3 1578 1579 1580
3 1581 1582 1583
3 1584 1585 1586
3 1587 1588 1589
3 1590 1591 1592
3 1593 1594 1595
3 1596 1597 1598
3 1599 1600 1601
3 1602 1603 1604
3 1605 1606 1607
3 1608 1609 1610
3 1611 1612 1613
3 1614 1615 1616
3 1617 1618 1619
3 1620 1621 1622
3 1623 1624 1625
3 1626 1627 1628
3 1629 1630 1631
3 1632 1633 1634
3 1635 1636 1637
3 1638 1639 1640
3 1641 1642 1643
3 1644 1645 1646
3 1647 1648 1649
3 1650 1651 1652
3 1653 1654 1655
3 1656 1657 1658
3 1659 1660 1661
3 1662 1663 1664
3 1665 1666 1667
3 1668 1669 1670
3 1671 1672 1673
3 1674 1675 1676
3 1677 1678 1679
3 1680 1681 1682
3 1683 1684 1685
3 1686 1687 1688
3 1689 1690 1691
3 1692 1693 1694
3 1695 1696 1697
3 1698 1699 1700
3 1701 1702 1703
3 1704 1705 1706
3 1707 1708 1709
3 1710 1711 1712
3 1713 1714 1715
3 1716 1717 1718
3 1719 1720 1721
3 1722 1723 1724
3 1725 1726 1727
3 1728 1729 1730
3 1731 1732 1733
3 1734 1735 1736
3 1737 1738 1739
3 1740 1741 1742
3 1743 1744 1745
3 1746 1747 1748
3 1749 1750 1751
3 1752 1753 1754
3 1755 1756 1757
3 1758 1759 1760
3 1761 1762 1763
3 1764 1765 1766
3 1767 1768 1769
3 1770 1771 1772
3 1773 1774 1775
3 1776 1777 1778
3 1779 1780 1781
3 1782 1783 1784
3 1785 1786 1787
3 1788 1789 1790
3 1791 1792 1793
3 1794 1795 1796
3 1797 1798 1799
3 1800 1801 1802
3 1803 1804 1805
3 1806 1807 1808
3 1809 1810 1811
3 1812 1813 1814
3 1815 1816 1817
3 1818 1819 1820
3 1821 1822 1823
3 1824 1825 1826
3 1827 1828 1829
3 1830 1831 1832
3 1833 1834 1835
3 1836 1837 1838
3 1839 1840 1841
3 1842 1843 1844
3 1845 1846 1847
3 1848 1849 1850
3 1851 1852 1853
3 1854 1855 1856
3 1857 1858 1859
3 1860 1861 1862
3 1863 1864 1865
3 1866 1867 1868
3 1869 1870 1871
3 1872 1873 1874
3 1875 1876 1877
3 1878 1879 1880
3 1881 1882 1883
3 1884 1885 1886
3 1887 1888 1889
3 1890 1891 1892
3 1893 1894 1895
3 1896 1897 1898
3 1899 1900 1901
3 1902 1903 1904
3 1905 1906 1907
3 1908 1909 1910
3 1911 1912 1913
3 1914 1915 1916
3 1917 1918 1919
3 1920 1921 1922
3 1923 1924 1925
