ply
format ascii 1.0
element vertex 528
property float x
property float y
property float z
property uchar red
property uchar green
property uchar blue
property uchar alpha
element face 176
property list uchar int vertex_indices
end_header
22 86 0 255 255 255 255
22 92 0 255 255 255 255
22 246 0 255 255 255 255
22 264 0 255 255 255 255
22 530 0 255 255 255 255
24 86 0 255 255 255 255
24 92 0 255 255 255 255
24 162 0 255 255 255 255
24 164 0 255 255 255 255
24 170 0 255 255 255 255
24 172 0 255 255 255 255
24 174 0 255 255 255 255
24 176 0 255 255 255 255
24 180 0 255 255 255 255
24 182 0 255 255 255 255
24 184 0 255 255 255 255
24 240 0 255 255 255 255
24 242 0 255 255 255 255
24 244 0 255 255 255 255
24 258 0 255 255 255 255
24 260 0 255 255 255 255
24 262 0 255 255 255 255
24 384 0 255 255 255 255
24 386 0 255 255 255 255
24 388 0 255 255 255 255
24 390 0 255 255 255 255
24 392 0 255 255 255 255
24 394 0 255 255 255 255
24 412 0 255 255 255 255
24 414 0 255 255 255 255
24 416 0 255 255 255 255
24 418 0 255 255 255 255
24 420 0 255 255 255 255
24 422 0 255 255 255 255
24 492 0 255 255 255 255
24 494 0 255 255 255 255
24 496 0 255 255 255 255
24 498 0 255 255 255 255
24 500 0 255 255 255 255
24 502 0 255 255 255 255
24 504 0 255 255 255 255
24 530 0 255 255 255 255
26 86 0 255 255 255 255
26 92 0 255 255 255 255
26 160 0 255 255 255 255
26 172 0 255 255 255 255
26 184 0 255 255 255 255
26 234 0 255 255 255 255
26 236 0 255 255 255 255
26 238 0 255 255 255 255
26 242 0 255 255 255 255
26 252 0 255 255 255 255
26 254 0 255 255 255 255
26 260 0 255 255 255 255
26 382 0 255 255 255 255
26 394 0 255 255 255 255
26 412 0 255 255 255 255
26 424 0 255 255 255 255
26 492 0 255 255 255 255
26 504 0 255 255 255 255
26 530 0 255 255 255 255
28 86 0 255 255 255 255
28 92 0 255 255 255 255
28 160 0 255 255 255 255
28 172 0 255 255 255 255
28 184 0 255 255 255 255
28 234 0 255 255 255 255
28 236 0 255 255 255 255
28 238 0 255 255 255 255
28 242 0 255 255 255 255
28 252 0 255 255 255 255
28 254 0 255 255 255 255
28 260 0 255 255 255 255
28 382 0 255 255 255 255
28 390 0 255 255 255 255
28 424 0 255 255 255 255
28 492 0 255 255 255 255
28 504 0 255 255 255 255
28 530 0 255 255 255 255
30 86 0 255 255 255 255
30 92 0 255 255 255 255
30 160 0 255 255 255 255
30 162 0 255 255 255 255
30 170 0 255 255 255 255
30 172 0 255 255 255 255
30 174 0 255 255 255 255
30 182 0 255 255 255 255
30 184 0 255 255 255 255
30 240 0 255 255 255 255
30 242 0 255 255 255 255
30 244 0 255 255 255 255
30 258 0 255 255 255 255
30 260 0 255 255 255 255
30 262 0 255 255 255 255
30 382 0 255 255 255 255
30 390 0 255 255 255 255
30 394 0 255 255 255 255
30 412 0 255 255 255 255
30 424 0 255 255 255 255
30 492 0 255 255 255 255
30 504 0 255 255 255 255
30 530 0 255 255 255 255
32 86 0 255 255 255 255
32 92 0 255 255 255 255
32 246 0 255 255 255 255
32 264 0 255 255 255 255
32 530 0 255 255 255 255
118 86 0 255 255 255 255
118 92 0 255 255 255 255
118 164 0 255 255 255 255
118 166 0 255 255 255 255
118 168 0 255 255 255 255
118 170 0 255 255 255 255
118 176 0 255 255 255 255
118 178 0 255 255 255 255
118 180 0 255 255 255 255
118 182 0 255 255 255 255
120 20 0 255 255 255 255
120 22 0 255 255 255 255
120 24 0 255 255 255 255
120 88 0 255 255 255 255
120 90 0 255 255 255 255
120 94 0 255 255 255 255
120 96 0 255 255 255 255
120 160 0 255 255 255 255
120 162 0 255 255 255 255
120 172 0 255 255 255 255
120 184 0 255 255 255 255
120 234 0 255 255 255 255
120 236 0 255 255 255 255
120 238 0 255 255 255 255
120 240 0 255 255 255 255
120 242 0 255 255 255 255
120 244 0 255 255 255 255
120 246 0 255 255 255 255
120 252 0 255 255 255 255
120 254 0 255 255 255 255
120 256 0 255 255 255 255
120 258 0 255 255 255 255
120 260 0 255 255 255 255
120 262 0 255 255 255 255
120 264 0 255 255 255 255
120 382 0 255 255 255 255
120 384 0 255 255 255 255
120 386 0 255 255 255 255
120 388 0 255 255 255 255
120 390 0 255 255 255 255
120 392 0 255 255 255 255
120 394 0 255 255 255 255
120 412 0 255 255 255 255
120 414 0 255 255 255 255
120 416 0 255 255 255 255
120 418 0 255 255 255 255
120 420 0 255 255 255 255
120 422 0 255 255 255 255
120 424 0 255 255 255 255
120 456 0 255 255 255 255
120 458 0 255 255 255 255
120 460 0 255 255 255 255
120 462 0 255 255 255 255
120 464 0 255 255 255 255
120 466 0 255 255 255 255
120 468 0 255 255 255 255
120 492 0 255 255 255 255
120 498 0 255 255 255 255
120 530 0 255 255 255 255
120 572 0 255 255 255 255
120 584 0 255 255 255 255
122 14 0 255 255 255 255
122 16 0 255 255 255 255
122 18 0 255 255 255 255
122 20 0 255 255 255 255
122 92 0 255 255 255 255
122 94 0 255 255 255 255
122 96 0 255 255 255 255
122 98 0 255 255 255 255
122 100 0 255 255 255 255
122 102 0 255 255 255 255
122 104 0 255 255 255 255
122 160 0 255 255 255 255
122 172 0 255 255 255 255
122 184 0 255 255 255 255
122 234 0 255 255 255 255
122 240 0 255 255 255 255
122 252 0 255 255 255 255
122 258 0 255 255 255 255
122 382 0 255 255 255 255
122 388 0 255 255 255 255
122 394 0 255 255 255 255
122 412 0 255 255 255 255
122 424 0 255 255 255 255
122 456 0 255 255 255 255
122 462 0 255 255 255 255
122 468 0 255 255 255 255
122 492 0 255 255 255 255
122 498 0 255 255 255 255
122 530 0 255 255 255 255
122 532 0 255 255 255 255
122 534 0 255 255 255 255
122 536 0 255 255 255 255
122 538 0 255 255 255 255
122 540 0 255 255 255 255
122 542 0 255 255 255 255
122 572 0 255 255 255 255
122 574 0 255 255 255 255
122 576 0 255 255 255 255
122 578 0 255 255 255 255
122 580 0 255 255 255 255
122 582 0 255 255 255 255
122 584 0 255 255 255 255
124 12 0 255 255 255 255
124 14 0 255 255 255 255
124 20 0 255 255 255 255
124 90 0 255 255 255 255
124 96 0 255 255 255 255
124 160 0 255 255 255 255
124 172 0 255 255 255 255
124 184 0 255 255 255 255
124 234 0 255 255 255 255
124 240 0 255 255 255 255
124 252 0 255 255 255 255
124 258 0 255 255 255 255
124 382 0 255 255 255 255
124 388 0 255 255 255 255
124 394 0 255 255 255 255
124 412 0 255 255 255 255
124 424 0 255 255 255 255
124 456 0 255 255 255 255
124 462 0 255 255 255 255
124 468 0 255 255 255 255
124 492 0 255 255 255 255
124 500 0 255 255 255 255
124 530 0 255 255 255 255
124 572 0 255 255 255 255
124 584 0 255 255 255 255
126 16 0 255 255 255 255
126 18 0 255 255 255 255
126 20 0 255 255 255 255
126 86 0 255 255 255 255
126 88 0 255 255 255 255
126 92 0 255 255 255 255
126 94 0 255 255 255 255
126 160 0 255 255 255 255
126 168 0 255 255 255 255
126 170 0 255 255 255 255
126 172 0 255 255 255 255
126 180 0 255 255 255 255
126 182 0 255 255 255 255
126 184 0 255 255 255 255
126 236 0 255 255 255 255
126 238 0 255 255 255 255
126 254 0 255 255 255 255
126 256 0 255 255 255 255
126 382 0 255 255 255 255
126 394 0 255 255 255 255
126 412 0 255 255 255 255
126 424 0 255 255 255 255
126 456 0 255 255 255 255
126 468 0 255 255 255 255
126 494 0 255 255 255 255
126 496 0 255 255 255 255
126 502 0 255 255 255 255
126 504 0 255 255 255 255
128 22 0 255 255 255 255
128 24 0 255 255 255 255
180 24 0 255 255 255 255
182 16 0 255 255 255 255
182 18 0 255 255 255 255
182 20 0 255 255 255 255
184 12 0 255 255 255 255
184 14 0 255 255 255 255
184 20 0 255 255 255 255
186 14 0 255 255 255 255
186 16 0 255 255 255 255
186 20 0 255 255 255 255
188 20 0 255 255 255 255
188 22 0 255 255 255 255
214 160 0 255 255 255 255
214 162 0 255 255 255 255
214 164 0 255 255 255 255
214 166 0 255 255 255 255
214 168 0 255 255 255 255
214 170 0 255 255 255 255
214 172 0 255 255 255 255
214 174 0 255 255 255 255
214 176 0 255 255 255 255
214 178 0 255 255 255 255
214 180 0 255 255 255 255
214 182 0 255 255 255 255
214 184 0 255 255 255 255
214 234 0 255 255 255 255
214 236 0 255 255 255 255
214 238 0 255 255 255 255
214 240 0 255 255 255 255
214 242 0 255 255 255 255
214 244 0 255 255 255 255
214 246 0 255 255 255 255
214 252 0 255 255 255 255
214 254 0 255 255 255 255
214 256 0 255 255 255 255
214 258 0 255 255 255 255
214 260 0 255 255 255 255
214 262 0 255 255 255 255
214 264 0 255 255 255 255
214 382 0 255 255 255 255
214 384 0 255 255 255 255
214 386 0 255 255 255 255
214 388 0 255 255 255 255
214 390 0 255 255 255 255
214 392 0 255 255 255 255
214 394 0 255 255 255 255
214 412 0 255 255 255 255
214 414 0 255 255 255 255
214 416 0 255 255 255 255
214 418 0 255 255 255 255
214 420 0 255 255 255 255
214 422 0 255 255 255 255
214 424 0 255 255 255 255
214 456 0 255 255 255 255
214 458 0 255 255 255 255
214 460 0 255 255 255 255
214 462 0 255 255 255 255
214 464 0 255 255 255 255
214 466 0 255 255 255 255
214 468 0 255 255 255 255
214 500 0 255 255 255 255
214 502 0 255 255 255 255
214 532 0 255 255 255 255
214 534 0 255 255 255 255
214 572 0 255 255 255 255
214 574 0 255 255 255 255
214 576 0 255 255 255 255
216 12 0 255 255 255 255
216 14 0 255 255 255 255
216 16 0 255 255 255 255
216 18 0 255 255 255 255
216 20 0 255 255 255 255
216 22 0 255 255 255 255
216 24 0 255 255 255 255
216 86 0 255 255 255 255
216 92 0 255 255 255 255
216 98 0 255 255 255 255
216 160 0 255 255 255 255
216 166 0 255 255 255 255
216 172 0 255 255 255 255
216 178 0 255 255 255 255
216 240 0 255 255 255 255
216 258 0 255 255 255 255
216 384 0 255 255 255 255
216 386 0 255 255 255 255
216 414 0 255 255 255 255
216 456 0 255 255 255 255
216 462 0 255 255 255 255
216 494 0 255 255 255 255
216 496 0 255 255 255 255
216 538 0 255 255 255 255
216 540 0 255 255 255 255
216 580 0 255 255 255 255
216 582 0 255 255 255 255
218 86 0 255 255 255 255
218 92 0 255 255 255 255
218 98 0 255 255 255 255
218 160 0 255 255 255 255
218 166 0 255 255 255 255
218 168 0 255 255 255 255
218 172 0 255 255 255 255
218 178 0 255 255 255 255
218 180 0 255 255 255 255
218 240 0 255 255 255 255
218 258 0 255 255 255 255
218 388 0 255 255 255 255
218 390 0 255 255 255 255
218 418 0 255 255 255 255
218 420 0 255 255 255 255
218 456 0 255 255 255 255
218 462 0 255 255 255 255
218 464 0 255 255 255 255
218 492 0 255 255 255 255
218 542 0 255 255 255 255
218 582 0 255 255 255 255
218 584 0 255 255 255 255
220 86 0 255 255 255 255
220 92 0 255 255 255 255
220 98 0 255 255 255 255
220 160 0 255 255 255 255
220 164 0 255 255 255 255
220 166 0 255 255 255 255
220 170 0 255 255 255 255
220 172 0 255 255 255 255
220 176 0 255 255 255 255
220 182 0 255 255 255 255
220 240 0 255 255 255 255
220 258 0 255 255 255 255
220 392 0 255 255 255 255
220 394 0 255 255 255 255
220 422 0 255 255 255 255
220 424 0 255 255 255 255
220 456 0 255 255 255 255
220 458 0 255 255 255 255
220 462 0 255 255 255 255
220 466 0 255 255 255 255
220 496 0 255 255 255 255
220 498 0 255 255 255 255
220 534 0 255 255 255 255
220 536 0 255 255 255 255
220 538 0 255 255 255 255
220 576 0 255 255 255 255
220 578 0 255 255 255 255
220 580 0 255 255 255 255
222 94 0 255 255 255 255
222 172 0 255 255 255 255
222 184 0 255 255 255 255
222 468 0 255 255 255 255
222 502 0 255 255 255 255
222 504 0 255 255 255 255
222 530 0 255 255 255 255
222 532 0 255 255 255 255
222 572 0 255 255 255 255
222 574 0 255 255 255 255
244 332 0 255 255 255 255
244 344 0 255 255 255 255
246 332 0 255 255 255 255
246 334 0 255 255 255 255
246 336 0 255 255 255 255
246 338 0 255 255 255 255
246 340 0 255 255 255 255
246 342 0 255 255 255 255
246 344 0 255 255 255 255
248 332 0 255 255 255 255
248 344 0 255 255 255 255
308 468 0 255 255 255 255
310 236 0 255 255 255 255
310 252 0 255 255 255 255
310 254 0 255 255 255 255
310 462 0 255 255 255 255
310 464 0 255 255 255 255
310 466 0 255 255 255 255
310 530 0 255 255 255 255
310 532 0 255 255 255 255
310 534 0 255 255 255 255
310 536 0 255 255 255 255
310 538 0 255 255 255 255
310 540 0 255 255 255 255
310 542 0 255 255 255 255
310 572 0 255 255 255 255
310 574 0 255 255 255 255
310 576 0 255 255 255 255
310 578 0 255 255 255 255
310 580 0 255 255 255 255
310 582 0 255 255 255 255
310 584 0 255 255 255 255
312 12 0 255 255 255 255
312 14 0 255 255 255 255
312 16 0 255 255 255 255
312 18 0 255 255 255 255
312 20 0 255 255 255 255
312 22 0 255 255 255 255
312 24 0 255 255 255 255
312 238 0 255 255 255 255
312 240 0 255 255 255 255
312 256 0 255 255 255 255
312 258 0 255 255 255 255
312 456 0 255 255 255 255
312 458 0 255 255 255 255
312 464 0 255 255 255 255
312 530 0 255 255 255 255
312 536 0 255 255 255 255
312 584 0 255 255 255 255
314 238 0 255 255 255 255
314 240 0 255 255 255 255
314 256 0 255 255 255 255
314 258 0 255 255 255 255
314 456 0 255 255 255 255
314 458 0 255 255 255 255
314 460 0 255 255 255 255
314 464 0 255 255 255 255
314 530 0 255 255 255 255
314 536 0 255 255 255 255
314 584 0 255 255 255 255
316 234 0 255 255 255 255
316 236 0 255 255 255 255
316 252 0 255 255 255 255
316 254 0 255 255 255 255
316 462 0 255 255 255 255
316 464 0 255 255 255 255
316 466 0 255 255 255 255
316 530 0 255 255 255 255
316 536 0 255 255 255 255
316 584 0 255 255 255 255
318 308 0 255 255 255 255
318 468 0 255 255 255 255
320 308 0 255 255 255 255
322 308 0 255 255 255 255
322 310 0 255 255 255 255
322 312 0 255 255 255 255
322 314 0 255 255 255 255
322 316 0 255 255 255 255
322 318 0 255 255 255 255
322 320 0 255 255 255 255
324 308 0 255 255 255 255
338 334 0 255 255 255 255
340 332 0 255 255 255 255
340 336 0 255 255 255 255
340 344 0 255 255 255 255
342 332 0 255 255 255 255
342 338 0 255 255 255 255
342 344 0 255 255 255 255
344 332 0 255 255 255 255
344 338 0 255 255 255 255
344 340 0 255 255 255 255
344 344 0 255 255 255 255
372 12 0 255 255 255 255
372 14 0 255 255 255 255
372 16 0 255 255 255 255
372 18 0 255 255 255 255
372 20 0 255 255 255 255
372 22 0 255 255 255 255
372 24 0 255 255 255 255
414 308 0 255 255 255 255
414 310 0 255 255 255 255
414 312 0 255 255 255 255
416 308 0 255 255 255 255
416 314 0 255 255 255 255
418 308 0 255 255 255 255
418 314 0 255 255 255 255
418 320 0 255 255 255 255
420 316 0 255 255 255 255
420 318 0 255 255 255 255
3 0 1 2
3 3 4 5
3 6 7 8
3 9 10 11
3 12 13 14
3 15 16 17
3 18 19 20
3 21 22 23
3 24 25 26
3 27 28 29
3 30 31 32
3 33 34 35
3 36 37 38
3 39 40 41
3 42 43 44
3 45 46 47
3 48 49 50
3 51 52 53
3 54 55 56
3 57 58 59
3 60 61 62
3 63 64 65
3 66 67 68
3 69 70 71
3 72 73 74
3 75 76 77
3 78 79 80
3 81 82 83
3 84 85 86
3 87 88 89
3 90 91 92
3 93 94 95
3 96 97 98
3 99 100 101
3 102 103 104
3 105 106 107
3 108 109 110
3 111 112 113
3 114 115 116
3 117 118 119
3 120 121 122
3 123 124 125
3 126 127 128
3 129 130 131
3 132 133 134
3 135 136 137
3 138 139 140
3 141 142 143
3 144 145 146
3 147 148 149
3 150 151 152
3 153 154 155
3 156 157 158
3 159 160 161
3 162 163 164
3 165 166 167
3 168 169 170
3 171 172 173
3 174 175 176
3 177 178 179
3 180 181 182
3 183 184 185
3 186 187 188
3 189 190 191
3 192 193 194
3 195 196 197
3 198 199 200
3 201 202 203
3 204 205 206
3 207 208 209
3 210 211 212
3 213 214 215
3 216 217 218
3 219 220 221
3 222 223 224
3 225 226 227
3 228 229 230
3 231 232 233
3 234 235 236
3 237 238 239
3 240 241 242
3 243 244 245
3 246 247 248
3 249 250 251
3 252 253 254
3 255 256 257
3 258 259 260
3 261 262 263
3 264 265 266
3 267 268 269
3 270 271 272
3 273 274 275
3 276 277 278
3 279 280 281
3 282 283 284
3 285 286 287
3 288 289 290
3 291 292 293
3 294 295 296
3 297 298 299
3 300 301 302
3 303 304 305
3 306 307 308
3 309 310 311
3 312 313 314
3 315 316 317
3 318 319 320
3 321 322 323
3 324 325 326
3 327 328 329
3 330 331 332
3 333 334 335
3 336 337 338
3 339 340 341
3 342 343 344
3 345 346 347
3 348 349 350
3 351 352 353
3 354 355 356
3 357 358 359
3 360 361 362
3 363 364 365
3 366 367 368
3 369 370 371
3 372 373 374
3 375 376 377
3 378 379 380
3 381 382 383
3 384 385 386
3 387 388 389
3 390 391 392
3 393 394 395
3 396 397 398
3 399 400 401
3 402 403 404
3 405 406 407
3 408 409 410
3 411 412 413
3 414 415 416
3 417 418 419
3 420 421 422
3 423 424 425
3 426 427 428
3 429 430 431
3 432 433 434
3 435 436 437
3 438 439 440
3 441 442 443
3 444 445 446
3 447 448 449
3 450 451 452
3 453 454 455
3 456 457 458
3 459 460 461
3 462 463 464
3 465 466 467
3 468 469 470
3 471 472 473
3 474 475 476
3 477 478 479
3 480 481 482
3 483 484 485
3 486 487 488
3 489 490 491
3 492 493 494
3 495 496 497
3 498 499 500
3 501 502 503
3 504 505 506
3 507 508 509
3 510 511 512
3 513 514 515
3 516 517 518
3 519 520 521
3 522 523 524
3 525 526 527
