ply
format ascii 1.0
element vertex 1532
property float x
property float y
property float z
property uchar red
property uchar green
property uchar blue
property uchar alpha
element face 510
property list uchar int vertex_indices
end_header
55.5 288.9 0 255 255 255 255
57.5 288.9 0 255 255 255 255
59.5 288.9 0 255 255 255 255
60.2 290.2 0 255 255 255 255
60.2 292.2 0 255 255 255 255
58.7 292.7 0 255 255 255 255
56.7 292.7 0 255 255 255 255
55.5 291.9 0 255 255 255 255
55.5 289.9 0 255 255 255 255
55.5 294.7 0 255 255 255 255
57.5 294.7 0 255 255 255 255
59.5 294.7 0 255 255 255 255
60.2 296 0 255 255 255 255
60.2 298 0 255 255 255 255
60.2 300 0 255 255 255 255
60.2 302 0 255 255 255 255
60.2 304 0 255 255 255 255
60.2 306 0 255 255 255 255
60.2 308 0 255 255 255 255
59.6 309.4 0 255 255 255 255
57.6 309.4 0 255 255 255 255
55.6 309.4 0 255 255 255 255
55.5 307.5 0 255 255 255 255
55.5 305.5 0 255 255 255 255
55.5 303.5 0 255 255 255 255
55.5 301.5 0 255 255 255 255
55.5 299.5 0 255 255 255 255
55.5 297.5 0 255 255 255 255
55.5 295.5 0 255 255 255 255
61.6 304.6 0 255 255 255 255
63.6 304.6 0 255 255 255 255
65.6 304.6 0 255 255 255 255
66.6059 306.054 0 255 255 255 255
68.4094 306.791 0 255 255 255 255
70.35 306.439 0 255 255 255 255
70.837 304.707 0 255 255 255 255
69.105 303.812 0 255 255 255 255
67.1343 303.473 0 255 255 255 255
65.1825 303.046 0 255 255 255 255
63.4026 302.16 0 255 255 255 255
62.26 300.555 0 255 255 255 255
62.0158 298.584 0 255 255 255 255
62.6058 296.695 0 255 255 255 255
64.0133 295.298 0 255 255 255 255
65.8429 294.511 0 255 255 255 255
67.8164 294.212 0 255 255 255 255
69.8125 294.291 0 255 255 255 255
71.7546 294.746 0 255 255 255 255
73.4612 295.765 0 255 255 255 255
74.576 297.401 0 255 255 255 255
74.4393 298.9 0 255 255 255 255
72.4393 298.9 0 255 255 255 255
70.5702 298.742 0 255 255 255 255
69.3045 297.336 0 255 255 255 255
67.3251 297.303 0 255 255 255 255
66.2121 298.732 0 255 255 255 255
67.8025 299.757 0 255 255 255 255
69.7705 300.111 0 255 255 255 255
71.7276 300.517 0 255 255 255 255
73.5466 301.327 0 255 255 255 255
74.8474 302.813 0 255 255 255 255
75.2892 304.747 0 255 255 255 255
74.9849 306.708 0 255 255 255 255
73.833 308.317 0 255 255 255 255
72.1151 309.319 0 255 255 255 255
70.1779 309.796 0 255 255 255 255
68.1827 309.889 0 255 255 255 255
66.2004 309.649 0 255 255 255 255
64.3269 308.967 0 255 255 255 255
62.7648 307.738 0 255 255 255 255
61.8194 305.993 0 255 255 255 255
56.7 334.5 0 255 255 255 255
56.7 332.5 0 255 255 255 255
56.7 330.5 0 255 255 255 255
56.7 328.5 0 255 255 255 255
56.6 326.6 0 255 255 255 255
54.7 326.5 0 255 255 255 255
54.7 324.5 0 255 255 255 255
55.9 323.7 0 255 255 255 255
56.7 322.5 0 255 255 255 255
56.7 320.5 0 255 255 255 255
57.2 319 0 255 255 255 255
59.2 319 0 255 255 255 255
61.2 319 0 255 255 255 255
61.3 320.9 0 255 255 255 255
61.3 322.9 0 255 255 255 255
62.5 323.7 0 255 255 255 255
64 324.2 0 255 255 255 255
64 326.2 0 255 255 255 255
62.4 326.6 0 255 255 255 255
61.3 327.5 0 255 255 255 255
61.3 329.5 0 255 255 255 255
61.3 331.5 0 255 255 255 255
61.3 333.5 0 255 255 255 255
62.4353 334.872 0 255 255 255 255
63.9 335.434 0 255 255 255 255
63.9 337.434 0 255 255 255 255
62.777 338.45 0 255 255 255 255
60.7784 338.486 0 255 255 255 255
58.8222 338.116 0 255 255 255 255
57.2842 336.895 0 255 255 255 255
56.7185 334.998 0 255 255 255 255
65.6 317.8 0 255 255 255 255
67.6 317.8 0 255 255 255 255
69.6 317.8 0 255 255 255 255
70.3 319.1 0 255 255 255 255
70.3 321.1 0 255 255 255 255
70.3 323.1 0 255 255 255 255
70.3 325.1 0 255 255 255 255
71.5084 324.251 0 255 255 255 255
73.2861 323.37 0 255 255 255 255
75.2725 323.218 0 255 255 255 255
77.1926 323.729 0 255 255 255 255
78.729 324.982 0 255 255 255 255
79.6207 326.758 0 255 255 255 255
79.8979 328.732 0 255 255 255 255
79.9 330.732 0 255 255 255 255
79.9 332.732 0 255 255 255 255
79.9 334.732 0 255 255 255 255
79.9 336.732 0 255 255 255 255
79.5679 338.4 0 255 255 255 255
77.5679 338.4 0 255 255 255 255
75.5679 338.4 0 255 255 255 255
75.2 336.768 0 255 255 255 255
75.2 334.768 0 255 255 255 255
75.2 332.768 0 255 255 255 255
75.2 330.768 0 255 255 255 255
75.0677 328.78 0 255 255 255 255
73.7928 327.345 0 255 255 255 255
71.8409 327.424 0 255 255 255 255
70.5456 328.878 0 255 255 255 255
70.3 330.849 0 255 255 255 255
70.3 332.849 0 255 255 255 255
70.3 334.849 0 255 255 255 255
70.3 336.849 0 255 255 255 255
69.8511 338.4 0 255 255 255 255
67.8511 338.4 0 255 255 255 255
65.8511 338.4 0 255 255 255 255
65.6 336.651 0 255 255 255 255
65.6 334.651 0 255 255 255 255
65.6 332.651 0 255 255 255 255
65.6 330.651 0 255 255 255 255
65.6 328.651 0 255 255 255 255
65.6 326.651 0 255 255 255 255
65.6 324.651 0 255 255 255 255
65.6 322.651 0 255 255 255 255
65.6 320.651 0 255 255 255 255
65.6 318.651 0 255 255 255 255
81.3 331 0 255 255 255 255
81.5221 329.016 0 255 255 255 255
82.209 327.143 0 255 255 255 255
83.359 325.515 0 255 255 255 255
84.9092 324.264 0 255 255 255 255
86.7438 323.485 0 255 255 255 255
88.7187 323.207 0 255 255 255 255
90.7054 323.387 0 255 255 255 255
92.5792 324.068 0 255 255 255 255
94.1754 325.26 0 255 255 255 255
95.3504 326.87 0 255 255 255 255
96.0752 328.729 0 255 255 255 255
96.4271 330.696 0 255 255 255 255
96.0067 332.2 0 255 255 255 255
94.0067 332.2 0 255 255 255 255
92.0067 332.2 0 255 255 255 255
90.0067 332.2 0 255 255 255 255
88.0067 332.2 0 255 255 255 255
86.0067 332.2 0 255 255 255 255
86.5063 333.98 0 255 255 255 255
88.0256 335.215 0 255 255 255 255
89.9987 335.312 0 255 255 255 255
91.507 334.106 0 255 255 255 255
93.3736 333.9 0 255 255 255 255
95.3736 333.9 0 255 255 255 255
95.8013 335.001 0 255 255 255 255
94.6369 336.616 0 255 255 255 255
93.0523 337.828 0 255 255 255 255
91.2003 338.564 0 255 255 255 255
89.2186 338.798 0 255 255 255 255
87.2319 338.608 0 255 255 255 255
85.3456 337.963 0 255 255 255 255
83.7009 336.838 0 255 255 255 255
82.4392 335.296 0 255 255 255 255
81.6453 333.466 0 255 255 255 255
81.318 331.499 0 255 255 255 255
91.7 329.4 0 255 255 255 255
91.0176 327.545 0 255 255 255 255
89.3501 326.535 0 255 255 255 255
87.4074 326.844 0 255 255 255 255
86.1716 328.361 0 255 255 255 255
86.8246 329.4 0 255 255 255 255
88.8246 329.4 0 255 255 255 255
90.8246 329.4 0 255 255 255 255
55.5 352.6 0 255 255 255 255
57.5 352.6 0 255 255 255 255
59.5 352.6 0 255 255 255 255
60 354.1 0 255 255 255 255
61.2244 353.268 0 255 255 255 255
63.0104 352.398 0 255 255 255 255
64.9931 352.218 0 255 255 255 255
66.9312 352.665 0 255 255 255 255
68.5891 353.764 0 255 255 255 255
69.7964 355.348 0 255 255 255 255
70.5386 357.199 0 255 255 255 255
70.8674 359.169 0 255 255 255 255
70.8409 361.166 0 255 255 255 255
70.4649 363.126 0 255 255 255 255
69.6597 364.95 0 255 255 255 255
68.36 366.457 0 255 255 255 255
66.6328 367.443 0 255 255 255 255
64.6728 367.793 0 255 255 255 255
62.6987 367.541 0 255 255 255 255
60.9818 366.547 0 255 255 255 255
60.2 366.687 0 255 255 255 255
60.2 368.687 0 255 255 255 255
60.2 370.687 0 255 255 255 255
59.7126 372.2 0 255 255 255 255
57.7126 372.2 0 255 255 255 255
55.7126 372.2 0 255 255 255 255
55.5 370.413 0 255 255 255 255
55.5 368.413 0 255 255 255 255
55.5 366.413 0 255 255 255 255
55.5 364.413 0 255 255 255 255
55.5 362.413 0 255 255 255 255
55.5 360.412 0 255 255 255 255
55.5 358.413 0 255 255 255 255
55.5 356.413 0 255 255 255 255
55.5 354.413 0 255 255 255 255
66.1 360.1 0 255 255 255 255
65.8554 358.122 0 255 255 255 255
64.824 356.448 0 255 255 255 255
62.9447 355.907 0 255 255 255 255
61.1536 356.683 0 255 255 255 255
60.2083 358.419 0 255 255 255 255
60.0074 360.401 0 255 255 255 255
60.4249 362.344 0 255 255 255 255
61.7555 363.784 0 255 255 255 255
63.7059 364.056 0 255 255 255 255
65.3443 363.006 0 255 255 255 255
66.0271 361.146 0 255 255 255 255
71.7 359.9 0 255 255 255 255
71.9292 357.917 0 255 255 255 255
72.6353 356.052 0 255 255 255 255
73.8078 354.44 0 255 255 255 255
75.3718 353.205 0 255 255 255 255
77.2068 352.427 0 255 255 255 255
79.177 352.116 0 255 255 255 255
81.1685 352.238 0 255 255 255 255
83.075 352.823 0 255 255 255 255
84.7588 353.889 0 255 255 255 255
86.0842 355.376 0 255 255 255 255
86.9616 357.166 0 255 255 255 255
87.3638 359.12 0 255 255 255 255
87.3144 361.115 0 255 255 255 255
86.8113 363.045 0 255 255 255 255
85.8336 364.783 0 255 255 255 255
84.4165 366.184 0 255 255 255 255
82.6703 367.145 0 255 255 255 255
80.7351 367.624 0 255 255 255 255
78.7397 367.658 0 255 255 255 255
76.785 367.258 0 255 255 255 255
74.9923 366.385 0 255 255 255 255
73.5032 365.061 0 255 255 255 255
72.4347 363.379 0 255 255 255 255
71.8429 361.475 0 255 255 255 255
82.7 359.9 0 255 255 255 255
82.4599 357.92 0 255 255 255 255
81.5234 356.179 0 255 255 255 255
79.7332 355.406 0 255 255 255 255
77.8731 355.999 0 255 255 255 255
76.8155 357.664 0 255 255 255 255
76.5058 359.633 0 255 255 255 255
76.6773 361.621 0 255 255 255 255
77.4977 363.424 0 255 255 255 255
79.2014 364.372 0 255 255 255 255
81.1133 363.96 0 255 255 255 255
82.2939 362.386 0 255 255 255 255
82.6832 360.433 0 255 255 255 255
89 352.6 0 255 255 255 255
91 352.6 0 255 255 255 255
93 352.6 0 255 255 255 255
93.5 354.1 0 255 255 255 255
94.2033 353.982 0 255 255 255 255
95.7468 352.744 0 255 255 255 255
97.7015 352.4 0 255 255 255 255
98.5 353.689 0 255 255 255 255
98.5 355.689 0 255 255 255 255
97.3142 356.439 0 255 255 255 255
95.4 356.938 0 255 255 255 255
94.1161 358.427 0 255 255 255 255
93.7099 360.373 0 255 255 255 255
93.7 362.373 0 255 255 255 255
93.7 364.373 0 255 255 255 255
93.7 366.373 0 255 255 255 255
92.6274 367.3 0 255 255 255 255
90.6274 367.3 0 255 255 255 255
89 366.927 0 255 255 255 255
89 364.927 0 255 255 255 255
89 362.927 0 255 255 255 255
89 360.927 0 255 255 255 255
89 358.927 0 255 255 255 255
89 356.927 0 255 255 255 255
89 354.927 0 255 255 255 255
89 352.927 0 255 255 255 255
101.5 363.4 0 255 255 255 255
101.5 361.4 0 255 255 255 255
101.5 359.4 0 255 255 255 255
101.5 357.4 0 255 255 255 255
101.4 355.5 0 255 255 255 255
99.5 355.4 0 255 255 255 255
99.5 353.4 0 255 255 255 255
100.7 352.6 0 255 255 255 255
101.5 351.4 0 255 255 255 255
101.5 349.4 0 255 255 255 255
102 347.9 0 255 255 255 255
104 347.9 0 255 255 255 255
106 347.9 0 255 255 255 255
106.1 349.8 0 255 255 255 255
106.1 351.8 0 255 255 255 255
107.3 352.6 0 255 255 255 255
108.8 353.1 0 255 255 255 255
108.8 355.1 0 255 255 255 255
107.2 355.5 0 255 255 255 255
106 356.3 0 255 255 255 255
106 358.3 0 255 255 255 255
106 360.3 0 255 255 255 255
106 362.3 0 255 255 255 255
107.036 363.757 0 255 255 255 255
108.6 364.234 0 255 255 255 255
108.6 366.234 0 255 255 255 255
107.577 367.342 0 255 255 255 255
105.578 367.392 0 255 255 255 255
103.617 367.048 0 255 255 255 255
102.077 365.834 0 255 255 255 255
101.521 363.933 0 255 255 255 255
110.4 352.6 0 255 255 255 255
112.4 352.6 0 255 255 255 255
114.4 352.6 0 255 255 255 255
114.9 354.1 0 255 255 255 255
115.603 353.982 0 255 255 255 255
117.147 352.744 0 255 255 255 255
119.101 352.4 0 255 255 255 255
119.9 353.689 0 255 255 255 255
119.9 355.689 0 255 255 255 255
118.714 356.439 0 255 255 255 255
116.8 356.938 0 255 255 255 255
115.516 358.427 0 255 255 255 255
115.11 360.373 0 255 255 255 255
115.1 362.373 0 255 255 255 255
115.1 364.373 0 255 255 255 255
115.1 366.373 0 255 255 255 255
114.027 367.3 0 255 255 255 255
112.027 367.3 0 255 255 255 255
110.4 366.927 0 255 255 255 255
110.4 364.927 0 255 255 255 255
110.4 362.927 0 255 255 255 255
110.4 360.927 0 255 255 255 255
110.4 358.927 0 255 255 255 255
110.4 356.927 0 255 255 255 255
110.4 354.927 0 255 255 255 255
110.4 352.927 0 255 255 255 255
120.3 363.2 0 255 255 255 255
120.72 361.264 0 255 255 255 255
122.05 359.804 0 255 255 255 255
123.875 359.006 0 255 255 255 255
125.834 358.61 0 255 255 255 255
127.814 358.334 0 255 255 255 255
129.52 357.443 0 255 255 255 255
128.902 355.702 0 255 255 255 255
126.955 355.451 0 255 255 255 255
125.411 356.578 0 255 255 255 255
123.954 357.3 0 255 255 255 255
121.954 357.3 0 255 255 255 255
121.022 356.363 0 255 255 255 255
121.838 354.553 0 255 255 255 255
123.318 353.228 0 255 255 255 255
125.164 352.479 0 255 255 255 255
127.142 352.213 0 255 255 255 255
129.139 352.277 0 255 255 255 255
131.087 352.709 0 255 255 255 255
132.801 353.717 0 255 255 255 255
133.915 355.355 0 255 255 255 255
134.294 357.309 0 255 255 255 255
134.3 359.309 0 255 255 255 255
134.3 361.309 0 255 255 255 255
134.3 363.309 0 255 255 255 255
134.303 365.309 0 255 255 255 255
134.8 367.18 0 255 255 255 255
132.92 367.3 0 255 255 255 255
130.92 367.3 0 255 255 255 255
129.851 366.003 0 255 255 255 255
128.566 366.809 0 255 255 255 255
126.731 367.566 0 255 255 255 255
124.741 367.66 0 255 255 255 255
122.809 367.175 0 255 255 255 255
121.219 365.994 0 255 255 255 255
120.395 364.196 0 255 255 255 255
129.8 362 0 255 255 255 255
129.618 360.284 0 255 255 255 255
127.716 360.898 0 255 255 255 255
125.814 361.505 0 255 255 255 255
124.803 363.078 0 255 255 255 255
125.968 364.505 0 255 255 255 255
127.949 364.482 0 255 255 255 255
129.487 363.292 0 255 255 255 255
136.5 346.7 0 255 255 255 255
138.5 346.7 0 255 255 255 255
140.5 346.7 0 255 255 255 255
141.2 348 0 255 255 255 255
141.2 350 0 255 255 255 255
139.7 350.5 0 255 255 255 255
137.7 350.5 0 255 255 255 255
136.5 349.7 0 255 255 255 255
136.5 347.7 0 255 255 255 255
136.5 352.6 0 255 255 255 255
138.5 352.6 0 255 255 255 255
140.5 352.6 0 255 255 255 255
141.2 353.9 0 255 255 255 255
141.2 355.9 0 255 255 255 255
141.2 357.9 0 255 255 255 255
141.2 359.9 0 255 255 255 255
141.2 361.9 0 255 255 255 255
141.2 363.9 0 255 255 255 255
141.2 365.9 0 255 255 255 255
140.6 367.3 0 255 255 255 255
138.6 367.3 0 255 255 255 255
136.6 367.3 0 255 255 255 255
136.5 365.4 0 255 255 255 255
136.5 363.4 0 255 255 255 255
136.5 361.4 0 255 255 255 255
136.5 359.4 0 255 255 255 255
136.5 357.4 0 255 255 255 255
136.5 355.4 0 255 255 255 255
136.5 353.4 0 255 255 255 255
144.6 363.4 0 255 255 255 255
144.6 361.4 0 255 255 255 255
144.6 359.4 0 255 255 255 255
144.6 357.4 0 255 255 255 255
144.5 355.5 0 255 255 255 255
142.6 355.4 0 255 255 255 255
142.6 353.4 0 255 255 255 255
143.8 352.6 0 255 255 255 255
144.6 351.4 0 255 255 255 255
144.6 349.4 0 255 255 255 255
145.1 347.9 0 255 255 255 255
147.1 347.9 0 255 255 255 255
149.1 347.9 0 255 255 255 255
149.2 349.8 0 255 255 255 255
149.2 351.8 0 255 255 255 255
150.4 352.6 0 255 255 255 255
151.9 353.1 0 255 255 255 255
151.9 355.1 0 255 255 255 255
150.3 355.5 0 255 255 255 255
149.2 356.4 0 255 255 255 255
149.2 358.4 0 255 255 255 255
149.2 360.4 0 255 255 255 255
149.2 362.4 0 255 255 255 255
150.335 363.772 0 255 255 255 255
151.8 364.334 0 255 255 255 255
151.8 366.334 0 255 255 255 255
150.677 367.35 0 255 255 255 255
148.678 367.388 0 255 255 255 255
146.718 367.038 0 255 255 255 255
145.175 365.826 0 255 255 255 255
144.62 363.926 0 255 255 255 255
54.9 388.9 0 255 255 255 255
55.1292 386.917 0 255 255 255 255
55.8353 385.052 0 255 255 255 255
57.0078 383.44 0 255 255 255 255
58.5718 382.205 0 255 255 255 255
60.4068 381.427 0 255 255 255 255
62.377 381.116 0 255 255 255 255
64.3686 381.238 0 255 255 255 255
66.275 381.823 0 255 255 255 255
67.9588 382.889 0 255 255 255 255
69.2842 384.376 0 255 255 255 255
70.1616 386.166 0 255 255 255 255
70.5638 388.12 0 255 255 255 255
70.5144 390.115 0 255 255 255 255
70.0113 392.045 0 255 255 255 255
69.0336 393.783 0 255 255 255 255
67.6165 395.184 0 255 255 255 255
65.8703 396.145 0 255 255 255 255
63.9351 396.624 0 255 255 255 255
61.9397 396.659 0 255 255 255 255
59.9841 396.261 0 255 255 255 255
58.1912 395.389 0 255 255 255 255
56.704 394.062 0 255 255 255 255
55.6374 392.379 0 255 255 255 255
55.0443 390.475 0 255 255 255 255
65.8 388.9 0 255 255 255 255
65.5599 386.92 0 255 255 255 255
64.6234 385.179 0 255 255 255 255
62.8332 384.406 0 255 255 255 255
60.9731 384.999 0 255 255 255 255
59.9155 386.664 0 255 255 255 255
59.6058 388.633 0 255 255 255 255
59.7773 390.621 0 255 255 255 255
60.5977 392.424 0 255 255 255 255
62.3014 393.372 0 255 255 255 255
64.2057 392.921 0 255 255 255 255
65.3966 391.355 0 255 255 255 255
65.7852 389.402 0 255 255 255 255
73 384.5 0 255 255 255 255
71.1 384.4 0 255 255 255 255
71.1 382.4 0 255 255 255 255
72.2 381.5 0 255 255 255 255
73.0014 380.3 0 255 255 255 255
73.3366 378.339 0 255 255 255 255
74.5065 376.751 0 255 255 255 255
76.3215 375.941 0 255 255 255 255
78.2985 375.662 0 255 255 255 255
80.2969 375.693 0 255 255 255 255
80.4 377.597 0 255 255 255 255
79.8037 378.98 0 255 255 255 255
77.9415 379.512 0 255 255 255 255
77.637 381.4 0 255 255 255 255
79.637 381.4 0 255 255 255 255
80.4 382.637 0 255 255 255 255
80.163 384.4 0 255 255 255 255
78.163 384.4 0 255 255 255 255
77.6 385.837 0 255 255 255 255
77.6 387.837 0 255 255 255 255
77.6 389.837 0 255 255 255 255
77.6 391.837 0 255 255 255 255
77.6 393.837 0 255 255 255 255
77.6 395.837 0 255 255 255 255
75.863 396.1 0 255 255 255 255
73.863 396.1 0 255 255 255 255
73 394.963 0 255 255 255 255
73 392.963 0 255 255 255 255
73 390.963 0 255 255 255 255
73 388.963 0 255 255 255 255
73 386.963 0 255 255 255 255
73 384.963 0 255 255 255 255
85.6 392.1 0 255 255 255 255
86.0203 390.164 0 255 255 255 255
87.3501 388.704 0 255 255 255 255
89.1754 387.906 0 255 255 255 255
91.1338 387.51 0 255 255 255 255
93.1142 387.234 0 255 255 255 255
94.8198 386.343 0 255 255 255 255
94.2019 384.602 0 255 255 255 255
92.2554 384.351 0 255 255 255 255
90.7109 385.478 0 255 255 255 255
89.2539 386.2 0 255 255 255 255
87.2539 386.2 0 255 255 255 255
86.3222 385.263 0 255 255 255 255
87.138 383.453 0 255 255 255 255
88.6182 382.128 0 255 255 255 255
90.464 381.379 0 255 255 255 255
92.4423 381.113 0 255 255 255 255
94.4394 381.177 0 255 255 255 255
96.3871 381.609 0 255 255 255 255
98.1011 382.617 0 255 255 255 255
99.2154 384.255 0 255 255 255 255
99.5945 386.209 0 255 255 255 255
99.6 388.209 0 255 255 255 255
99.6 390.209 0 255 255 255 255
99.6 392.209 0 255 255 255 255
99.6028 394.209 0 255 255 255 255
100.1 396.08 0 255 255 255 255
98.2197 396.2 0 255 255 255 255
96.2198 396.2 0 255 255 255 255
95.1507 394.903 0 255 255 255 255
93.866 395.709 0 255 255 255 255
92.0308 396.466 0 255 255 255 255
90.0401 396.577 0 255 255 255 255
88.1039 396.117 0 255 255 255 255
86.5216 394.926 0 255 255 255 255
85.7001 393.126 0 255 255 255 255
95.1 391 0 255 255 255 255
94.9184 389.284 0 255 255 255 255
93.0162 389.898 0 255 255 255 255
91.1143 390.505 0 255 255 255 255
90.1031 392.078 0 255 255 255 255
91.2681 393.505 0 255 255 255 255
93.2432 393.43 0 255 255 255 255
94.7845 392.233 0 255 255 255 255
56.7 421.3 0 255 255 255 255
56.7 419.3 0 255 255 255 255
56.7 417.3 0 255 255 255 255
56.7 415.3 0 255 255 255 255
56.6 413.4 0 255 255 255 255
54.7 413.3 0 255 255 255 255
54.7 411.3 0 255 255 255 255
55.9 410.5 0 255 255 255 255
56.7 409.3 0 255 255 255 255
56.7 407.3 0 255 255 255 255
57.2 405.8 0 255 255 255 255
59.2 405.8 0 255 255 255 255
61.2 405.8 0 255 255 255 255
61.3 407.7 0 255 255 255 255
61.3 409.7 0 255 255 255 255
62.5 410.5 0 255 255 255 255
64 411 0 255 255 255 255
64 413 0 255 255 255 255
62.4 413.4 0 255 255 255 255
61.3 414.3 0 255 255 255 255
61.3 416.3 0 255 255 255 255
61.3 418.3 0 255 255 255 255
61.3 420.3 0 255 255 255 255
62.4353 421.672 0 255 255 255 255
63.9 422.234 0 255 255 255 255
63.9 424.234 0 255 255 255 255
62.777 425.25 0 255 255 255 255
60.7784 425.286 0 255 255 255 255
58.8222 424.916 0 255 255 255 255
57.2842 423.695 0 255 255 255 255
56.7185 421.798 0 255 255 255 255
65.6 404.6 0 255 255 255 255
67.6 404.6 0 255 255 255 255
69.6 404.6 0 255 255 255 255
70.3 405.9 0 255 255 255 255
70.3 407.9 0 255 255 255 255
68.8 408.4 0 255 255 255 255
66.8 408.4 0 255 255 255 255
65.6 407.6 0 255 255 255 255
65.6 405.6 0 255 255 255 255
65.6 410.4 0 255 255 255 255
67.6 410.4 0 255 255 255 255
69.6 410.4 0 255 255 255 255
70.3 411.7 0 255 255 255 255
70.3 413.7 0 255 255 255 255
70.3 415.7 0 255 255 255 255
70.3 417.7 0 255 255 255 255
70.3 419.7 0 255 255 255 255
70.3 421.7 0 255 255 255 255
70.3 423.7 0 255 255 255 255
69.7 425.1 0 255 255 255 255
67.7 425.1 0 255 255 255 255
65.7 425.1 0 255 255 255 255
65.6 423.2 0 255 255 255 255
65.6 421.2 0 255 255 255 255
65.6 419.2 0 255 255 255 255
65.6 417.2 0 255 255 255 255
65.6 415.2 0 255 255 255 255
65.6 413.2 0 255 255 255 255
65.6 411.2 0 255 255 255 255
72.5 410.4 0 255 255 255 255
74.5 410.4 0 255 255 255 255
76.5 410.4 0 255 255 255 255
77 411.9 0 255 255 255 255
77.8844 411.467 0 255 255 255 255
79.5326 410.362 0 255 255 255 255
81.4888 410.003 0 255 255 255 255
83.4421 410.357 0 255 255 255 255
85.038 411.529 0 255 255 255 255
86.1577 412.073 0 255 255 255 255
87.6223 410.729 0 255 255 255 255
89.4946 410.065 0 255 255 255 255
91.4859 410.095 0 255 255 255 255
93.328 410.831 0 255 255 255 255
94.6466 412.31 0 255 255 255 255
95.2847 414.195 0 255 255 255 255
95.4 416.188 0 255 255 255 255
95.4 418.188 0 255 255 255 255
95.4 420.188 0 255 255 255 255
95.4 422.188 0 255 255 255 255
95.4 424.188 0 255 255 255 255
94.4117 425.2 0 255 255 255 255
92.4117 425.2 0 255 255 255 255
90.7 424.912 0 255 255 255 255
90.7 422.912 0 255 255 255 255
90.7 420.912 0 255 255 255 255
90.7 418.912 0 255 255 255 255
90.7 416.912 0 255 255 255 255
90.3791 414.961 0 255 255 255 255
88.7352 414.005 0 255 255 255 255
86.9563 414.737 0 255 255 255 255
86.3156 416.599 0 255 255 255 255
86.3 418.599 0 255 255 255 255
86.3 420.599 0 255 255 255 255
86.3 422.599 0 255 255 255 255
86.3 424.599 0 255 255 255 255
84.9015 425.2 0 255 255 255 255
82.9014 425.2 0 255 255 255 255
81.6 424.501 0 255 255 255 255
81.6 422.501 0 255 255 255 255
81.6 420.502 0 255 255 255 255
81.6 418.501 0 255 255 255 255
81.6 416.501 0 255 255 255 255
81.0492 414.622 0 255 255 255 255
79.2256 414.016 0 255 255 255 255
77.6264 415.076 0 255 255 255 255
77.2 417.009 0 255 255 255 255
77.2 419.009 0 255 255 255 255
77.2 421.009 0 255 255 255 255
77.2 423.009 0 255 255 255 255
77.2 425.009 0 255 255 255 255
75.3912 425.2 0 255 255 255 255
73.3912 425.2 0 255 255 255 255
72.5 424.091 0 255 255 255 255
72.5 422.091 0 255 255 255 255
72.5 420.091 0 255 255 255 255
72.5 418.091 0 255 255 255 255
72.5 416.091 0 255 255 255 255
72.5 414.091 0 255 255 255 255
72.5 412.091 0 255 255 255 255
96.8 417.8 0 255 255 255 255
97.0221 415.816 0 255 255 255 255
97.709 413.944 0 255 255 255 255
98.859 412.315 0 255 255 255 255
100.409 411.064 0 255 255 255 255
102.244 410.285 0 255 255 255 255
104.219 410.007 0 255 255 255 255
106.205 410.187 0 255 255 255 255
108.079 410.868 0 255 255 255 255
109.675 412.06 0 255 255 255 255
110.85 413.67 0 255 255 255 255
111.575 415.529 0 255 255 255 255
111.927 417.496 0 255 255 255 255
111.507 419 0 255 255 255 255
109.507 419 0 255 255 255 255
107.507 419 0 255 255 255 255
105.507 419 0 255 255 255 255
103.507 419 0 255 255 255 255
101.507 419 0 255 255 255 255
102.006 420.78 0 255 255 255 255
103.526 422.015 0 255 255 255 255
105.499 422.112 0 255 255 255 255
107.007 420.906 0 255 255 255 255
108.874 420.7 0 255 255 255 255
110.874 420.7 0 255 255 255 255
111.301 421.801 0 255 255 255 255
110.137 423.416 0 255 255 255 255
108.552 424.628 0 255 255 255 255
106.7 425.364 0 255 255 255 255
104.719 425.598 0 255 255 255 255
102.732 425.408 0 255 255 255 255
100.846 424.763 0 255 255 255 255
99.2009 423.638 0 255 255 255 255
97.9391 422.096 0 255 255 255 255
97.1453 420.266 0 255 255 255 255
96.818 418.299 0 255 255 255 255
107.2 416.2 0 255 255 255 255
106.518 414.345 0 255 255 255 255
104.85 413.335 0 255 255 255 255
102.907 413.644 0 255 255 255 255
101.672 415.161 0 255 255 255 255
102.325 416.2 0 255 255 255 255
104.325 416.2 0 255 255 255 255
106.325 416.2 0 255 255 255 255
113.2 420.3 0 255 255 255 255
115.2 420.3 0 255 255 255 255
117.2 420.3 0 255 255 255 255
118.1 421.4 0 255 255 255 255
118.1 423.4 0 255 255 255 255
117.8 425.1 0 255 255 255 255
115.8 425.1 0 255 255 255 255
113.8 425.1 0 255 255 255 255
113.2 423.7 0 255 255 255 255
113.2 421.7 0 255 255 255 255
79.5 78.2 0 255 255 255 255
77.5 78.2 0 255 255 255 255
75.5 78.2 0 255 255 255 255
73.5 78.2 0 255 255 255 255
71.5 78.2 0 255 255 255 255
69.5 78.2 0 255 255 255 255
67.5 78.2 0 255 255 255 255
65.5 78.2 0 255 255 255 255
63.5 78.2 0 255 255 255 255
61.5 78.2 0 255 255 255 255
59.5 78.2 0 255 255 255 255
57.5 78.2 0 255 255 255 255
55.5 78.2 0 255 255 255 255
53.5 78.2 0 255 255 255 255
51.6 78.1 0 255 255 255 255
51.6 76.1 0 255 255 255 255
51.6 74.1 0 255 255 255 255
51.6 72.1 0 255 255 255 255
51.6 70.1 0 255 255 255 255
51.6 68.1 0 255 255 255 255
51.6 66.1 0 255 255 255 255
51.6 64.1 0 255 255 255 255
51.6 62.1 0 255 255 255 255
51.6 60.1 0 255 255 255 255
51.6 58.1 0 255 255 255 255
53.6 58.1 0 255 255 255 255
55.6 58.1 0 255 255 255 255
57.6 58.1 0 255 255 255 255
59.6 58.1 0 255 255 255 255
61.6 58.1 0 255 255 255 255
63.6 58.1 0 255 255 255 255
65.6 58.1 0 255 255 255 255
67.6 58.1 0 255 255 255 255
69.6 58.1 0 255 255 255 255
71.6 58.1 0 255 255 255 255
73.6 58.1 0 255 255 255 255
75.6 58.1 0 255 255 255 255
77.6 58.1 0 255 255 255 255
79.6 58.1 0 255 255 255 255
81.6 58.1 0 255 255 255 255
83.6 58.1 0 255 255 255 255
85.6 58.1 0 255 255 255 255
87.6 58.1 0 255 255 255 255
89.6 58.1 0 255 255 255 255
91.6 58.1 0 255 255 255 255
93.6 58.1 0 255 255 255 255
95.6 58.1 0 255 255 255 255
97.6 58.1 0 255 255 255 255
99.6 58.1 0 255 255 255 255
101.6 58.1 0 255 255 255 255
103.6 58.1 0 255 255 255 255
105.6 58.1 0 255 255 255 255
107.6 58.1 0 255 255 255 255
109.6 58.1 0 255 255 255 255
111.6 58.1 0 255 255 255 255
113.6 58.1 0 255 255 255 255
115.6 58.1 0 255 255 255 255
117.6 58.1 0 255 255 255 255
119.6 58.1 0 255 255 255 255
121.6 58.1 0 255 255 255 255
123.6 58.1 0 255 255 255 255
125.6 58.1 0 255 255 255 255
127.6 58.1 0 255 255 255 255
129.6 58.1 0 255 255 255 255
131.5 58.2 0 255 255 255 255
131.5 60.2 0 255 255 255 255
131.5 62.2 0 255 255 255 255
131.5 64.2 0 255 255 255 255
131.5 66.2 0 255 255 255 255
131.5 68.2 0 255 255 255 255
131.5 70.2 0 255 255 255 255
131.5 72.2 0 255 255 255 255
131.5 74.2 0 255 255 255 255
131.5 76.2 0 255 255 255 255
131.5 78.2 0 255 255 255 255
129.5 78.2 0 255 255 255 255
127.5 78.2 0 255 255 255 255
125.5 78.2 0 255 255 255 255
123.5 78.2 0 255 255 255 255
121.5 78.2 0 255 255 255 255
119.5 78.2 0 255 255 255 255
117.5 78.2 0 255 255 255 255
115.5 78.2 0 255 255 255 255
113.5 78.2 0 255 255 255 255
111.5 78.2 0 255 255 255 255
109.5 78.2 0 255 255 255 255
107.5 78.2 0 255 255 255 255
105.5 78.2 0 255 255 255 255
103.5 78.2 0 255 255 255 255
103.3 80 0 255 255 255 255
103.3 82 0 255 255 255 255
103.3 84 0 255 255 255 255
103.3 86 0 255 255 255 255
103.3 88 0 255 255 255 255
103.3 90 0 255 255 255 255
103.3 92 0 255 255 255 255
103.3 94 0 255 255 255 255
103.3 96 0 255 255 255 255
103.3 98 0 255 255 255 255
103.3 100 0 255 255 255 255
103.3 102 0 255 255 255 255
103.3 104 0 255 255 255 255
103.3 106 0 255 255 255 255
103.3 108 0 255 255 255 255
103.3 110 0 255 255 255 255
103.3 112 0 255 255 255 255
103.3 114 0 255 255 255 255
103.3 116 0 255 255 255 255
103.3 118 0 255 255 255 255
103.3 120 0 255 255 255 255
103.3 122 0 255 255 255 255
103.3 124 0 255 255 255 255
103.3 126 0 255 255 255 255
103.3 128 0 255 255 255 255
103.3 130 0 255 255 255 255
103.3 132 0 255 255 255 255
103.3 134 0 255 255 255 255
103.3 136 0 255 255 255 255
103.3 138 0 255 255 255 255
103.3 140 0 255 255 255 255
103.3 142 0 255 255 255 255
103.3 144 0 255 255 255 255
103.3 146 0 255 255 255 255
103.3 148 0 255 255 255 255
103.3 150 0 255 255 255 255
103.3 152 0 255 255 255 255
103.3 154 0 255 255 255 255
101.4 154.1 0 255 255 255 255
99.4 154.1 0 255 255 255 255
97.4 154.1 0 255 255 255 255
95.4 154.1 0 255 255 255 255
93.4 154.1 0 255 255 255 255
91.4 154.1 0 255 255 255 255
89.4 154.1 0 255 255 255 255
87.4 154.1 0 255 255 255 255
85.4 154.1 0 255 255 255 255
83.4 154.1 0 255 255 255 255
81.4 154.1 0 255 255 255 255
79.5 154 0 255 255 255 255
79.5 152 0 255 255 255 255
79.5 150 0 255 255 255 255
79.5 148 0 255 255 255 255
79.5 146 0 255 255 255 255
79.5 144 0 255 255 255 255
79.5 142 0 255 255 255 255
79.5 140 0 255 255 255 255
79.5 138 0 255 255 255 255
79.5 136 0 255 255 255 255
79.5 134 0 255 255 255 255
79.5 132 0 255 255 255 255
79.5 130 0 255 255 255 255
79.5 128 0 255 255 255 255
79.5 126 0 255 255 255 255
79.5 124 0 255 255 255 255
79.5 122 0 255 255 255 255
79.5 120 0 255 255 255 255
79.5 118 0 255 255 255 255
79.5 116 0 255 255 255 255
79.5 114 0 255 255 255 255
79.5 112 0 255 255 255 255
79.5 110 0 255 255 255 255
79.5 108 0 255 255 255 255
79.5 106 0 255 255 255 255
79.5 104 0 255 255 255 255
79.5 102 0 255 255 255 255
79.5 100 0 255 255 255 255
79.5 98 0 255 255 255 255
79.5 96 0 255 255 255 255
79.5 94 0 255 255 255 255
79.5 92.0001 0 255 255 255 255
79.5 90.0001 0 255 255 255 255
79.5 88.0001 0 255 255 255 255
79.5 86 0 255 255 255 255
79.5 84 0 255 255 255 255
79.5 82 0 255 255 255 255
79.5 80 0 255 255 255 255
129.2 159.7 0 255 255 255 255
131.2 159.7 0 255 255 255 255
133.2 159.7 0 255 255 255 255
135.2 159.7 0 255 255 255 255
137.2 159.689 0 255 255 255 255
139.193 159.54 0 255 255 255 255
141.145 159.117 0 255 255 255 255
142.958 158.29 0 255 255 255 255
144.424 156.946 0 255 255 255 255
145.329 155.174 0 255 255 255 255
145.678 153.21 0 255 255 255 255
145.624 151.213 0 255 255 255 255
145.291 149.242 0 255 255 255 255
144.786 147.307 0 255 255 255 255
144.182 145.401 0 255 255 255 255
143.518 143.514 0 255 255 255 255
142.817 141.641 0 255 255 255 255
142.09 139.778 0 255 255 255 255
141.354 137.919 0 255 255 255 255
140.637 136.051 0 255 255 255 255
139.921 134.184 0 255 255 255 255
139.204 132.317 0 255 255 255 255
138.488 130.45 0 255 255 255 255
137.771 128.582 0 255 255 255 255
137.054 126.715 0 255 255 255 255
136.338 124.848 0 255 255 255 255
135.621 122.981 0 255 255 255 255
134.905 121.114 0 255 255 255 255
134.188 119.246 0 255 255 255 255
133.472 117.379 0 255 255 255 255
132.755 115.512 0 255 255 255 255
132.039 113.645 0 255 255 255 255
131.322 111.777 0 255 255 255 255
130.606 109.91 0 255 255 255 255
129.889 108.043 0 255 255 255 255
129.173 106.176 0 255 255 255 255
128.456 104.308 0 255 255 255 255
127.739 102.441 0 255 255 255 255
127.023 100.574 0 255 255 255 255
126.306 98.7067 0 255 255 255 255
125.59 96.8395 0 255 255 255 255
124.873 94.9723 0 255 255 255 255
124.157 93.105 0 255 255 255 255
123.44 91.2378 0 255 255 255 255
122.724 89.3706 0 255 255 255 255
122.007 87.5033 0 255 255 255 255
121.291 85.6361 0 255 255 255 255
122.947 85.4 0 255 255 255 255
124.947 85.4 0 255 255 255 255
126.947 85.4 0 255 255 255 255
128.947 85.4 0 255 255 255 255
130.947 85.4 0 255 255 255 255
132.947 85.4 0 255 255 255 255
134.947 85.4 0 255 255 255 255
136.947 85.4 0 255 255 255 255
138.947 85.4 0 255 255 255 255
140.947 85.4 0 255 255 255 255
142.947 85.4 0 255 255 255 255
144.496 86.0169 0 255 255 255 255
145.101 87.9231 0 255 255 255 255
145.706 89.8295 0 255 255 255 255
146.311 91.7357 0 255 255 255 255
146.916 93.642 0 255 255 255 255
147.521 95.5482 0 255 255 255 255
148.126 97.4546 0 255 255 255 255
148.731 99.3608 0 255 255 255 255
149.336 101.267 0 255 255 255 255
149.941 103.173 0 255 255 255 255
150.546 105.08 0 255 255 255 255
151.152 106.986 0 255 255 255 255
151.757 108.892 0 255 255 255 255
152.362 110.799 0 255 255 255 255
152.967 112.705 0 255 255 255 255
153.572 114.611 0 255 255 255 255
154.156 116.524 0 255 255 255 255
154.718 118.443 0 255 255 255 255
155.261 120.368 0 255 255 255 255
155.79 122.297 0 255 255 255 255
156.305 124.229 0 255 255 255 255
156.81 126.165 0 255 255 255 255
157.305 128.102 0 255 255 255 255
157.788 130.043 0 255 255 255 255
158.459 129.298 0 255 255 255 255
158.894 127.346 0 255 255 255 255
159.345 125.398 0 255 255 255 255
159.812 123.453 0 255 255 255 255
160.296 121.512 0 255 255 255 255
160.801 119.577 0 255 255 255 255
161.329 117.648 0 255 255 255 255
161.885 115.727 0 255 255 255 255
162.472 113.815 0 255 255 255 255
163.059 111.903 0 255 255 255 255
163.646 109.991 0 255 255 255 255
164.234 108.079 0 255 255 255 255
164.821 106.167 0 255 255 255 255
165.408 104.256 0 255 255 255 255
165.995 102.344 0 255 255 255 255
166.583 100.432 0 255 255 255 255
167.17 98.5201 0 255 255 255 255
167.757 96.6084 0 255 255 255 255
168.344 94.6964 0 255 255 255 255
168.932 92.7847 0 255 255 255 255
169.519 90.8727 0 255 255 255 255
170.106 88.961 0 255 255 255 255
170.693 87.0491 0 255 255 255 255
171.475 85.4 0 255 255 255 255
173.475 85.4 0 255 255 255 255
175.475 85.4 0 255 255 255 255
177.475 85.4 0 255 255 255 255
179.475 85.4 0 255 255 255 255
181.475 85.4 0 255 255 255 255
183.475 85.4 0 255 255 255 255
185.475 85.4 0 255 255 255 255
187.475 85.4 0 255 255 255 255
189.475 85.4 0 255 255 255 255
191.475 85.4 0 255 255 255 255
192.979 85.7547 0 255 255 255 255
192.332 87.6472 0 255 255 255 255
191.684 89.5397 0 255 255 255 255
191.037 91.4317 0 255 255 255 255
190.39 93.3242 0 255 255 255 255
189.743 95.2167 0 255 255 255 255
189.096 97.1092 0 255 255 255 255
188.449 99.0017 0 255 255 255 255
187.802 100.894 0 255 255 255 255
187.155 102.786 0 255 255 255 255
186.508 104.679 0 255 255 255 255
185.86 106.571 0 255 255 255 255
185.213 108.464 0 255 255 255 255
184.566 110.356 0 255 255 255 255
183.919 112.249 0 255 255 255 255
183.272 114.141 0 255 255 255 255
182.625 116.033 0 255 255 255 255
181.978 117.926 0 255 255 255 255
181.331 119.818 0 255 255 255 255
180.683 121.711 0 255 255 255 255
180.036 123.603 0 255 255 255 255
179.389 125.495 0 255 255 255 255
178.742 127.388 0 255 255 255 255
178.095 129.28 0 255 255 255 255
177.448 131.173 0 255 255 255 255
176.801 133.065 0 255 255 255 255
176.154 134.958 0 255 255 255 255
175.507 136.85 0 255 255 255 255
174.859 138.742 0 255 255 255 255
174.212 140.635 0 255 255 255 255
173.565 142.527 0 255 255 255 255
172.918 144.42 0 255 255 255 255
172.271 146.312 0 255 255 255 255
171.624 148.204 0 255 255 255 255
170.977 150.097 0 255 255 255 255
170.33 151.989 0 255 255 255 255
169.682 153.882 0 255 255 255 255
169.024 155.77 0 255 255 255 255
168.344 157.651 0 255 255 255 255
167.61 159.511 0 255 255 255 255
166.814 161.346 0 255 255 255 255
165.952 163.15 0 255 255 255 255
165.011 164.914 0 255 255 255 255
163.977 166.625 0 255 255 255 255
162.834 168.265 0 255 255 255 255
161.571 169.815 0 255 255 255 255
160.179 171.249 0 255 255 255 255
158.643 172.528 0 255 255 255 255
156.977 173.631 0 255 255 255 255
155.204 174.552 0 255 255 255 255
153.346 175.29 0 255 255 255 255
151.428 175.852 0 255 255 255 255
149.469 176.253 0 255 255 255 255
147.486 176.511 0 255 255 255 255
145.491 176.653 0 255 255 255 255
143.492 176.698 0 255 255 255 255
141.492 176.7 0 255 255 255 255
139.492 176.7 0 255 255 255 255
137.492 176.7 0 255 255 255 255
135.492 176.7 0 255 255 255 255
133.492 176.7 0 255 255 255 255
131.492 176.7 0 255 255 255 255
129.492 176.7 0 255 255 255 255
129.2 174.992 0 255 255 255 255
129.2 172.992 0 255 255 255 255
129.2 170.992 0 255 255 255 255
129.2 168.992 0 255 255 255 255
129.2 166.992 0 255 255 255 255
129.2 164.992 0 255 255 255 255
129.2 162.992 0 255 255 255 255
129.2 160.992 0 255 255 255 255
197.9 85.3 0 255 255 255 255
199.9 85.3 0 255 255 255 255
201.9 85.3 0 255 255 255 255
203.9 85.3 0 255 255 255 255
205.9 85.3 0 255 255 255 255
207.9 85.3 0 255 255 255 255
209.9 85.3 0 255 255 255 255
211.9 85.3 0 255 255 255 255
213.9 85.3 0 255 255 255 255
215.9 85.3 0 255 255 255 255
217.9 85.3 0 255 255 255 255
218.8 86.4 0 255 255 255 255
218.8 88.4 0 255 255 255 255
218.8 90.4 0 255 255 255 255
218.8 92.4 0 255 255 255 255
219.448 93.286 0 255 255 255 255
220.724 91.7465 0 255 255 255 255
222.111 90.3061 0 255 255 255 255
223.596 88.9684 0 255 255 255 255
225.181 87.7491 0 255 255 255 255
226.865 86.6723 0 255 255 255 255
228.631 85.7346 0 255 255 255 255
230.47 84.9507 0 255 255 255 255
232.369 84.327 0 255 255 255 255
234.311 83.85 0 255 255 255 255
236.285 83.5342 0 255 255 255 255
238.276 83.3523 0 255 255 255 255
240.275 83.3125 0 255 255 255 255
242.273 83.4036 0 255 255 255 255
244.258 83.6299 0 255 255 255 255
246.226 83.9762 0 255 255 255 255
248.168 84.4509 0 255 255 255 255
250.057 85.1104 0 255 255 255 255
251.89 85.9052 0 255 255 255 255
253.66 86.8296 0 255 255 255 255
255.36 87.8806 0 255 255 255 255
256.972 89.0646 0 255 255 255 255
258.473 90.3852 0 255 255 255 255
259.881 91.8032 0 255 255 255 255
261.194 93.3094 0 255 255 255 255
262.413 94.8947 0 255 255 255 255
263.502 96.5718 0 255 255 255 255
264.49 98.3096 0 255 255 255 255
265.388 100.095 0 255 255 255 255
266.202 101.922 0 255 255 255 255
266.881 103.803 0 255 255 255 255
267.483 105.709 0 255 255 255 255
268.013 107.637 0 255 255 255 255
268.432 109.593 0 255 255 255 255
268.771 111.563 0 255 255 255 255
269.053 113.543 0 255 255 255 255
269.227 115.535 0 255 255 255 255
269.338 117.531 0 255 255 255 255
269.395 119.53 0 255 255 255 255
269.348 121.529 0 255 255 255 255
269.269 123.527 0 255 255 255 255
269.094 125.52 0 255 255 255 255
268.854 127.504 0 255 255 255 255
268.556 129.482 0 255 255 255 255
268.138 131.437 0 255 255 255 255
267.659 133.378 0 255 255 255 255
267.096 135.297 0 255 255 255 255
266.41 137.175 0 255 255 255 255
265.645 139.022 0 255 255 255 255
264.795 140.831 0 255 255 255 255
263.807 142.571 0 255 255 255 255
262.72 144.248 0 255 255 255 255
261.537 145.858 0 255 255 255 255
260.255 147.392 0 255 255 255 255
258.847 148.813 0 255 255 255 255
257.338 150.123 0 255 255 255 255
255.742 151.324 0 255 255 255 255
254.064 152.409 0 255 255 255 255
252.311 153.372 0 255 255 255 255
250.475 154.165 0 255 255 255 255
248.589 154.826 0 255 255 255 255
246.664 155.359 0 255 255 255 255
244.707 155.77 0 255 255 255 255
242.724 156.027 0 255 255 255 255
240.729 156.148 0 255 255 255 255
238.73 156.184 0 255 255 255 255
236.733 156.08 0 255 255 255 255
234.75 155.829 0 255 255 255 255
232.789 155.439 0 255 255 255 255
230.867 154.89 0 255 255 255 255
229.001 154.171 0 255 255 255 255
227.207 153.29 0 255 255 255 255
225.502 152.246 0 255 255 255 255
223.904 151.045 0 255 255 255 255
222.425 149.7 0 255 255 255 255
221.067 148.233 0 255 255 255 255
219.708 146.9 0 255 255 255 255
219.7 148.892 0 255 255 255 255
219.7 150.892 0 255 255 255 255
219.7 152.892 0 255 255 255 255
219.7 154.892 0 255 255 255 255
219.7 156.892 0 255 255 255 255
219.7 158.892 0 255 255 255 255
219.7 160.892 0 255 255 255 255
219.7 162.892 0 255 255 255 255
219.7 164.892 0 255 255 255 255
219.7 166.892 0 255 255 255 255
219.7 168.892 0 255 255 255 255
219.7 170.892 0 255 255 255 255
219.7 172.892 0 255 255 255 255
219.7 174.892 0 255 255 255 255
219.508 176.7 0 255 255 255 255
217.508 176.7 0 255 255 255 255
215.508 176.7 0 255 255 255 255
213.508 176.7 0 255 255 255 255
211.508 176.7 0 255 255 255 255
209.508 176.7 0 255 255 255 255
207.508 176.7 0 255 255 255 255
205.508 176.7 0 255 255 255 255
203.508 176.7 0 255 255 255 255
201.508 176.7 0 255 255 255 255
199.508 176.7 0 255 255 255 255
197.8 176.408 0 255 255 255 255
197.8 174.408 0 255 255 255 255
197.8 172.408 0 255 255 255 255
197.8 170.408 0 255 255 255 255
197.8 168.407 0 255 255 255 255
197.8 166.407 0 255 255 255 255
197.8 164.408 0 255 255 255 255
197.8 162.408 0 255 255 255 255
197.8 160.408 0 255 255 255 255
197.8 158.408 0 255 255 255 255
197.8 156.408 0 255 255 255 255
197.8 154.408 0 255 255 255 255
197.8 152.408 0 255 255 255 255
197.8 150.408 0 255 255 255 255
197.8 148.408 0 255 255 255 255
197.8 146.407 0 255 255 255 255
197.8 144.408 0 255 255 255 255
197.8 142.408 0 255 255 255 255
197.8 140.408 0 255 255 255 255
197.8 138.408 0 255 255 255 255
197.8 136.408 0 255 255 255 255
197.8 134.408 0 255 255 255 255
197.8 132.408 0 255 255 255 255
197.8 130.408 0 255 255 255 255
197.8 128.408 0 255 255 255 255
197.8 126.407 0 255 255 255 255
197.8 124.407 0 255 255 255 255
197.8 122.408 0 255 255 255 255
197.8 120.408 0 255 255 255 255
197.8 118.408 0 255 255 255 255
197.8 116.408 0 255 255 255 255
197.8 114.408 0 255 255 255 255
197.8 112.408 0 255 255 255 255
197.8 110.408 0 255 255 255 255
197.8 108.408 0 255 255 255 255
197.8 106.407 0 255 255 255 255
197.8 104.407 0 255 255 255 255
197.8 102.408 0 255 255 255 255
197.8 100.408 0 255 255 255 255
197.8 98.4077 0 255 255 255 255
197.8 96.4077 0 255 255 255 255
197.8 94.4078 0 255 255 255 255
197.8 92.4079 0 255 255 255 255
197.8 90.4079 0 255 255 255 255
197.8 88.408 0 255 255 255 255
197.8 86.4081 0 255 255 255 255
247.3 120.5 0 255 255 255 255
247.253 118.501 0 255 255 255 255
247.109 116.506 0 255 255 255 255
246.856 114.523 0 255 255 255 255
246.479 112.56 0 255 255 255 255
245.962 110.628 0 255 255 255 255
245.25 108.761 0 255 255 255 255
244.354 106.974 0 255 255 255 255
243.219 105.331 0 255 255 255 255
241.86 103.867 0 255 255 255 255
240.253 102.681 0 255 255 255 255
238.468 101.789 0 255 255 255 255
236.555 101.217 0 255 255 255 255
234.576 100.948 0 255 255 255 255
232.578 100.944 0 255 255 255 255
230.596 101.191 0 255 255 255 255
228.682 101.762 0 255 255 255 255
226.876 102.614 0 255 255 255 255
225.249 103.773 0 255 255 255 255
223.817 105.164 0 255 255 255 255
222.607 106.754 0 255 255 255 255
221.6 108.48 0 255 255 255 255
220.801 110.312 0 255 255 255 255
220.167 112.208 0 255 255 255 255
219.702 114.152 0 255 255 255 255
219.382 116.125 0 255 255 255 255
219.188 118.115 0 255 255 255 255
219.109 120.113 0 255 255 255 255
219.142 122.113 0 255 255 255 255
219.308 124.105 0 255 255 255 255
219.617 126.08 0 255 255 255 255
220.075 128.026 0 255 255 255 255
220.698 129.925 0 255 255 255 255
221.529 131.743 0 255 255 255 255
222.545 133.464 0 255 255 255 255
223.795 135.022 0 255 255 255 255
225.24 136.402 0 255 255 255 255
226.895 137.52 0 255 255 255 255
228.697 138.381 0 255 255 255 255
230.614 138.943 0 255 255 255 255
232.589 139.243 0 255 255 255 255
234.587 139.269 0 255 255 255 255
236.569 139.028 0 255 255 255 255
238.483 138.457 0 255 255 255 255
240.263 137.554 0 255 255 255 255
241.861 136.358 0 255 255 255 255
243.234 134.908 0 255 255 255 255
244.366 133.262 0 255 255 255 255
245.291 131.49 0 255 255 255 255
245.995 129.62 0 255 255 255 255
246.531 127.694 0 255 255 255 255
246.918 125.732 0 255 255 255 255
247.154 123.747 0 255 255 255 255
247.271 121.75 0 255 255 255 255
271 119.6 0 255 255 255 255
271.074 117.601 0 255 255 255 255
271.209 115.607 0 255 255 255 255
271.433 113.62 0 255 255 255 255
271.785 111.652 0 255 255 255 255
272.208 109.699 0 255 255 255 255
272.737 107.77 0 255 255 255 255
273.389 105.88 0 255 255 255 255
274.118 104.019 0 255 255 255 255
274.949 102.2 0 255 255 255 255
275.907 100.445 0 255 255 255 255
276.944 98.7373 0 255 255 255 255
278.064 97.0798 0 255 255 255 255
279.318 95.5221 0 255 255 255 255
280.647 94.0296 0 255 255 255 255
282.048 92.6045 0 255 255 255 255
283.551 91.2843 0 255 255 255 255
285.133 90.0636 0 255 255 255 255
286.774 88.9233 0 255 255 255 255
288.482 87.8824 0 255 255 255 255
290.263 86.9747 0 255 255 255 255
292.085 86.1528 0 255 255 255 255
293.946 85.4218 0 255 255 255 255
295.861 84.8448 0 255 255 255 255
297.797 84.3494 0 255 255 255 255
299.755 83.9443 0 255 255 255 255
301.738 83.6889 0 255 255 255 255
303.728 83.5021 0 255 255 255 255
305.727 83.4228 0 255 255 255 255
307.726 83.4246 0 255 255 255 255
309.722 83.5402 0 255 255 255 255
311.711 83.7513 0 255 255 255 255
313.687 84.0596 0 255 255 255 255
315.64 84.4857 0 255 255 255 255
317.569 85.012 0 255 255 255 255
319.46 85.6625 0 255 255 255 255
321.312 86.4164 0 255 255 255 255
323.108 87.2958 0 255 255 255 255
324.85 88.278 0 255 255 255 255
326.522 89.3752 0 255 255 255 255
328.123 90.5721 0 255 255 255 255
329.648 91.8659 0 255 255 255 255
331.089 93.2525 0 255 255 255 255
332.431 94.7349 0 255 255 255 255
333.678 96.2977 0 255 255 255 255
334.829 97.9325 0 255 255 255 255
335.883 99.631 0 255 255 255 255
336.843 101.385 0 255 255 255 255
337.708 103.188 0 255 255 255 255
338.482 105.031 0 255 255 255 255
339.168 106.91 0 255 255 255 255
339.768 108.818 0 255 255 255 255
340.286 110.749 0 255 255 255 255
340.725 112.7 0 255 255 255 255
341.089 114.667 0 255 255 255 255
341.381 116.645 0 255 255 255 255
341.604 118.632 0 255 255 255 255
341.762 120.626 0 255 255 255 255
341.858 122.624 0 255 255 255 255
341.893 124.623 0 255 255 255 255
340.677 125.4 0 255 255 255 255
338.677 125.4 0 255 255 255 255
336.677 125.4 0 255 255 255 255
334.677 125.4 0 255 255 255 255
332.677 125.4 0 255 255 255 255
330.677 125.4 0 255 255 255 255
328.677 125.4 0 255 255 255 255
326.677 125.4 0 255 255 255 255
324.677 125.4 0 255 255 255 255
322.677 125.4 0 255 255 255 255
320.677 125.4 0 255 255 255 255
318.677 125.4 0 255 255 255 255
316.677 125.4 0 255 255 255 255
314.677 125.4 0 255 255 255 255
312.677 125.4 0 255 255 255 255
310.677 125.4 0 255 255 255 255
308.677 125.4 0 255 255 255 255
306.677 125.4 0 255 255 255 255
304.677 125.4 0 255 255 255 255
302.677 125.4 0 255 255 255 255
300.677 125.4 0 255 255 255 255
298.677 125.4 0 255 255 255 255
296.677 125.4 0 255 255 255 255
294.677 125.4 0 255 255 255 255
292.677 125.4 0 255 255 255 255
292.815 127.195 0 255 255 255 255
293.292 129.137 0 255 255 255 255
293.933 131.03 0 255 255 255 255
294.762 132.848 0 255 255 255 255
295.803 134.554 0 255 255 255 255
297.055 136.11 0 255 255 255 255
298.525 137.463 0 255 255 255 255
300.193 138.563 0 255 255 255 255
302.006 139.399 0 255 255 255 255
303.918 139.979 0 255 255 255 255
305.893 140.288 0 255 255 255 255
307.889 140.4 0 255 255 255 255
309.884 140.287 0 255 255 255 255
311.85 139.926 0 255 255 255 255
313.736 139.271 0 255 255 255 255
315.479 138.297 0 255 255 255 255
317.006 137.01 0 255 255 255 255
318.267 135.461 0 255 255 255 255
319.243 133.718 0 255 255 255 255
321.169 133.6 0 255 255 255 255
323.169 133.6 0 255 255 255 255
325.169 133.6 0 255 255 255 255
327.169 133.6 0 255 255 255 255
329.169 133.6 0 255 255 255 255
331.169 133.6 0 255 255 255 255
333.169 133.6 0 255 255 255 255
335.169 133.6 0 255 255 255 255
337.169 133.6 0 255 255 255 255
339.169 133.6 0 255 255 255 255
340.455 134.15 0 255 255 255 255
339.863 136.06 0 255 255 255 255
339.123 137.917 0 255 255 255 255
338.243 139.712 0 255 255 255 255
337.233 141.438 0 255 255 255 255
336.102 143.086 0 255 255 255 255
334.856 144.651 0 255 255 255 255
333.502 146.122 0 255 255 255 255
332.05 147.496 0 255 255 255 255
330.508 148.77 0 255 255 255 255
328.888 149.941 0 255 255 255 255
327.204 151.02 0 255 255 255 255
325.458 151.995 0 255 255 255 255
323.659 152.868 0 255 255 255 255
321.813 153.635 0 255 255 255 255
319.926 154.298 0 255 255 255 255
318.003 154.847 0 255 255 255 255
316.054 155.291 0 255 255 255 255
314.084 155.638 0 255 255 255 255
312.099 155.879 0 255 255 255 255
310.105 156.032 0 255 255 255 255
308.106 156.093 0 255 255 255 255
306.107 156.045 0 255 255 255 255
304.109 155.971 0 255 255 255 255
302.121 155.746 0 255 255 255 255
300.142 155.471 0 255 255 255 255
298.179 155.088 0 255 255 255 255
296.242 154.596 0 255 255 255 255
294.322 154.037 0 255 255 255 255
292.45 153.334 0 255 255 255 255
290.616 152.541 0 255 255 255 255
288.817 151.669 0 255 255 255 255
287.095 150.651 0 255 255 255 255
285.43 149.546 0 255 255 255 255
283.82 148.361 0 255 255 255 255
282.306 147.054 0 255 255 255 255
280.877 145.658 0 255 255 255 255
279.519 144.191 0 255 255 255 255
278.26 142.637 0 255 255 255 255
277.116 140.998 0 255 255 255 255
276.054 139.306 0 255 255 255 255
275.081 137.558 0 255 255 255 255
274.249 135.74 0 255 255 255 255
273.497 133.888 0 255 255 255 255
272.827 132.004 0 255 255 255 255
272.306 130.073 0 255 255 255 255
271.857 128.126 0 255 255 255 255
271.491 126.16 0 255 255 255 255
271.261 124.173 0 255 255 255 255
271.092 122.182 0 255 255 255 255
271.021 120.183 0 255 255 255 255
319.8 112.3 0 255 255 255 255
319.504 110.323 0 255 255 255 255
319.021 108.384 0 255 255 255 255
318.325 106.51 0 255 255 255 255
317.385 104.747 0 255 255 255 255
316.206 103.134 0 255 255 255 255
314.791 101.725 0 255 255 255 255
313.161 100.571 0 255 255 255 255
311.359 99.7117 0 255 255 255 255
309.439 99.1652 0 255 255 255 255
307.457 98.9255 0 255 255 255 255
305.458 98.9497 0 255 255 255 255
303.478 99.2225 0 255 255 255 255
301.555 99.7601 0 255 255 255 255
299.74 100.592 0 255 255 255 255
298.094 101.722 0 255 255 255 255
296.664 103.115 0 255 255 255 255
295.469 104.716 0 255 255 255 255
294.501 106.464 0 255 255 255 255
293.747 108.316 0 255 255 255 255
293.163 110.228 0 255 255 255 255
292.725 112.179 0 255 255 255 255
294.576 112.3 0 255 255 255 255
296.576 112.3 0 255 255 255 255
298.576 112.3 0 255 255 255 255
300.576 112.3 0 255 255 255 255
302.576 112.3 0 255 255 255 255
304.576 112.3 0 255 255 255 255
306.576 112.3 0 255 255 255 255
308.576 112.3 0 255 255 255 255
310.576 112.3 0 255 255 255 255
312.576 112.3 0 255 255 255 255
314.576 112.3 0 255 255 255 255
316.576 112.3 0 255 255 255 255
318.576 112.3 0 255 255 255 255
3 0 1 2
3 3 4 5
3 6 7 8
3 9 10 11
3 12 13 14
3 15 16 17
3 18 19 20
3 21 22 23
3 24 25 26
3 27 28 29
3 30 31 32
3 33 34 35
3 36 37 38
3 39 40 41
3 42 43 44
3 45 46 47
3 48 49 50
3 51 52 53
3 54 55 56
3 57 58 59
3 60 61 62
3 63 64 65
3 66 67 68
3 69 70 71
3 72 73 74
3 75 76 77
3 78 79 80
3 81 82 83
3 84 85 86
3 87 88 89
3 90 91 92
3 93 94 95
3 96 97 98
3 99 100 101
3 102 103 104
3 105 106 107
3 108 109 110
3 111 112 113
3 114 115 116
3 117 118 119
3 120 121 122
3 123 124 125
3 126 127 128
3 129 130 131
3 132 133 134
3 135 136 137
3 138 139 140
3 141 142 143
3 144 145 146
3 147 148 149
3 150 151 152
3 153 154 155
3 156 157 158
3 159 160 161
3 162 163 164
3 165 166 167
3 168 169 170
3 171 172 173
3 174 175 176
3 177 178 179
3 180 181 182
3 183 184 185
3 186 187 188
3 189 190 191
3 192 193 194
3 195 196 197
3 198 199 200
3 201 202 203
3 204 205 206
3 207 208 209
3 210 211 212
3 213 214 215
3 216 217 218
3 219 220 221
3 222 223 224
3 225 226 227
3 228 229 230
3 231 232 233
3 234 235 236
3 237 238 239
3 240 241 242
3 243 244 245
3 246 247 248
3 249 250 251
3 252 253 254
3 255 256 257
3 258 259 260
3 261 262 263
3 264 265 266
3 267 268 269
3 270 271 272
3 273 274 275
3 276 277 278
3 279 280 281
3 282 283 284
3 285 286 287
3 288 289 290
3 291 292 293
3 294 295 296
3 297 298 299
3 300 301 302
3 303 304 305
3 306 307 308
3 309 310 311
3 312 313 314
3 315 316 317
3 318 319 320
3 321 322 323
3 324 325 326
3 327 328 329
3 330 331 332
3 333 334 335
3 336 337 338
3 339 340 341
3 342 343 344
3 345 346 347
3 348 349 350
3 351 352 353
3 354 355 356
3 357 358 359
3 360 361 362
3 363 364 365
3 366 367 368
3 369 370 371
3 372 373 374
3 375 376 377
3 378 379 380
3 381 382 383
3 384 385 386
3 387 388 389
3 390 391 392
3 393 394 395
3 396 397 398
3 399 400 401
3 402 403 404
3 405 406 407
3 408 409 410
3 411 412 413
3 414 415 416
3 417 418 419
3 420 421 422
3 423 424 425
3 426 427 428
3 429 430 431
3 432 433 434
3 435 436 437
3 438 439 440
3 441 442 443
3 444 445 446
3 447 448 449
3 450 451 452
3 453 454 455
3 456 457 458
3 459 460 461
3 462 463 464
3 465 466 467
3 468 469 470
3 471 472 473
3 474 475 476
3 477 478 479
3 480 481 482
3 483 484 485
3 486 487 488
3 489 490 491
3 492 493 494
3 495 496 497
3 498 499 500
3 501 502 503
3 504 505 506
3 507 508 509
3 510 511 512
3 513 514 515
3 516 517 518
3 519 520 521
3 522 523 524
3 525 526 527
3 528 529 530
3 531 532 533
3 534 535 536
3 537 538 539
3 540 541 542
3 543 544 545
3 546 547 548
3 549 550 551
3 552 553 554
3 555 556 557
3 558 559 560
3 561 562 563
3 564 565 566
3 567 568 569
3 570 571 572
3 573 574 575
3 576 577 578
3 579 580 581
3 582 583 584
3 585 586 587
3 588 589 590
3 591 592 593
3 594 595 596
3 597 598 599
3 600 601 602
3 603 604 605
3 606 607 608
3 609 610 611
3 612 613 614
3 615 616 617
3 618 619 620
3 621 622 623
3 624 625 626
3 627 628 629
3 630 631 632
3 633 634 635
3 636 637 638
3 639 640 641
3 642 643 644
3 645 646 647
3 648 649 650
3 651 652 653
3 654 655 656
3 657 658 659
3 660 661 662
3 663 664 665
3 666 667 668
3 669 670 671
3 672 673 674
3 675 676 677
3 678 679 680
3 681 682 683
3 684 685 686
3 687 688 689
3 690 691 692
3 693 694 695
3 696 697 698
3 699 700 701
3 702 703 704
3 705 706 707
3 708 709 710
3 711 712 713
3 714 715 716
3 717 718 719
3 720 721 722
3 723 724 725
3 726 727 728
3 729 730 731
3 732 733 734
3 735 736 737
3 738 739 740
3 741 742 743
3 744 745 746
3 747 748 749
3 750 751 752
3 753 754 755
3 756 757 758
3 759 760 761
3 762 763 764
3 765 766 767
3 768 769 770
3 771 772 773
3 774 775 776
3 777 778 779
3 780 781 782
3 783 784 785
3 786 787 788
3 789 790 791
3 792 793 794
3 795 796 797
3 798 799 800
3 801 802 803
3 804 805 806
3 807 808 809
3 810 811 812
3 813 814 815
3 816 817 818
3 819 820 821
3 822 823 824
3 825 826 827
3 828 829 830
3 831 832 833
3 834 835 836
3 837 838 839
3 840 841 842
3 843 844 845
3 846 847 848
3 849 850 851
3 852 853 854
3 855 856 857
3 858 859 860
3 861 862 863
3 864 865 866
3 867 868 869
3 870 871 872
3 873 874 875
3 876 877 878
3 879 880 881
3 882 883 884
3 885 886 887
3 888 889 890
3 891 892 893
3 894 895 896
3 897 898 899
3 900 901 902
3 903 904 905
3 906 907 908
3 909 910 911
3 912 913 914
3 915 916 917
3 918 919 920
3 921 922 923
3 924 925 926
3 927 928 929
3 930 931 932
3 933 934 935
3 936 937 938
3 939 940 941
3 942 943 944
3 945 946 947
3 948 949 950
3 951 952 953
3 954 955 956
3 957 958 959
3 960 961 962
3 963 964 965
3 966 967 968
3 969 970 971
3 972 973 974
3 975 976 977
3 978 979 980
3 981 982 983
3 984 985 986
3 987 988 989
3 990 991 992
3 993 994 995
3 996 997 998
3 999 1000 1001
3 1002 1003 1004
3 1005 1006 1007
3 1008 1009 1010
3 1011 1012 1013
3 1014 1015 1016
3 1017 1018 1019
3 1020 1021 1022
3 1023 1024 1025
3 1026 1027 1028
3 1029 1030 1031
3 1032 1033 1034
3 1035 1036 1037
3 1038 1039 1040
3 1041 1042 1043
3 1044 1045 1046
3 1047 1048 1049
3 1050 1051 1052
3 1053 1054 1055
3 1056 1057 1058
3 1059 1060 1061
3 1062 1063 1064
3 1065 1066 1067
3 1068 1069 1070
3 1071 1072 1073
3 1074 1075 1076
3 1077 1078 1079
3 1080 1081 1082
3 1083 1084 1085
3 1086 1087 1088
3 1089 1090 1091
3 1092 1093 1094
3 1095 1096 1097
3 1098 1099 1100
3 1101 1102 1103
3 1104 1105 1106
3 1107 1108 1109
3 1110 1111 1112
3 1113 1114 1115
3 1116 1117 1118
3 1119 1120 1121
3 1122 1123 1124
3 1125 1126 1127
3 1128 1129 1130
3 1131 1132 1133
3 1134 1135 1136
3 1137 1138 1139
3 1140 1141 1142
3 1143 1144 1145
3 1146 1147 1148
3 1149 1150 1151
3 1152 1153 1154
3 1155 1156 1157
3 1158 1159 1160
3 1161 1162 1163
3 1164 1165 1166
3 1167 1168 1169
3 1170 1171 1172
3 1173 1174 1175
3 1176 1177 1178
3 1179 1180 1181
3 1182 1183 1184
3 1185 1186 1187
3 1188 1189 1190
3 1191 1192 1193
3 1194 1195 1196
3 1197 1198 1199
3 1200 1201 1202
3 1203 1204 1205
3 1206 1207 1208
3 1209 1210 1211
3 1212 1213 1214
3 1215 1216 1217
3 1218 1219 1220
3 1221 1222 1223
3 1224 1225 1226
3 1227 1228 1229
3 1230 1231 1232
3 1233 1234 1235
3 1236 1237 1238
3 1239 1240 1241
3 1242 1243 1244
3 1245 1246 1247
3 1248 1249 1250
3 1251 1252 1253
3 1254 1255 1256
3 1257 1258 1259
3 1260 1261 1262
3 1263 1264 1265
3 1266 1267 1268
3 1269 1270 1271
3 1272 1273 1274
3 1275 1276 1277
3 1278 1279 1280
3 1281 1282 1283
3 1284 1285 1286
3 1287 1288 1289
3 1290 1291 1292
3 1293 1294 1295
3 1296 1297 1298
3 1299 1300 1301
3 1302 1303 1304
3 1305 1306 1307
3 1308 1309 1310
3 1311 1312 1313
3 1314 1315 1316
3 1317 1318 1319
3 1320 1321 1322
3 1323 1324 1325
3 1326 1327 1328
3 1329 1330 1331
3 1332 1333 1334
3 1335 1336 1337
3 1338 1339 1340
3 1341 1342 1343
3 1344 1345 1346
3 1347 1348 1349
3 1350 1351 1352
3 1353 1354 1355
3 1356 1357 1358
3 1359 1360 1361
3 1362 1363 1364
3 1365 1366 1367
3 1368 1369 1370
3 1371 1372 1373
3 1374 1375 1376
3 1377 1378 1379
3 1380 1381 1382
3 1383 1384 1385
3 1386 1387 1388
3 1389 1390 1391
3 1392 1393 1394
3 1395 1396 1397
3 1398 1399 1400
3 1401 1402 1403
3 1404 1405 1406
3 1407 1408 1409
3 1410 1411 1412
3 1413 1414 1415
3 1416 1417 1418
3 1419 1420 1421
3 1422 1423 1424
3 1425 1426 1427
3 1428 1429 1430
3 1431 1432 1433
3 1434 1435 1436
3 1437 1438 1439
3 1440 1441 1442
3 1443 1444 1445
3 1446 1447 1448
3 1449 1450 1451
3 1452 1453 1454
3 1455 1456 1457
3 1458 1459 1460
3 1461 1462 1463
3 1464 1465 1466
3 1467 1468 1469
3 1470 1471 1472
3 1473 1474 1475
3 1476 1477 1478
3 1479 1480 1481
3 1482 1483 1484
3 1485 1486 1487
3 1488 1489 1490
3 1491 1492 1493
3 1494 1495 1496
3 1497 1498 1499
3 1500 1501 1502
3 1503 1504 1505
3 1506 1507 1508
3 1509 1510 1511
3 1512 1513 1514
3 1515 1516 1517
3 1518 1519 1520
3 1521 1522 1523
3 1524 1525 1526
3 1527 1528 1529
3 1530 1531 0
