ply
format ascii 1.0
element vertex 2013
property float x
property float y
property float z
property uchar red
property uchar green
property uchar blue
property uchar alpha
element face 671
property list uchar int vertex_indices
end_header
63.3 57.1 0 255 255 255 255
63.3 59.1 0 255 255 255 255
63.3 61.1 0 255 255 255 255
62.4 62.2 0 255 255 255 255
60.4 62.2 0 255 255 255 255
60.1 63.9 0 255 255 255 255
60.1 65.9 0 255 255 255 255
60.1 67.9 0 255 255 255 255
60.1 69.9 0 255 255 255 255
60.1 71.9 0 255 255 255 255
60.1 73.9 0 255 255 255 255
60.1 75.9 0 255 255 255 255
60.1 77.9 0 255 255 255 255
60.1 79.9 0 255 255 255 255
60.1 81.9 0 255 255 255 255
60.1 83.9 0 255 255 255 255
60.1 85.9 0 255 255 255 255
60.1 87.9 0 255 255 255 255
60.1 89.9 0 255 255 255 255
60.1 91.9 0 255 255 255 255
60.1 93.9 0 255 255 255 255
59.8 95.6 0 255 255 255 255
57.8 95.6 0 255 255 255 255
55.8 95.6 0 255 255 255 255
53.8 95.6 0 255 255 255 255
53.5 93.9 0 255 255 255 255
53.5 91.9 0 255 255 255 255
53.5 89.9 0 255 255 255 255
53.5 87.9 0 255 255 255 255
53.5 85.9 0 255 255 255 255
53.5 83.9 0 255 255 255 255
53.5 81.9 0 255 255 255 255
53.5 79.9 0 255 255 255 255
53.5 77.9 0 255 255 255 255
53.5 75.9 0 255 255 255 255
53.5 73.9 0 255 255 255 255
53.5 71.9 0 255 255 255 255
53.5 69.9 0 255 255 255 255
53.5 67.9 0 255 255 255 255
53.5 65.9 0 255 255 255 255
53.5 63.9 0 255 255 255 255
53.2 62.2 0 255 255 255 255
51.2 62.2 0 255 255 255 255
50.3 61.1 0 255 255 255 255
50.3 59.1 0 255 255 255 255
50.3 57.1 0 255 255 255 255
52.3 57.1 0 255 255 255 255
54.3 57.1 0 255 255 255 255
56.3 57.1 0 255 255 255 255
58.3 57.1 0 255 255 255 255
60.3 57.1 0 255 255 255 255
62.3 57.1 0 255 255 255 255
70 57.1 0 255 255 255 255
70.2267 59.0871 0 255 255 255 255
70.4534 61.0742 0 255 255 255 255
70.6802 63.0613 0 255 255 255 255
70.9069 65.0484 0 255 255 255 255
71.1336 67.0355 0 255 255 255 255
71.3603 69.0226 0 255 255 255 255
71.587 71.0098 0 255 255 255 255
71.8071 71.0024 0 255 255 255 255
72.0207 69.0138 0 255 255 255 255
72.2342 67.0253 0 255 255 255 255
72.4477 65.0367 0 255 255 255 255
72.6613 63.0481 0 255 255 255 255
72.8748 61.0596 0 255 255 255 255
73.0883 59.071 0 255 255 255 255
73.3177 57.1 0 255 255 255 255
75.3177 57.1 0 255 255 255 255
77.3177 57.1 0 255 255 255 255
79.3177 57.1 0 255 255 255 255
79.1585 58.8853 0 255 255 255 255
78.7827 60.8497 0 255 255 255 255
78.4069 62.8141 0 255 255 255 255
78.0311 64.7784 0 255 255 255 255
77.6553 66.7428 0 255 255 255 255
77.2795 68.7072 0 255 255 255 255
76.9037 70.6716 0 255 255 255 255
76.5279 72.6359 0 255 255 255 255
76.1521 74.6003 0 255 255 255 255
75.7763 76.5647 0 255 255 255 255
75.4005 78.5291 0 255 255 255 255
75.1 80.5006 0 255 255 255 255
75.1 82.5006 0 255 255 255 255
75.1 84.5006 0 255 255 255 255
75.1 86.5006 0 255 255 255 255
75.1 88.5006 0 255 255 255 255
75.1 90.5006 0 255 255 255 255
75.1 92.5006 0 255 255 255 255
75.1 94.5006 0 255 255 255 255
74.2994 95.7 0 255 255 255 255
72.2994 95.7 0 255 255 255 255
70.2994 95.7 0 255 255 255 255
68.3 95.6994 0 255 255 255 255
68.3 93.6994 0 255 255 255 255
68.3 91.6994 0 255 255 255 255
68.3 89.6994 0 255 255 255 255
68.3 87.6994 0 255 255 255 255
68.3 85.6994 0 255 255 255 255
68.3 83.6994 0 255 255 255 255
68.3 81.6994 0 255 255 255 255
68.2398 79.7055 0 255 255 255 255
67.8394 77.746 0 255 255 255 255
67.439 75.7865 0 255 255 255 255
67.0385 73.827 0 255 255 255 255
66.6381 71.8675 0 255 255 255 255
66.2377 69.908 0 255 255 255 255
65.8373 67.9485 0 255 255 255 255
65.4369 65.989 0 255 255 255 255
65.0364 64.0295 0 255 255 255 255
64.636 62.07 0 255 255 255 255
64.2356 60.1104 0 255 255 255 255
63.8352 58.1509 0 255 255 255 255
64.4253 57 0 255 255 255 255
66.4253 57 0 255 255 255 255
68.4253 57 0 255 255 255 255
89.2 57.1 0 255 255 255 255
91.1985 57.1643 0 255 255 255 255
93.1745 57.456 0 255 255 255 255
94.9426 58.3471 0 255 255 255 255
95.9518 60.0425 0 255 255 255 255
96.2997 62.0077 0 255 255 255 255
96.3932 64.005 0 255 255 255 255
96.4 66.0049 0 255 255 255 255
96.4 68.0049 0 255 255 255 255
96.4 70.0049 0 255 255 255 255
96.4 72.0049 0 255 255 255 255
96.4 74.0049 0 255 255 255 255
96.3687 76.0046 0 255 255 255 255
96.1923 77.9956 0 255 255 255 255
95.6139 79.8992 0 255 255 255 255
94.2006 81.2663 0 255 255 255 255
92.2885 81.82 0 255 255 255 255
90.2967 81.9855 0 255 255 255 255
88.2968 82 0 255 255 255 255
87.8 83.5032 0 255 255 255 255
87.8 85.5031 0 255 255 255 255
87.8 87.5032 0 255 255 255 255
87.8 89.5032 0 255 255 255 255
87.8 91.5032 0 255 255 255 255
87.8 93.5032 0 255 255 255 255
87.8 95.5031 0 255 255 255 255
85.8968 95.6 0 255 255 255 255
83.8968 95.6 0 255 255 255 255
81.8968 95.6 0 255 255 255 255
81.2 94.2969 0 255 255 255 255
81.2 92.2968 0 255 255 255 255
81.2 90.2968 0 255 255 255 255
81.2 88.2968 0 255 255 255 255
81.2 86.2968 0 255 255 255 255
81.2 84.2969 0 255 255 255 255
81.2 82.2969 0 255 255 255 255
81.2 80.2969 0 255 255 255 255
81.2 78.2969 0 255 255 255 255
81.2 76.2968 0 255 255 255 255
81.2 74.2968 0 255 255 255 255
81.2 72.2968 0 255 255 255 255
81.2 70.2968 0 255 255 255 255
81.2 68.2969 0 255 255 255 255
81.2 66.2969 0 255 255 255 255
81.2 64.2969 0 255 255 255 255
81.2 62.2968 0 255 255 255 255
81.2 60.2968 0 255 255 255 255
81.2 58.2968 0 255 255 255 255
82.0032 57.1 0 255 255 255 255
84.0032 57.1 0 255 255 255 255
86.0032 57.1 0 255 255 255 255
88.0032 57.1 0 255 255 255 255
87.7 76.9 0 255 255 255 255
89.5766 76.4846 0 255 255 255 255
89.8 74.5186 0 255 255 255 255
89.8 72.5186 0 255 255 255 255
89.8 70.5186 0 255 255 255 255
89.8 68.5186 0 255 255 255 255
89.8 66.5186 0 255 255 255 255
89.8 64.5186 0 255 255 255 255
89.5773 62.5514 0 255 255 255 255
87.7151 62.1 0 255 255 255 255
87.7 64.0848 0 255 255 255 255
87.7 66.0849 0 255 255 255 255
87.7 68.0848 0 255 255 255 255
87.7 70.0848 0 255 255 255 255
87.7 72.0849 0 255 255 255 255
87.7 74.0848 0 255 255 255 255
87.7 76.0849 0 255 255 255 255
109.7 57.1 0 255 255 255 255
109.7 59.1 0 255 255 255 255
109.7 61.1 0 255 255 255 255
108.7 62.1 0 255 255 255 255
106.7 62.1 0 255 255 255 255
105.8 63.2 0 255 255 255 255
105.8 65.2 0 255 255 255 255
105.8 67.2 0 255 255 255 255
105.8 69.2 0 255 255 255 255
105.8 71.2 0 255 255 255 255
107.1 71.9 0 255 255 255 255
109.1 71.9 0 255 255 255 255
109.7 73.3 0 255 255 255 255
109.7 75.3 0 255 255 255 255
109.4 77 0 255 255 255 255
107.4 77 0 255 255 255 255
105.8 77.4 0 255 255 255 255
105.8 79.4 0 255 255 255 255
105.8 81.4 0 255 255 255 255
105.8 83.4 0 255 255 255 255
105.8 85.4 0 255 255 255 255
105.8 87.4 0 255 255 255 255
105.8 89.4 0 255 255 255 255
106.7 90.5 0 255 255 255 255
108.7 90.5 0 255 255 255 255
109.7 91.5 0 255 255 255 255
109.7 93.5 0 255 255 255 255
109.7 95.5 0 255 255 255 255
107.8 95.6 0 255 255 255 255
105.8 95.6 0 255 255 255 255
103.8 95.6 0 255 255 255 255
101.8 95.6 0 255 255 255 255
99.8 95.6 0 255 255 255 255
99.2 94.2 0 255 255 255 255
99.2 92.2 0 255 255 255 255
99.2 90.2 0 255 255 255 255
99.2 88.2 0 255 255 255 255
99.2 86.2 0 255 255 255 255
99.2 84.2 0 255 255 255 255
99.2 82.2 0 255 255 255 255
99.2 80.2 0 255 255 255 255
99.2 78.2 0 255 255 255 255
99.2 76.2 0 255 255 255 255
99.2 74.2 0 255 255 255 255
99.2 72.2 0 255 255 255 255
99.2 70.2 0 255 255 255 255
99.2 68.2 0 255 255 255 255
99.2 66.2 0 255 255 255 255
99.2 64.2 0 255 255 255 255
99.2 62.2 0 255 255 255 255
99.2 60.2 0 255 255 255 255
99.2 58.2 0 255 255 255 255
100.1 57.1 0 255 255 255 255
102.1 57.1 0 255 255 255 255
104.1 57.1 0 255 255 255 255
106.1 57.1 0 255 255 255 255
108.1 57.1 0 255 255 255 255
58.1 123.7 0 255 255 255 255
58.1 125.7 0 255 255 255 255
58.1 127.7 0 255 255 255 255
58.1 129.7 0 255 255 255 255
58.1 131.7 0 255 255 255 255
58.1 133.7 0 255 255 255 255
58.1 135.7 0 255 255 255 255
58.1 137.7 0 255 255 255 255
58.1 139.7 0 255 255 255 255
58.1 141.7 0 255 255 255 255
58.1 143.7 0 255 255 255 255
58.1 145.7 0 255 255 255 255
58.1 147.7 0 255 255 255 255
58.1 149.7 0 255 255 255 255
58.1 151.7 0 255 255 255 255
58.1 153.7 0 255 255 255 255
58.1 155.7 0 255 255 255 255
58.1 157.7 0 255 255 255 255
58.1 159.7 0 255 255 255 255
58.1 161.7 0 255 255 255 255
56.6 162.2 0 255 255 255 255
54.6 162.2 0 255 255 255 255
52.6 162.2 0 255 255 255 255
51.5 161.3 0 255 255 255 255
51.5 159.3 0 255 255 255 255
51.5 157.3 0 255 255 255 255
51.5 155.3 0 255 255 255 255
51.5 153.3 0 255 255 255 255
51.5 151.3 0 255 255 255 255
51.5 149.3 0 255 255 255 255
51.5 147.3 0 255 255 255 255
51.5 145.3 0 255 255 255 255
51.5 143.3 0 255 255 255 255
51.5 141.3 0 255 255 255 255
51.5 139.3 0 255 255 255 255
51.5 137.3 0 255 255 255 255
51.5 135.3 0 255 255 255 255
51.5 133.3 0 255 255 255 255
51.5 131.3 0 255 255 255 255
51.5 129.3 0 255 255 255 255
51.5 127.3 0 255 255 255 255
51.5 125.3 0 255 255 255 255
51.9 123.7 0 255 255 255 255
53.9 123.7 0 255 255 255 255
55.9 123.7 0 255 255 255 255
57.9 123.7 0 255 255 255 255
76.3 136.9 0 255 255 255 255
74.3 136.9 0 255 255 255 255
72.3 136.9 0 255 255 255 255
70.3 136.9 0 255 255 255 255
69.8 135.4 0 255 255 255 255
69.8 133.4 0 255 255 255 255
69.8 131.4 0 255 255 255 255
69.7432 129.403 0 255 255 255 255
68.2463 128.597 0 255 255 255 255
67.8 130.457 0 255 255 255 255
67.8 132.457 0 255 255 255 255
67.8 134.457 0 255 255 255 255
67.8047 136.457 0 255 255 255 255
68.6449 138.176 0 255 255 255 255
70.3568 139.208 0 255 255 255 255
72.0906 140.205 0 255 255 255 255
73.8128 141.221 0 255 255 255 255
75.2882 142.557 0 255 255 255 255
76.1528 144.344 0 255 255 255 255
76.3958 146.325 0 255 255 255 255
76.4 148.325 0 255 255 255 255
76.4 150.325 0 255 255 255 255
76.4 152.325 0 255 255 255 255
76.4 154.325 0 255 255 255 255
76.3752 156.324 0 255 255 255 255
76.2231 158.317 0 255 255 255 255
75.6873 160.234 0 255 255 255 255
74.3135 161.634 0 255 255 255 255
72.4061 162.202 0 255 255 255 255
70.4144 162.37 0 255 255 255 255
68.4148 162.396 0 255 255 255 255
66.4168 162.32 0 255 255 255 255
64.4439 162.013 0 255 255 255 255
62.6735 161.127 0 255 255 255 255
61.6557 159.433 0 255 255 255 255
61.3008 157.469 0 255 255 255 255
61.2071 155.471 0 255 255 255 255
61.2 153.471 0 255 255 255 255
61.2 151.471 0 255 255 255 255
61.2 149.471 0 255 255 255 255
61.2 147.471 0 255 255 255 255
61.9285 146.2 0 255 255 255 255
63.9285 146.2 0 255 255 255 255
65.9285 146.2 0 255 255 255 255
67.8 146.329 0 255 255 255 255
67.8 148.329 0 255 255 255 255
67.8 150.329 0 255 255 255 255
67.8 152.329 0 255 255 255 255
67.8 154.329 0 255 255 255 255
67.8592 156.325 0 255 255 255 255
69.307 157.205 0 255 255 255 255
69.8 155.352 0 255 255 255 255
69.8 153.352 0 255 255 255 255
69.8 151.352 0 255 255 255 255
69.8 149.352 0 255 255 255 255
69.7997 147.352 0 255 255 255 255
69.1384 145.555 0 255 255 255 255
67.4466 144.492 0 255 255 255 255
65.728 143.469 0 255 255 255 255
64.0095 142.446 0 255 255 255 255
62.4494 141.209 0 255 255 255 255
61.4704 139.482 0 255 255 255 255
61.1304 137.517 0 255 255 255 255
61.1 135.517 0 255 255 255 255
61.1 133.517 0 255 255 255 255
61.1 131.517 0 255 255 255 255
61.1255 129.518 0 255 255 255 255
61.2822 127.525 0 255 255 255 255
61.8196 125.607 0 255 255 255 255
63.1506 124.161 0 255 255 255 255
65.0381 123.535 0 255 255 255 255
67.0265 123.336 0 255 255 255 255
69.0259 123.303 0 255 255 255 255
71.0243 123.372 0 255 255 255 255
73.0025 123.648 0 255 255 255 255
74.7987 124.483 0 255 255 255 255
75.8465 126.153 0 255 255 255 255
76.201 128.116 0 255 255 255 255
76.2933 130.114 0 255 255 255 255
76.3 132.114 0 255 255 255 255
76.3 134.113 0 255 255 255 255
76.3 136.114 0 255 255 255 255
63.1 190.3 0 255 255 255 255
63.3016 192.29 0 255 255 255 255
63.5031 194.28 0 255 255 255 255
63.7047 196.269 0 255 255 255 255
63.9063 198.259 0 255 255 255 255
64.1078 200.249 0 255 255 255 255
64.3094 202.239 0 255 255 255 255
64.511 204.229 0 255 255 255 255
64.7125 206.219 0 255 255 255 255
64.9141 208.208 0 255 255 255 255
65.1157 210.198 0 255 255 255 255
65.3172 212.188 0 255 255 255 255
65.5188 214.178 0 255 255 255 255
65.7204 216.168 0 255 255 255 255
65.9219 218.157 0 255 255 255 255
66.1235 220.147 0 255 255 255 255
66.3251 222.137 0 255 255 255 255
66.5266 224.127 0 255 255 255 255
66.7282 226.117 0 255 255 255 255
66.9298 228.107 0 255 255 255 255
65.697 228.8 0 255 255 255 255
63.697 228.8 0 255 255 255 255
61.697 228.8 0 255 255 255 255
60.545 227.899 0 255 255 255 255
60.4233 225.902 0 255 255 255 255
60.3016 223.906 0 255 255 255 255
60.1799 221.91 0 255 255 255 255
59.4123 220.6 0 255 255 255 255
57.4123 220.6 0 255 255 255 255
57.1851 222.484 0 255 255 255 255
57.0634 224.481 0 255 255 255 255
56.9417 226.477 0 255 255 255 255
56.8199 228.473 0 255 255 255 255
55.1275 228.8 0 255 255 255 255
53.1275 228.8 0 255 255 255 255
51.1275 228.8 0 255 255 255 255
50.525 227.534 0 255 255 255 255
50.7214 225.543 0 255 255 255 255
50.9179 223.553 0 255 255 255 255
51.1143 221.563 0 255 255 255 255
51.3108 219.572 0 255 255 255 255
51.5072 217.582 0 255 255 255 255
51.7037 215.592 0 255 255 255 255
51.9001 213.601 0 255 255 255 255
52.0966 211.611 0 255 255 255 255
52.293 209.621 0 255 255 255 255
52.4895 207.63 0 255 255 255 255
52.6859 205.64 0 255 255 255 255
52.8824 203.65 0 255 255 255 255
53.0788 201.659 0 255 255 255 255
53.2753 199.669 0 255 255 255 255
53.4717 197.679 0 255 255 255 255
53.6682 195.688 0 255 255 255 255
53.8646 193.698 0 255 255 255 255
54.0611 191.708 0 255 255 255 255
54.7854 190.3 0 255 255 255 255
56.7854 190.3 0 255 255 255 255
58.7854 190.3 0 255 255 255 255
60.7854 190.3 0 255 255 255 255
62.7854 190.3 0 255 255 255 255
57.6 215.5 0 255 255 255 255
59.6 215.5 0 255 255 255 255
59.6979 213.703 0 255 255 255 255
59.5844 211.706 0 255 255 255 255
59.471 209.709 0 255 255 255 255
59.3575 207.713 0 255 255 255 255
59.2441 205.716 0 255 255 255 255
59.1306 203.719 0 255 255 255 255
59.0172 201.722 0 255 255 255 255
58.9037 199.725 0 255 255 255 255
58.6284 197.9 0 255 255 255 255
58.4882 199.868 0 255 255 255 255
58.3747 201.865 0 255 255 255 255
58.2612 203.862 0 255 255 255 255
58.1478 205.859 0 255 255 255 255
58.0343 207.856 0 255 255 255 255
57.9209 209.852 0 255 255 255 255
57.8074 211.849 0 255 255 255 255
57.694 213.846 0 255 255 255 255
75.5 190.3 0 255 255 255 255
75.8686 192.266 0 255 255 255 255
76.2372 194.231 0 255 255 255 255
76.6057 196.197 0 255 255 255 255
76.9743 198.163 0 255 255 255 255
77.3429 200.129 0 255 255 255 255
77.7115 202.094 0 255 255 255 255
78.08 204.06 0 255 255 255 255
78.4486 206.026 0 255 255 255 255
78.8172 207.992 0 255 255 255 255
79.3991 209.335 0 255 255 255 255
79.3887 207.335 0 255 255 255 255
79.3783 205.335 0 255 255 255 255
79.3679 203.335 0 255 255 255 255
79.3575 201.335 0 255 255 255 255
79.3471 199.335 0 255 255 255 255
79.3366 197.335 0 255 255 255 255
79.3262 195.335 0 255 255 255 255
79.3158 193.335 0 255 255 255 255
79.3054 191.335 0 255 255 255 255
80.2652 190.3 0 255 255 255 255
82.2652 190.3 0 255 255 255 255
84.2652 190.3 0 255 255 255 255
85 191.565 0 255 255 255 255
85 193.565 0 255 255 255 255
85 195.565 0 255 255 255 255
85 197.565 0 255 255 255 255
85 199.565 0 255 255 255 255
85 201.565 0 255 255 255 255
85 203.565 0 255 255 255 255
85 205.565 0 255 255 255 255
85 207.565 0 255 255 255 255
85 209.565 0 255 255 255 255
85 211.565 0 255 255 255 255
85 213.565 0 255 255 255 255
85 215.565 0 255 255 255 255
85 217.565 0 255 255 255 255
85 219.565 0 255 255 255 255
85 221.565 0 255 255 255 255
85 223.565 0 255 255 255 255
85 225.565 0 255 255 255 255
85 227.565 0 255 255 255 255
84.2348 228.8 0 255 255 255 255
82.2348 228.8 0 255 255 255 255
80.2348 228.8 0 255 255 255 255
79.0218 227.851 0 255 255 255 255
78.6527 225.886 0 255 255 255 255
78.2835 223.92 0 255 255 255 255
77.9143 221.955 0 255 255 255 255
77.5451 219.989 0 255 255 255 255
77.1759 218.023 0 255 255 255 255
76.8068 216.058 0 255 255 255 255
76.4376 214.092 0 255 255 255 255
76.0684 212.126 0 255 255 255 255
75.6992 210.161 0 255 255 255 255
75.2031 209.721 0 255 255 255 255
75.2133 211.721 0 255 255 255 255
75.2234 213.721 0 255 255 255 255
75.2336 215.721 0 255 255 255 255
75.2438 217.721 0 255 255 255 255
75.2539 219.721 0 255 255 255 255
75.2641 221.721 0 255 255 255 255
75.2742 223.721 0 255 255 255 255
75.2844 225.721 0 255 255 255 255
75.2945 227.72 0 255 255 255 255
74.3795 228.8 0 255 255 255 255
72.3795 228.8 0 255 255 255 255
70.3795 228.8 0 255 255 255 255
69.6 227.58 0 255 255 255 255
69.6 225.58 0 255 255 255 255
69.6 223.58 0 255 255 255 255
69.6 221.58 0 255 255 255 255
69.6 219.58 0 255 255 255 255
69.6 217.58 0 255 255 255 255
69.6 215.58 0 255 255 255 255
69.6 213.58 0 255 255 255 255
69.6 211.58 0 255 255 255 255
69.6 209.58 0 255 255 255 255
69.6 207.58 0 255 255 255 255
69.6 205.58 0 255 255 255 255
69.6 203.58 0 255 255 255 255
69.6 201.58 0 255 255 255 255
69.6 199.58 0 255 255 255 255
69.6 197.58 0 255 255 255 255
69.6 195.58 0 255 255 255 255
69.6 193.58 0 255 255 255 255
69.6 191.58 0 255 255 255 255
70.3205 190.3 0 255 255 255 255
72.3205 190.3 0 255 255 255 255
74.3205 190.3 0 255 255 255 255
58.9 256.6 0 255 255 255 255
60.8993 256.643 0 255 255 255 255
62.8858 256.861 0 255 255 255 255
64.7443 257.556 0 255 255 255 255
65.9374 259.118 0 255 255 255 255
66.3643 261.066 0 255 255 255 255
66.485 263.062 0 255 255 255 255
66.5 265.061 0 255 255 255 255
66.5 267.061 0 255 255 255 255
66.5 269.061 0 255 255 255 255
66.5 271.061 0 255 255 255 255
66.5 273.061 0 255 255 255 255
66.5 275.061 0 255 255 255 255
66.5 277.061 0 255 255 255 255
66.5 279.061 0 255 255 255 255
66.5 281.061 0 255 255 255 255
66.5 283.061 0 255 255 255 255
66.5 285.061 0 255 255 255 255
66.5 287.061 0 255 255 255 255
66.4894 289.061 0 255 255 255 255
66.3759 291.057 0 255 255 255 255
65.9711 293.01 0 255 255 255 255
64.8396 294.62 0 255 255 255 255
63.0147 295.395 0 255 255 255 255
61.0325 295.645 0 255 255 255 255
59.0336 295.7 0 255 255 255 255
57.0342 295.656 0 255 255 255 255
55.0483 295.434 0 255 255 255 255
53.1797 294.759 0 255 255 255 255
51.9286 293.238 0 255 255 255 255
51.457 291.301 0 255 255 255 255
51.3191 289.307 0 255 255 255 255
51.3 287.307 0 255 255 255 255
51.3 285.307 0 255 255 255 255
51.3 283.307 0 255 255 255 255
51.3 281.307 0 255 255 255 255
51.3 279.307 0 255 255 255 255
51.3 277.307 0 255 255 255 255
51.3 275.307 0 255 255 255 255
51.3 273.307 0 255 255 255 255
51.3 271.307 0 255 255 255 255
51.3 269.307 0 255 255 255 255
51.3 267.307 0 255 255 255 255
51.3 265.307 0 255 255 255 255
51.309 263.307 0 255 255 255 255
51.4069 261.31 0 255 255 255 255
51.7756 259.35 0 255 255 255 255
52.8655 257.712 0 255 255 255 255
54.6814 256.918 0 255 255 255 255
56.663 256.664 0 255 255 255 255
58.6617 256.602 0 255 255 255 255
57.8 288.9 0 255 255 255 255
58.6697 290.484 0 255 255 255 255
59.8878 289.309 0 255 255 255 255
59.9 287.309 0 255 255 255 255
59.9 285.309 0 255 255 255 255
59.9 283.309 0 255 255 255 255
59.9 281.309 0 255 255 255 255
59.9 279.309 0 255 255 255 255
59.9 277.309 0 255 255 255 255
59.9 275.309 0 255 255 255 255
59.9 273.309 0 255 255 255 255
59.9 271.309 0 255 255 255 255
59.9 269.309 0 255 255 255 255
59.9 267.309 0 255 255 255 255
59.9 265.309 0 255 255 255 255
59.8991 263.309 0 255 255 255 255
59.0439 261.718 0 255 255 255 255
57.818 262.901 0 255 255 255 255
57.8 264.901 0 255 255 255 255
57.8 266.901 0 255 255 255 255
57.8 268.901 0 255 255 255 255
57.8 270.901 0 255 255 255 255
57.8 272.901 0 255 255 255 255
57.8 274.901 0 255 255 255 255
57.8 276.901 0 255 255 255 255
57.8 278.901 0 255 255 255 255
57.8 280.901 0 255 255 255 255
57.8 282.901 0 255 255 255 255
57.8 284.901 0 255 255 255 255
57.8 286.901 0 255 255 255 255
77.7 256.9 0 255 255 255 255
79.6971 256.989 0 255 255 255 255
81.6572 257.363 0 255 255 255 255
83.3741 258.348 0 255 255 255 255
84.3752 260.053 0 255 255 255 255
84.7345 262.016 0 255 255 255 255
84.8 264.014 0 255 255 255 255
84.8 266.014 0 255 255 255 255
84.8 268.014 0 255 255 255 255
84.7559 270.013 0 255 255 255 255
84.3933 271.975 0 255 255 255 255
83.3661 273.668 0 255 255 255 255
82.1259 274.711 0 255 255 255 255
83.7017 275.917 0 255 255 255 255
84.5446 277.711 0 255 255 255 255
84.7834 279.693 0 255 255 255 255
84.8 281.693 0 255 255 255 255
84.8 283.693 0 255 255 255 255
84.8 285.693 0 255 255 255 255
84.8 287.693 0 255 255 255 255
84.7507 289.692 0 255 255 255 255
84.5156 291.676 0 255 255 255 255
83.7785 293.52 0 255 255 255 255
82.2509 294.767 0 255 255 255 255
80.3304 295.298 0 255 255 255 255
78.3397 295.475 0 255 255 255 255
76.34 295.5 0 255 255 255 255
74.34 295.5 0 255 255 255 255
72.34 295.5 0 255 255 255 255
70.34 295.5 0 255 255 255 255
69.6 294.24 0 255 255 255 255
69.6 292.24 0 255 255 255 255
69.6 290.24 0 255 255 255 255
69.6 288.24 0 255 255 255 255
69.6 286.24 0 255 255 255 255
69.6 284.24 0 255 255 255 255
69.6 282.24 0 255 255 255 255
69.6 280.24 0 255 255 255 255
69.6 278.24 0 255 255 255 255
69.6 276.24 0 255 255 255 255
69.6 274.24 0 255 255 255 255
69.6 272.24 0 255 255 255 255
69.6 270.24 0 255 255 255 255
69.6 268.24 0 255 255 255 255
69.6 266.24 0 255 255 255 255
69.6 264.24 0 255 255 255 255
69.6 262.24 0 255 255 255 255
69.6 260.24 0 255 255 255 255
69.6 258.24 0 255 255 255 255
70.36 257 0 255 255 255 255
72.36 257 0 255 255 255 255
74.36 257 0 255 255 255 255
76.36 257 0 255 255 255 255
76.2 271.9 0 255 255 255 255
78.0403 271.395 0 255 255 255 255
78.3 269.44 0 255 255 255 255
78.3 267.44 0 255 255 255 255
78.3 265.44 0 255 255 255 255
78.2989 263.44 0 255 255 255 255
77.3223 261.93 0 255 255 255 255
76.2 262.776 0 255 255 255 255
76.2 264.776 0 255 255 255 255
76.2 266.776 0 255 255 255 255
76.2 268.776 0 255 255 255 255
76.2 270.776 0 255 255 255 255
76.2 290.3 0 255 255 255 255
78.0403 289.794 0 255 255 255 255
78.3 287.839 0 255 255 255 255
78.3 285.84 0 255 255 255 255
78.3 283.84 0 255 255 255 255
78.3 281.84 0 255 255 255 255
78.3 279.84 0 255 255 255 255
78.0285 277.888 0 255 255 255 255
76.2 277.421 0 255 255 255 255
76.2 279.421 0 255 255 255 255
76.2 281.421 0 255 255 255 255
76.2 283.421 0 255 255 255 255
76.2 285.421 0 255 255 255 255
76.2 287.421 0 255 255 255 255
76.2 289.421 0 255 255 255 255
101.9 256.9 0 255 255 255 255
101.9 258.9 0 255 255 255 255
101.9 260.9 0 255 255 255 255
101.9 262.9 0 255 255 255 255
101.9 264.9 0 255 255 255 255
101.9 266.9 0 255 255 255 255
101.9 268.9 0 255 255 255 255
101.9 270.9 0 255 255 255 255
101.9 272.9 0 255 255 255 255
101.9 274.9 0 255 255 255 255
101.9 276.9 0 255 255 255 255
101.9 278.9 0 255 255 255 255
101.9 280.9 0 255 255 255 255
101.9 282.9 0 255 255 255 255
101.9 284.9 0 255 255 255 255
101.9 286.9 0 255 255 255 255
101.893 288.9 0 255 255 255 255
101.793 290.897 0 255 255 255 255
101.425 292.858 0 255 255 255 255
100.368 294.522 0 255 255 255 255
98.5721 295.36 0 255 255 255 255
96.5935 295.633 0 255 255 255 255
94.595 295.698 0 255 255 255 255
92.5959 295.651 0 255 255 255 255
90.6159 295.387 0 255 255 255 255
88.8042 294.585 0 255 255 255 255
87.7027 292.952 0 255 255 255 255
87.3149 290.995 0 255 255 255 255
87.2086 288.999 0 255 255 255 255
87.2 286.999 0 255 255 255 255
87.2 284.999 0 255 255 255 255
87.2 282.999 0 255 255 255 255
87.2 280.999 0 255 255 255 255
87.601 279.4 0 255 255 255 255
89.601 279.4 0 255 255 255 255
91.601 279.4 0 255 255 255 255
93.2 279.801 0 255 255 255 255
93.2 281.801 0 255 255 255 255
93.2 283.801 0 255 255 255 255
93.2 285.801 0 255 255 255 255
93.2 287.801 0 255 255 255 255
93.2972 289.793 0 255 255 255 255
94.8636 290.443 0 255 255 255 255
95.3 288.559 0 255 255 255 255
95.3 286.559 0 255 255 255 255
95.3 284.559 0 255 255 255 255
95.3 282.559 0 255 255 255 255
95.3 280.559 0 255 255 255 255
95.3 278.559 0 255 255 255 255
95.3 276.559 0 255 255 255 255
95.3 274.559 0 255 255 255 255
95.3 272.559 0 255 255 255 255
95.3 270.559 0 255 255 255 255
95.3 268.559 0 255 255 255 255
95.3 266.559 0 255 255 255 255
95.3 264.559 0 255 255 255 255
95.3 262.559 0 255 255 255 255
95.3 260.559 0 255 255 255 255
95.3 258.559 0 255 255 255 255
95.6406 256.9 0 255 255 255 255
97.6407 256.9 0 255 255 255 255
99.6407 256.9 0 255 255 255 255
101.641 256.9 0 255 255 255 255
115.8 256.9 0 255 255 255 255
115.8 258.9 0 255 255 255 255
115.8 260.9 0 255 255 255 255
114.8 261.9 0 255 255 255 255
112.8 261.9 0 255 255 255 255
111.9 263 0 255 255 255 255
111.9 265 0 255 255 255 255
111.9 267 0 255 255 255 255
111.9 269 0 255 255 255 255
111.9 271 0 255 255 255 255
113.2 271.7 0 255 255 255 255
115.2 271.7 0 255 255 255 255
115.8 273.1 0 255 255 255 255
115.8 275.1 0 255 255 255 255
115.5 276.8 0 255 255 255 255
113.5 276.8 0 255 255 255 255
111.9 277.2 0 255 255 255 255
111.9 279.2 0 255 255 255 255
111.9 281.2 0 255 255 255 255
111.9 283.2 0 255 255 255 255
111.9 285.2 0 255 255 255 255
111.9 287.2 0 255 255 255 255
111.9 289.2 0 255 255 255 255
112.8 290.3 0 255 255 255 255
114.8 290.3 0 255 255 255 255
115.8 291.3 0 255 255 255 255
115.8 293.3 0 255 255 255 255
115.8 295.3 0 255 255 255 255
113.9 295.4 0 255 255 255 255
111.9 295.4 0 255 255 255 255
109.9 295.4 0 255 255 255 255
107.9 295.4 0 255 255 255 255
105.9 295.4 0 255 255 255 255
105.3 294 0 255 255 255 255
105.3 292 0 255 255 255 255
105.3 290 0 255 255 255 255
105.3 288 0 255 255 255 255
105.3 286 0 255 255 255 255
105.3 284 0 255 255 255 255
105.3 282 0 255 255 255 255
105.3 280 0 255 255 255 255
105.3 278 0 255 255 255 255
105.3 276 0 255 255 255 255
105.3 274 0 255 255 255 255
105.3 272 0 255 255 255 255
105.3 270 0 255 255 255 255
105.3 268 0 255 255 255 255
105.3 266 0 255 255 255 255
105.3 264 0 255 255 255 255
105.3 262 0 255 255 255 255
105.3 260 0 255 255 255 255
105.3 258 0 255 255 255 255
106.2 256.9 0 255 255 255 255
108.2 256.9 0 255 255 255 255
110.2 256.9 0 255 255 255 255
112.2 256.9 0 255 255 255 255
114.2 256.9 0 255 255 255 255
134 270 0 255 255 255 255
132 270 0 255 255 255 255
130 270 0 255 255 255 255
128 270 0 255 255 255 255
127.4 268.6 0 255 255 255 255
127.4 266.6 0 255 255 255 255
127.4 264.6 0 255 255 255 255
127.343 262.603 0 255 255 255 255
125.849 261.79 0 255 255 255 255
125.3 263.609 0 255 255 255 255
125.3 265.609 0 255 255 255 255
125.3 267.609 0 255 255 255 255
125.3 269.609 0 255 255 255 255
125.3 271.609 0 255 255 255 255
125.3 273.609 0 255 255 255 255
125.3 275.609 0 255 255 255 255
125.3 277.609 0 255 255 255 255
125.3 279.609 0 255 255 255 255
125.3 281.609 0 255 255 255 255
125.3 283.609 0 255 255 255 255
125.3 285.609 0 255 255 255 255
125.3 287.609 0 255 255 255 255
125.359 289.606 0 255 255 255 255
126.867 290.415 0 255 255 255 255
127.4 288.599 0 255 255 255 255
127.4 286.599 0 255 255 255 255
127.4 284.599 0 255 255 255 255
127.4 282.599 0 255 255 255 255
127.4 280.599 0 255 255 255 255
127.901 279.1 0 255 255 255 255
129.901 279.1 0 255 255 255 255
131.901 279.1 0 255 255 255 255
133.901 279.1 0 255 255 255 255
134 281.001 0 255 255 255 255
134 283.001 0 255 255 255 255
134 285.001 0 255 255 255 255
134 287.001 0 255 255 255 255
133.991 289.001 0 255 255 255 255
133.882 290.997 0 255 255 255 255
133.491 292.953 0 255 255 255 255
132.388 294.583 0 255 255 255 255
130.574 295.384 0 255 255 255 255
128.593 295.641 0 255 255 255 255
126.594 295.699 0 255 255 255 255
124.595 295.659 0 255 255 255 255
122.608 295.445 0 255 255 255 255
120.73 294.793 0 255 255 255 255
119.452 293.294 0 255 255 255 255
118.964 291.362 0 255 255 255 255
118.821 289.368 0 255 255 255 255
118.8 287.368 0 255 255 255 255
118.8 285.368 0 255 255 255 255
118.8 283.368 0 255 255 255 255
118.8 281.368 0 255 255 255 255
118.8 279.368 0 255 255 255 255
118.8 277.368 0 255 255 255 255
118.8 275.368 0 255 255 255 255
118.8 273.368 0 255 255 255 255
118.8 271.368 0 255 255 255 255
118.8 269.368 0 255 255 255 255
118.8 267.368 0 255 255 255 255
118.8 265.368 0 255 255 255 255
118.809 263.368 0 255 255 255 255
118.914 261.371 0 255 255 255 255
119.301 259.415 0 255 255 255 255
120.417 257.795 0 255 255 255 255
122.239 257.014 0 255 255 255 255
124.221 256.761 0 255 255 255 255
126.22 256.702 0 255 255 255 255
128.219 256.735 0 255 255 255 255
130.208 256.93 0 255 255 255 255
132.095 257.557 0 255 255 255 255
133.373 259.05 0 255 255 255 255
133.846 260.987 0 255 255 255 255
133.98 262.981 0 255 255 255 255
134 264.981 0 255 255 255 255
134 266.981 0 255 255 255 255
134 268.981 0 255 255 255 255
148.7 256.9 0 255 255 255 255
148.7 258.9 0 255 255 255 255
148.7 260.9 0 255 255 255 255
147.8 262 0 255 255 255 255
145.8 262 0 255 255 255 255
145.5 263.7 0 255 255 255 255
145.5 265.7 0 255 255 255 255
145.5 267.7 0 255 255 255 255
145.5 269.7 0 255 255 255 255
145.5 271.7 0 255 255 255 255
145.5 273.7 0 255 255 255 255
145.5 275.7 0 255 255 255 255
145.5 277.7 0 255 255 255 255
145.5 279.7 0 255 255 255 255
145.5 281.7 0 255 255 255 255
145.5 283.7 0 255 255 255 255
145.5 285.7 0 255 255 255 255
145.5 287.7 0 255 255 255 255
145.5 289.7 0 255 255 255 255
145.5 291.7 0 255 255 255 255
145.5 293.7 0 255 255 255 255
145.2 295.4 0 255 255 255 255
143.2 295.4 0 255 255 255 255
141.2 295.4 0 255 255 255 255
139.2 295.4 0 255 255 255 255
138.9 293.7 0 255 255 255 255
138.9 291.7 0 255 255 255 255
138.9 289.7 0 255 255 255 255
138.9 287.7 0 255 255 255 255
138.9 285.7 0 255 255 255 255
138.9 283.7 0 255 255 255 255
138.9 281.7 0 255 255 255 255
138.9 279.7 0 255 255 255 255
138.9 277.7 0 255 255 255 255
138.9 275.7 0 255 255 255 255
138.9 273.7 0 255 255 255 255
138.9 271.7 0 255 255 255 255
138.9 269.7 0 255 255 255 255
138.9 267.7 0 255 255 255 255
138.9 265.7 0 255 255 255 255
138.9 263.7 0 255 255 255 255
138.6 262 0 255 255 255 255
136.6 262 0 255 255 255 255
135.7 260.9 0 255 255 255 255
135.7 258.9 0 255 255 255 255
135.7 256.9 0 255 255 255 255
137.7 256.9 0 255 255 255 255
139.7 256.9 0 255 255 255 255
141.7 256.9 0 255 255 255 255
143.7 256.9 0 255 255 255 255
145.7 256.9 0 255 255 255 255
147.7 256.9 0 255 255 255 255
58.9 323.2 0 255 255 255 255
60.8993 323.243 0 255 255 255 255
62.8858 323.461 0 255 255 255 255
64.7443 324.156 0 255 255 255 255
65.9374 325.718 0 255 255 255 255
66.3643 327.666 0 255 255 255 255
66.485 329.662 0 255 255 255 255
66.5 331.661 0 255 255 255 255
66.5 333.661 0 255 255 255 255
66.5 335.661 0 255 255 255 255
66.5 337.661 0 255 255 255 255
66.5 339.661 0 255 255 255 255
66.5 341.661 0 255 255 255 255
66.5 343.661 0 255 255 255 255
66.5 345.661 0 255 255 255 255
66.5 347.661 0 255 255 255 255
66.5 349.661 0 255 255 255 255
66.5 351.661 0 255 255 255 255
66.5 353.661 0 255 255 255 255
66.4864 355.661 0 255 255 255 255
66.3654 357.657 0 255 255 255 255
65.938 359.605 0 255 255 255 255
64.7604 361.181 0 255 255 255 255
62.9165 361.914 0 255 255 255 255
60.9328 362.153 0 255 255 255 255
58.9336 362.199 0 255 255 255 255
56.9345 362.149 0 255 255 255 255
54.9499 361.917 0 255 255 255 255
53.0991 361.2 0 255 255 255 255
51.894 359.644 0 255 255 255 255
51.4459 357.702 0 255 255 255 255
51.3158 355.707 0 255 255 255 255
51.3 353.707 0 255 255 255 255
51.3 351.707 0 255 255 255 255
51.3 349.707 0 255 255 255 255
51.3 347.707 0 255 255 255 255
51.3 345.707 0 255 255 255 255
51.3 343.707 0 255 255 255 255
51.3 341.707 0 255 255 255 255
51.3 339.707 0 255 255 255 255
51.3 337.707 0 255 255 255 255
51.3 335.707 0 255 255 255 255
51.3 333.707 0 255 255 255 255
51.3 331.707 0 255 255 255 255
51.312 329.707 0 255 255 255 255
51.4207 327.711 0 255 255 255 255
51.8299 325.759 0 255 255 255 255
53.0136 324.189 0 255 255 255 255
54.8685 323.481 0 255 255 255 255
56.8531 323.25 0 255 255 255 255
58.8523 323.201 0 255 255 255 255
57.8 355.5 0 255 255 255 255
58.6697 357.084 0 255 255 255 255
59.8878 355.909 0 255 255 255 255
59.9 353.909 0 255 255 255 255
59.9 351.909 0 255 255 255 255
59.9 349.909 0 255 255 255 255
59.9 347.909 0 255 255 255 255
59.9 345.909 0 255 255 255 255
59.9 343.909 0 255 255 255 255
59.9 341.909 0 255 255 255 255
59.9 339.909 0 255 255 255 255
59.9 337.909 0 255 255 255 255
59.9 335.909 0 255 255 255 255
59.9 333.909 0 255 255 255 255
59.9 331.909 0 255 255 255 255
59.8991 329.909 0 255 255 255 255
59.0439 328.318 0 255 255 255 255
57.818 329.501 0 255 255 255 255
57.8 331.501 0 255 255 255 255
57.8 333.501 0 255 255 255 255
57.8 335.501 0 255 255 255 255
57.8 337.501 0 255 255 255 255
57.8 339.501 0 255 255 255 255
57.8 341.501 0 255 255 255 255
57.8 343.501 0 255 255 255 255
57.8 345.501 0 255 255 255 255
57.8 347.501 0 255 255 255 255
57.8 349.501 0 255 255 255 255
57.8 351.501 0 255 255 255 255
57.8 353.501 0 255 255 255 255
80.2 323.5 0 255 255 255 255
80.2 325.5 0 255 255 255 255
80.2 327.5 0 255 255 255 255
79.2 328.5 0 255 255 255 255
77.2 328.5 0 255 255 255 255
76.3 329.6 0 255 255 255 255
76.3 331.6 0 255 255 255 255
76.3 333.6 0 255 255 255 255
76.3 335.6 0 255 255 255 255
76.3 337.6 0 255 255 255 255
77.6 338.3 0 255 255 255 255
79.6 338.3 0 255 255 255 255
80.2 339.7 0 255 255 255 255
80.2 341.7 0 255 255 255 255
79.9 343.4 0 255 255 255 255
77.9 343.4 0 255 255 255 255
76.3 343.8 0 255 255 255 255
76.3 345.8 0 255 255 255 255
76.3 347.8 0 255 255 255 255
76.3 349.8 0 255 255 255 255
76.3 351.8 0 255 255 255 255
76.3 353.8 0 255 255 255 255
76.3 355.8 0 255 255 255 255
76.3 357.8 0 255 255 255 255
76.3 359.8 0 255 255 255 255
76.3 361.8 0 255 255 255 255
74.5 362 0 255 255 255 255
72.5 362 0 255 255 255 255
70.5 362 0 255 255 255 255
69.7 360.8 0 255 255 255 255
69.7 358.8 0 255 255 255 255
69.7 356.8 0 255 255 255 255
69.7 354.8 0 255 255 255 255
69.7 352.8 0 255 255 255 255
69.7 350.8 0 255 255 255 255
69.7 348.8 0 255 255 255 255
69.7 346.8 0 255 255 255 255
69.7 344.8 0 255 255 255 255
69.7 342.8 0 255 255 255 255
69.7 340.8 0 255 255 255 255
69.7 338.8 0 255 255 255 255
69.7 336.8 0 255 255 255 255
69.7 334.8 0 255 255 255 255
69.7 332.8 0 255 255 255 255
69.7 330.8 0 255 255 255 255
69.7 328.8 0 255 255 255 255
69.7 326.8 0 255 255 255 255
69.7 324.8 0 255 255 255 255
70.4 323.5 0 255 255 255 255
72.4 323.5 0 255 255 255 255
74.4 323.5 0 255 255 255 255
76.4 323.5 0 255 255 255 255
78.4 323.5 0 255 255 255 255
66.5 403.2 0 255 255 255 255
64.5 403.2 0 255 255 255 255
62.5 403.2 0 255 255 255 255
60.5 403.2 0 255 255 255 255
59.9 401.8 0 255 255 255 255
59.9 399.8 0 255 255 255 255
59.9 397.8 0 255 255 255 255
59.8426 395.803 0 255 255 255 255
58.3488 394.99 0 255 255 255 255
57.8 396.809 0 255 255 255 255
57.8 398.809 0 255 255 255 255
57.8 400.809 0 255 255 255 255
57.8 402.809 0 255 255 255 255
57.8 404.809 0 255 255 255 255
57.8 406.81 0 255 255 255 255
57.8 408.809 0 255 255 255 255
57.8 410.809 0 255 255 255 255
57.8 412.809 0 255 255 255 255
57.8 414.809 0 255 255 255 255
57.8 416.809 0 255 255 255 255
57.8 418.809 0 255 255 255 255
57.8 420.809 0 255 255 255 255
57.8586 422.806 0 255 255 255 255
59.3672 423.615 0 255 255 255 255
59.9 421.799 0 255 255 255 255
59.9 419.799 0 255 255 255 255
59.9 417.799 0 255 255 255 255
59.9 415.799 0 255 255 255 255
59.9 413.799 0 255 255 255 255
60.4006 412.3 0 255 255 255 255
62.4006 412.3 0 255 255 255 255
64.4006 412.3 0 255 255 255 255
66.4006 412.3 0 255 255 255 255
66.5 414.201 0 255 255 255 255
66.5 416.201 0 255 255 255 255
66.5 418.201 0 255 255 255 255
66.5 420.201 0 255 255 255 255
66.4913 422.201 0 255 255 255 255
66.3823 424.197 0 255 255 255 255
65.9913 426.153 0 255 255 255 255
64.8878 427.783 0 255 255 255 255
63.0744 428.584 0 255 255 255 255
61.0932 428.841 0 255 255 255 255
59.0944 428.899 0 255 255 255 255
57.095 428.859 0 255 255 255 255
55.1081 428.645 0 255 255 255 255
53.2298 427.993 0 255 255 255 255
51.952 426.494 0 255 255 255 255
51.4638 424.562 0 255 255 255 255
51.3211 422.568 0 255 255 255 255
51.3 420.568 0 255 255 255 255
51.3 418.568 0 255 255 255 255
51.3 416.568 0 255 255 255 255
51.3 414.568 0 255 255 255 255
51.3 412.568 0 255 255 255 255
51.3 410.568 0 255 255 255 255
51.3 408.568 0 255 255 255 255
51.3 406.568 0 255 255 255 255
51.3 404.568 0 255 255 255 255
51.3 402.568 0 255 255 255 255
51.3 400.568 0 255 255 255 255
51.3 398.568 0 255 255 255 255
51.3088 396.568 0 255 255 255 255
51.4136 394.571 0 255 255 255 255
51.801 392.615 0 255 255 255 255
52.9169 390.995 0 255 255 255 255
54.739 390.214 0 255 255 255 255
56.721 389.961 0 255 255 255 255
58.7198 389.902 0 255 255 255 255
60.7193 389.935 0 255 255 255 255
62.7082 390.13 0 255 255 255 255
64.5947 390.757 0 255 255 255 255
65.8731 392.25 0 255 255 255 255
66.3455 394.187 0 255 255 255 255
66.4797 396.181 0 255 255 255 255
66.5 398.181 0 255 255 255 255
66.5 400.181 0 255 255 255 255
66.5 402.181 0 255 255 255 255
76 390.1 0 255 255 255 255
76 392.1 0 255 255 255 255
76 394.1 0 255 255 255 255
76 396.1 0 255 255 255 255
76 398.1 0 255 255 255 255
76 400.1 0 255 255 255 255
76 402.1 0 255 255 255 255
76 404.1 0 255 255 255 255
76 406.1 0 255 255 255 255
76 408.1 0 255 255 255 255
76 410.1 0 255 255 255 255
76 412.1 0 255 255 255 255
76 414.1 0 255 255 255 255
76 416.1 0 255 255 255 255
76 418.1 0 255 255 255 255
76 420.1 0 255 255 255 255
76 422.1 0 255 255 255 255
76 424.1 0 255 255 255 255
76 426.1 0 255 255 255 255
76 428.1 0 255 255 255 255
74.5 428.6 0 255 255 255 255
72.5 428.6 0 255 255 255 255
70.5 428.6 0 255 255 255 255
69.4 427.7 0 255 255 255 255
69.4 425.7 0 255 255 255 255
69.4 423.7 0 255 255 255 255
69.4 421.7 0 255 255 255 255
69.4 419.7 0 255 255 255 255
69.4 417.7 0 255 255 255 255
69.4 415.7 0 255 255 255 255
69.4 413.7 0 255 255 255 255
69.4 411.7 0 255 255 255 255
69.4 409.7 0 255 255 255 255
69.4 407.7 0 255 255 255 255
69.4 405.7 0 255 255 255 255
69.4 403.7 0 255 255 255 255
69.4 401.7 0 255 255 255 255
69.4 399.7 0 255 255 255 255
69.4 397.7 0 255 255 255 255
69.4 395.7 0 255 255 255 255
69.4 393.7 0 255 255 255 255
69.4 391.7 0 255 255 255 255
69.8 390.1 0 255 255 255 255
71.8 390.1 0 255 255 255 255
73.8 390.1 0 255 255 255 255
75.8 390.1 0 255 255 255 255
87.3 390.1 0 255 255 255 255
89.2974 390.184 0 255 255 255 255
91.2612 390.542 0 255 255 255 255
92.9905 391.509 0 255 255 255 255
94.0034 393.208 0 255 255 255 255
94.3865 395.166 0 255 255 255 255
94.4928 397.163 0 255 255 255 255
94.5 399.163 0 255 255 255 255
94.5 401.163 0 255 255 255 255
94.4986 403.163 0 255 255 255 255
94.4168 405.16 0 255 255 255 255
93.9915 407.107 0 255 255 255 255
92.8257 408.704 0 255 255 255 255
91.9132 409.675 0 255 255 255 255
93.469 410.899 0 255 255 255 255
94.2596 412.719 0 255 255 255 255
94.4872 414.703 0 255 255 255 255
94.5 416.703 0 255 255 255 255
94.5 418.703 0 255 255 255 255
94.5 420.703 0 255 255 255 255
94.5 422.703 0 255 255 255 255
94.5 424.703 0 255 255 255 255
94.5 426.703 0 255 255 255 255
94.2969 428.5 0 255 255 255 255
92.2969 428.5 0 255 255 255 255
90.2969 428.5 0 255 255 255 255
88.2969 428.5 0 255 255 255 255
88 426.797 0 255 255 255 255
88 424.797 0 255 255 255 255
88 422.797 0 255 255 255 255
88 420.797 0 255 255 255 255
88 418.797 0 255 255 255 255
88 416.797 0 255 255 255 255
88 414.797 0 255 255 255 255
87.6608 412.866 0 255 255 255 255
85.9 412.508 0 255 255 255 255
85.9 414.508 0 255 255 255 255
85.9 416.508 0 255 255 255 255
85.9 418.508 0 255 255 255 255
85.9 420.508 0 255 255 255 255
85.9 422.508 0 255 255 255 255
85.9 424.508 0 255 255 255 255
85.9 426.508 0 255 255 255 255
85.7921 428.4 0 255 255 255 255
83.7921 428.4 0 255 255 255 255
81.7921 428.4 0 255 255 255 255
79.7921 428.4 0 255 255 255 255
79.3 426.892 0 255 255 255 255
79.3 424.892 0 255 255 255 255
79.3 422.892 0 255 255 255 255
79.3 420.892 0 255 255 255 255
79.3 418.892 0 255 255 255 255
79.3 416.892 0 255 255 255 255
79.3 414.892 0 255 255 255 255
79.3 412.892 0 255 255 255 255
79.3 410.892 0 255 255 255 255
79.3 408.892 0 255 255 255 255
79.3 406.892 0 255 255 255 255
79.3 404.892 0 255 255 255 255
79.3 402.892 0 255 255 255 255
79.3 400.892 0 255 255 255 255
79.3 398.892 0 255 255 255 255
79.3 396.892 0 255 255 255 255
79.3 394.892 0 255 255 255 255
79.3 392.892 0 255 255 255 255
79.3 390.892 0 255 255 255 255
80.3079 389.9 0 255 255 255 255
82.3079 389.9 0 255 255 255 255
84.3079 389.9 0 255 255 255 255
86.3079 389.9 0 255 255 255 255
85.9 406.9 0 255 255 255 255
87.739 406.403 0 255 255 255 255
88 404.443 0 255 255 255 255
88 402.443 0 255 255 255 255
88 400.443 0 255 255 255 255
88 398.443 0 255 255 255 255
87.9816 396.443 0 255 255 255 255
86.823 395.122 0 255 255 255 255
85.9 396.176 0 255 255 255 255
85.9 398.176 0 255 255 255 255
85.9 400.176 0 255 255 255 255
85.9 402.176 0 255 255 255 255
85.9 404.176 0 255 255 255 255
85.9 406.176 0 255 255 255 255
112.8 403.2 0 255 255 255 255
110.8 403.2 0 255 255 255 255
108.8 403.2 0 255 255 255 255
106.8 403.2 0 255 255 255 255
106.2 401.8 0 255 255 255 255
106.2 399.8 0 255 255 255 255
106.2 397.8 0 255 255 255 255
106.143 395.803 0 255 255 255 255
104.649 394.99 0 255 255 255 255
104.1 396.809 0 255 255 255 255
104.1 398.809 0 255 255 255 255
104.1 400.809 0 255 255 255 255
104.1 402.809 0 255 255 255 255
104.1 404.809 0 255 255 255 255
104.1 406.81 0 255 255 255 255
104.1 408.809 0 255 255 255 255
104.1 410.809 0 255 255 255 255
104.1 412.809 0 255 255 255 255
104.1 414.809 0 255 255 255 255
104.1 416.809 0 255 255 255 255
104.1 418.809 0 255 255 255 255
104.1 420.809 0 255 255 255 255
104.159 422.806 0 255 255 255 255
105.667 423.615 0 255 255 255 255
106.2 421.799 0 255 255 255 255
106.2 419.799 0 255 255 255 255
106.2 417.799 0 255 255 255 255
106.2 415.799 0 255 255 255 255
106.2 413.799 0 255 255 255 255
106.701 412.3 0 255 255 255 255
108.701 412.3 0 255 255 255 255
110.701 412.3 0 255 255 255 255
112.701 412.3 0 255 255 255 255
112.8 414.201 0 255 255 255 255
112.8 416.201 0 255 255 255 255
112.8 418.201 0 255 255 255 255
112.8 420.201 0 255 255 255 255
112.791 422.201 0 255 255 255 255
112.682 424.197 0 255 255 255 255
112.291 426.153 0 255 255 255 255
111.188 427.783 0 255 255 255 255
109.374 428.584 0 255 255 255 255
107.393 428.841 0 255 255 255 255
105.394 428.899 0 255 255 255 255
103.395 428.859 0 255 255 255 255
101.408 428.645 0 255 255 255 255
99.5298 427.993 0 255 255 255 255
98.252 426.494 0 255 255 255 255
97.7638 424.562 0 255 255 255 255
97.6211 422.568 0 255 255 255 255
97.6 420.568 0 255 255 255 255
97.6 418.568 0 255 255 255 255
97.6 416.568 0 255 255 255 255
97.6 414.568 0 255 255 255 255
97.6 412.568 0 255 255 255 255
97.6 410.568 0 255 255 255 255
97.6 408.568 0 255 255 255 255
97.6 406.568 0 255 255 255 255
97.6 404.568 0 255 255 255 255
97.6 402.568 0 255 255 255 255
97.6 400.568 0 255 255 255 255
97.6 398.568 0 255 255 255 255
97.6088 396.568 0 255 255 255 255
97.7136 394.571 0 255 255 255 255
98.101 392.615 0 255 255 255 255
99.217 390.995 0 255 255 255 255
101.039 390.214 0 255 255 255 255
103.021 389.961 0 255 255 255 255
105.02 389.902 0 255 255 255 255
107.019 389.935 0 255 255 255 255
109.008 390.13 0 255 255 255 255
110.895 390.757 0 255 255 255 255
112.173 392.25 0 255 255 255 255
112.646 394.187 0 255 255 255 255
112.78 396.181 0 255 255 255 255
112.8 398.181 0 255 255 255 255
112.8 400.181 0 255 255 255 255
112.8 402.181 0 255 255 255 255
122.1 390.1 0 255 255 255 255
122.1 392.1 0 255 255 255 255
122.1 394.1 0 255 255 255 255
122.1 396.1 0 255 255 255 255
122.1 398.1 0 255 255 255 255
122.1 400.1 0 255 255 255 255
122.1 402.1 0 255 255 255 255
122.1 404.1 0 255 255 255 255
122.1 406.1 0 255 255 255 255
122.1 408.1 0 255 255 255 255
122.1 410.1 0 255 255 255 255
122.1 412.1 0 255 255 255 255
122.1 414.1 0 255 255 255 255
122.1 416.1 0 255 255 255 255
122.1 418.1 0 255 255 255 255
122.1 420.1 0 255 255 255 255
122.1 422.1 0 255 255 255 255
122.847 423.775 0 255 255 255 255
124.081 422.609 0 255 255 255 255
124.1 420.609 0 255 255 255 255
124.1 418.609 0 255 255 255 255
124.1 416.609 0 255 255 255 255
124.1 414.609 0 255 255 255 255
124.1 412.609 0 255 255 255 255
124.1 410.609 0 255 255 255 255
124.1 408.609 0 255 255 255 255
124.1 406.609 0 255 255 255 255
124.1 404.609 0 255 255 255 255
124.1 402.609 0 255 255 255 255
124.1 400.609 0 255 255 255 255
124.1 398.609 0 255 255 255 255
124.1 396.609 0 255 255 255 255
124.1 394.609 0 255 255 255 255
124.1 392.609 0 255 255 255 255
124.1 390.609 0 255 255 255 255
125.591 390.1 0 255 255 255 255
127.591 390.1 0 255 255 255 255
129.591 390.1 0 255 255 255 255
130.7 390.991 0 255 255 255 255
130.7 392.991 0 255 255 255 255
130.7 394.991 0 255 255 255 255
130.7 396.991 0 255 255 255 255
130.7 398.991 0 255 255 255 255
130.7 400.991 0 255 255 255 255
130.7 402.991 0 255 255 255 255
130.7 404.991 0 255 255 255 255
130.7 406.991 0 255 255 255 255
130.7 408.991 0 255 255 255 255
130.7 410.991 0 255 255 255 255
130.7 412.991 0 255 255 255 255
130.7 414.991 0 255 255 255 255
130.7 416.991 0 255 255 255 255
130.7 418.991 0 255 255 255 255
130.7 420.991 0 255 255 255 255
130.667 422.99 0 255 255 255 255
130.479 424.98 0 255 255 255 255
129.874 426.875 0 255 255 255 255
128.421 428.203 0 255 255 255 255
126.497 428.722 0 255 255 255 255
124.504 428.878 0 255 255 255 255
122.504 428.893 0 255 255 255 255
120.507 428.805 0 255 255 255 255
118.539 428.467 0 255 255 255 255
116.821 427.494 0 255 255 255 255
115.896 425.748 0 255 255 255 255
115.583 423.776 0 255 255 255 255
115.505 421.778 0 255 255 255 255
115.5 419.778 0 255 255 255 255
115.5 417.778 0 255 255 255 255
115.5 415.778 0 255 255 255 255
115.5 413.778 0 255 255 255 255
115.5 411.778 0 255 255 255 255
115.5 409.778 0 255 255 255 255
115.5 407.778 0 255 255 255 255
115.5 405.778 0 255 255 255 255
115.5 403.778 0 255 255 255 255
115.5 401.778 0 255 255 255 255
115.5 399.778 0 255 255 255 255
115.5 397.778 0 255 255 255 255
115.5 395.778 0 255 255 255 255
115.5 393.778 0 255 255 255 255
115.5 391.778 0 255 255 255 255
115.822 390.1 0 255 255 255 255
117.822 390.1 0 255 255 255 255
119.822 390.1 0 255 255 255 255
121.822 390.1 0 255 255 255 255
141.6 390.1 0 255 255 255 255
141.857 392.083 0 255 255 255 255
142.115 394.067 0 255 255 255 255
142.372 396.05 0 255 255 255 255
142.629 398.034 0 255 255 255 255
142.887 400.017 0 255 255 255 255
143.144 402 0 255 255 255 255
143.401 403.984 0 255 255 255 255
143.658 405.967 0 255 255 255 255
143.916 407.95 0 255 255 255 255
144.434 407.564 0 255 255 255 255
144.692 405.58 0 255 255 255 255
144.949 403.597 0 255 255 255 255
145.206 401.614 0 255 255 255 255
145.464 399.63 0 255 255 255 255
145.721 397.647 0 255 255 255 255
145.978 395.663 0 255 255 255 255
146.236 393.68 0 255 255 255 255
146.493 391.697 0 255 255 255 255
147.09 390.1 0 255 255 255 255
149.09 390.1 0 255 255 255 255
151.09 390.1 0 255 255 255 255
153.09 390.1 0 255 255 255 255
154.4 390.79 0 255 255 255 255
154.4 392.79 0 255 255 255 255
154.4 394.79 0 255 255 255 255
154.4 396.79 0 255 255 255 255
154.4 398.79 0 255 255 255 255
154.4 400.79 0 255 255 255 255
154.4 402.79 0 255 255 255 255
154.4 404.79 0 255 255 255 255
154.4 406.79 0 255 255 255 255
154.4 408.79 0 255 255 255 255
154.4 410.79 0 255 255 255 255
154.4 412.79 0 255 255 255 255
154.4 414.79 0 255 255 255 255
154.4 416.79 0 255 255 255 255
154.4 418.79 0 255 255 255 255
154.4 420.79 0 255 255 255 255
154.4 422.79 0 255 255 255 255
154.4 424.79 0 255 255 255 255
154.4 426.79 0 255 255 255 255
154.21 428.6 0 255 255 255 255
152.21 428.6 0 255 255 255 255
150.21 428.6 0 255 255 255 255
148.503 428.31 0 255 255 255 255
148.52 426.31 0 255 255 255 255
148.538 424.31 0 255 255 255 255
148.555 422.31 0 255 255 255 255
148.573 420.31 0 255 255 255 255
148.59 418.31 0 255 255 255 255
148.608 416.311 0 255 255 255 255
148.625 414.311 0 255 255 255 255
148.643 412.311 0 255 255 255 255
148.66 410.311 0 255 255 255 255
148.678 408.311 0 255 255 255 255
148.696 406.311 0 255 255 255 255
148.181 406.883 0 255 255 255 255
147.963 408.871 0 255 255 255 255
147.745 410.859 0 255 255 255 255
147.527 412.847 0 255 255 255 255
147.309 414.835 0 255 255 255 255
147.091 416.823 0 255 255 255 255
146.873 418.811 0 255 255 255 255
146.655 420.799 0 255 255 255 255
146.437 422.787 0 255 255 255 255
146.219 424.775 0 255 255 255 255
146.001 426.763 0 255 255 255 255
145.648 428.6 0 255 255 255 255
143.648 428.6 0 255 255 255 255
142.229 427.951 0 255 255 255 255
142.011 425.963 0 255 255 255 255
141.793 423.975 0 255 255 255 255
141.575 421.987 0 255 255 255 255
141.357 419.999 0 255 255 255 255
141.139 418.011 0 255 255 255 255
140.921 416.023 0 255 255 255 255
140.703 414.035 0 255 255 255 255
140.485 412.047 0 255 255 255 255
140.267 410.059 0 255 255 255 255
140.049 408.071 0 255 255 255 255
139.831 406.083 0 255 255 255 255
139.412 407.116 0 255 255 255 255
139.429 409.116 0 255 255 255 255
139.447 411.116 0 255 255 255 255
139.464 413.116 0 255 255 255 255
139.482 415.115 0 255 255 255 255
139.499 417.115 0 255 255 255 255
139.517 419.115 0 255 255 255 255
139.534 421.115 0 255 255 255 255
139.552 423.115 0 255 255 255 255
139.569 425.115 0 255 255 255 255
139.587 427.115 0 255 255 255 255
139.085 428.6 0 255 255 255 255
137.085 428.6 0 255 255 255 255
135.085 428.6 0 255 255 255 255
133.7 427.985 0 255 255 255 255
133.7 425.985 0 255 255 255 255
133.7 423.985 0 255 255 255 255
133.7 421.985 0 255 255 255 255
133.7 419.985 0 255 255 255 255
133.7 417.985 0 255 255 255 255
133.7 415.985 0 255 255 255 255
133.7 413.985 0 255 255 255 255
133.7 411.985 0 255 255 255 255
133.7 409.985 0 255 255 255 255
133.7 407.985 0 255 255 255 255
133.7 405.985 0 255 255 255 255
133.7 403.985 0 255 255 255 255
133.7 401.985 0 255 255 255 255
133.7 399.985 0 255 255 255 255
133.7 397.985 0 255 255 255 255
133.7 395.985 0 255 255 255 255
133.7 393.985 0 255 255 255 255
133.7 391.985 0 255 255 255 255
133.815 390.1 0 255 255 255 255
135.815 390.1 0 255 255 255 255
137.815 390.1 0 255 255 255 255
139.815 390.1 0 255 255 255 255
172.7 403.4 0 255 255 255 255
170.7 403.4 0 255 255 255 255
168.7 403.4 0 255 255 255 255
166.7 403.4 0 255 255 255 255
166.2 401.9 0 255 255 255 255
166.2 399.9 0 255 255 255 255
166.2 397.9 0 255 255 255 255
166.143 395.903 0 255 255 255 255
164.646 395.097 0 255 255 255 255
164.2 396.957 0 255 255 255 255
164.2 398.957 0 255 255 255 255
164.2 400.957 0 255 255 255 255
164.205 402.957 0 255 255 255 255
165.045 404.676 0 255 255 255 255
166.757 405.708 0 255 255 255 255
168.491 406.705 0 255 255 255 255
170.213 407.721 0 255 255 255 255
171.688 409.057 0 255 255 255 255
172.553 410.844 0 255 255 255 255
172.796 412.825 0 255 255 255 255
172.8 414.825 0 255 255 255 255
172.8 416.825 0 255 255 255 255
172.8 418.825 0 255 255 255 255
172.8 420.825 0 255 255 255 255
172.775 422.824 0 255 255 255 255
172.623 424.817 0 255 255 255 255
172.087 426.734 0 255 255 255 255
170.713 428.134 0 255 255 255 255
168.806 428.702 0 255 255 255 255
166.814 428.87 0 255 255 255 255
164.815 428.896 0 255 255 255 255
162.817 428.82 0 255 255 255 255
160.844 428.513 0 255 255 255 255
159.073 427.627 0 255 255 255 255
158.056 425.933 0 255 255 255 255
157.701 423.969 0 255 255 255 255
157.607 421.971 0 255 255 255 255
157.6 419.971 0 255 255 255 255
157.6 417.971 0 255 255 255 255
157.6 415.971 0 255 255 255 255
157.6 413.971 0 255 255 255 255
158.329 412.7 0 255 255 255 255
160.329 412.7 0 255 255 255 255
162.328 412.7 0 255 255 255 255
164.2 412.828 0 255 255 255 255
164.2 414.829 0 255 255 255 255
164.2 416.828 0 255 255 255 255
164.2 418.828 0 255 255 255 255
164.2 420.828 0 255 255 255 255
164.259 422.825 0 255 255 255 255
165.707 423.705 0 255 255 255 255
166.2 421.852 0 255 255 255 255
166.2 419.852 0 255 255 255 255
166.2 417.852 0 255 255 255 255
166.2 415.852 0 255 255 255 255
166.199 413.852 0 255 255 255 255
165.46 412.093 0 255 255 255 255
163.761 411.041 0 255 255 255 255
162.042 410.018 0 255 255 255 255
160.324 408.995 0 255 255 255 255
158.784 407.733 0 255 255 255 255
157.842 405.986 0 255 255 255 255
157.524 404.017 0 255 255 255 255
157.5 402.017 0 255 255 255 255
157.5 400.017 0 255 255 255 255
157.5 398.017 0 255 255 255 255
157.529 396.018 0 255 255 255 255
157.699 394.026 0 255 255 255 255
158.265 392.118 0 255 255 255 255
159.638 390.713 0 255 255 255 255
161.536 390.116 0 255 255 255 255
163.526 389.932 0 255 255 255 255
165.526 389.904 0 255 255 255 255
167.524 389.979 0 255 255 255 255
169.499 390.274 0 255 255 255 255
171.278 391.144 0 255 255 255 255
172.279 392.847 0 255 255 255 255
172.611 394.816 0 255 255 255 255
172.694 396.813 0 255 255 255 255
172.7 398.813 0 255 255 255 255
172.7 400.813 0 255 255 255 255
172.7 402.813 0 255 255 255 255
187.7 390.1 0 255 255 255 255
187.7 392.1 0 255 255 255 255
187.7 394.1 0 255 255 255 255
186.8 395.2 0 255 255 255 255
184.8 395.2 0 255 255 255 255
184.5 396.9 0 255 255 255 255
184.5 398.9 0 255 255 255 255
184.5 400.9 0 255 255 255 255
184.5 402.9 0 255 255 255 255
184.5 404.9 0 255 255 255 255
184.5 406.9 0 255 255 255 255
184.5 408.9 0 255 255 255 255
184.5 410.9 0 255 255 255 255
184.5 412.9 0 255 255 255 255
184.5 414.9 0 255 255 255 255
184.5 416.9 0 255 255 255 255
184.5 418.9 0 255 255 255 255
184.5 420.9 0 255 255 255 255
184.5 422.9 0 255 255 255 255
184.5 424.9 0 255 255 255 255
184.5 426.9 0 255 255 255 255
184.2 428.6 0 255 255 255 255
182.2 428.6 0 255 255 255 255
180.2 428.6 0 255 255 255 255
178.2 428.6 0 255 255 255 255
177.9 426.9 0 255 255 255 255
177.9 424.9 0 255 255 255 255
177.9 422.9 0 255 255 255 255
177.9 420.9 0 255 255 255 255
177.9 418.9 0 255 255 255 255
177.9 416.9 0 255 255 255 255
177.9 414.9 0 255 255 255 255
177.9 412.9 0 255 255 255 255
177.9 410.9 0 255 255 255 255
177.9 408.9 0 255 255 255 255
177.9 406.9 0 255 255 255 255
177.9 404.9 0 255 255 255 255
177.9 402.9 0 255 255 255 255
177.9 400.9 0 255 255 255 255
177.9 398.9 0 255 255 255 255
177.9 396.9 0 255 255 255 255
177.6 395.2 0 255 255 255 255
175.6 395.2 0 255 255 255 255
174.7 394.1 0 255 255 255 255
174.7 392.1 0 255 255 255 255
174.7 390.1 0 255 255 255 255
176.7 390.1 0 255 255 255 255
178.7 390.1 0 255 255 255 255
180.7 390.1 0 255 255 255 255
182.7 390.1 0 255 255 255 255
184.7 390.1 0 255 255 255 255
186.7 390.1 0 255 255 255 255
200.1 390.1 0 255 255 255 255
200.302 392.09 0 255 255 255 255
200.503 394.08 0 255 255 255 255
200.705 396.069 0 255 255 255 255
200.906 398.059 0 255 255 255 255
201.108 400.049 0 255 255 255 255
201.309 402.039 0 255 255 255 255
201.511 404.029 0 255 255 255 255
201.713 406.019 0 255 255 255 255
201.914 408.008 0 255 255 255 255
202.116 409.998 0 255 255 255 255
202.317 411.988 0 255 255 255 255
202.519 413.978 0 255 255 255 255
202.72 415.968 0 255 255 255 255
202.922 417.957 0 255 255 255 255
203.123 419.947 0 255 255 255 255
203.325 421.937 0 255 255 255 255
203.527 423.927 0 255 255 255 255
203.728 425.917 0 255 255 255 255
203.93 427.907 0 255 255 255 255
202.697 428.6 0 255 255 255 255
200.697 428.6 0 255 255 255 255
198.697 428.6 0 255 255 255 255
197.545 427.699 0 255 255 255 255
197.423 425.702 0 255 255 255 255
197.302 423.706 0 255 255 255 255
197.18 421.71 0 255 255 255 255
196.412 420.4 0 255 255 255 255
194.412 420.4 0 255 255 255 255
194.185 422.284 0 255 255 255 255
194.063 424.281 0 255 255 255 255
193.942 426.277 0 255 255 255 255
193.82 428.273 0 255 255 255 255
192.128 428.6 0 255 255 255 255
190.128 428.6 0 255 255 255 255
188.128 428.6 0 255 255 255 255
187.525 427.334 0 255 255 255 255
187.721 425.343 0 255 255 255 255
187.918 423.353 0 255 255 255 255
188.114 421.363 0 255 255 255 255
188.311 419.372 0 255 255 255 255
188.507 417.382 0 255 255 255 255
188.704 415.392 0 255 255 255 255
188.9 413.401 0 255 255 255 255
189.097 411.411 0 255 255 255 255
189.293 409.421 0 255 255 255 255
189.489 407.43 0 255 255 255 255
189.686 405.44 0 255 255 255 255
189.882 403.45 0 255 255 255 255
190.079 401.459 0 255 255 255 255
190.275 399.469 0 255 255 255 255
190.472 397.479 0 255 255 255 255
190.668 395.488 0 255 255 255 255
190.865 393.498 0 255 255 255 255
191.061 391.508 0 255 255 255 255
191.785 390.1 0 255 255 255 255
193.785 390.1 0 255 255 255 255
195.785 390.1 0 255 255 255 255
197.785 390.1 0 255 255 255 255
199.785 390.1 0 255 255 255 255
194.6 415.3 0 255 255 255 255
196.6 415.3 0 255 255 255 255
196.698 413.503 0 255 255 255 255
196.584 411.506 0 255 255 255 255
196.471 409.509 0 255 255 255 255
196.358 407.513 0 255 255 255 255
196.244 405.516 0 255 255 255 255
196.131 403.519 0 255 255 255 255
196.017 401.522 0 255 255 255 255
195.904 399.525 0 255 255 255 255
195.628 397.7 0 255 255 255 255
195.488 399.668 0 255 255 255 255
195.375 401.665 0 255 255 255 255
195.261 403.662 0 255 255 255 255
195.148 405.659 0 255 255 255 255
195.034 407.656 0 255 255 255 255
194.921 409.652 0 255 255 255 255
194.807 411.649 0 255 255 255 255
194.694 413.646 0 255 255 255 255
212.5 390.1 0 255 255 255 255
212.869 392.066 0 255 255 255 255
213.237 394.031 0 255 255 255 255
213.606 395.997 0 255 255 255 255
213.974 397.963 0 255 255 255 255
214.343 399.929 0 255 255 255 255
214.711 401.894 0 255 255 255 255
215.08 403.86 0 255 255 255 255
215.449 405.826 0 255 255 255 255
215.817 407.792 0 255 255 255 255
216.399 409.135 0 255 255 255 255
216.389 407.135 0 255 255 255 255
216.378 405.135 0 255 255 255 255
216.368 403.135 0 255 255 255 255
216.357 401.135 0 255 255 255 255
216.347 399.135 0 255 255 255 255
216.337 397.135 0 255 255 255 255
216.326 395.135 0 255 255 255 255
216.316 393.135 0 255 255 255 255
216.305 391.135 0 255 255 255 255
217.265 390.1 0 255 255 255 255
219.265 390.1 0 255 255 255 255
221.265 390.1 0 255 255 255 255
222 391.365 0 255 255 255 255
222 393.365 0 255 255 255 255
222 395.365 0 255 255 255 255
222 397.365 0 255 255 255 255
222 399.365 0 255 255 255 255
222 401.365 0 255 255 255 255
222 403.365 0 255 255 255 255
222 405.365 0 255 255 255 255
222 407.365 0 255 255 255 255
222 409.365 0 255 255 255 255
222 411.365 0 255 255 255 255
222 413.365 0 255 255 255 255
222 415.365 0 255 255 255 255
222 417.365 0 255 255 255 255
222 419.365 0 255 255 255 255
222 421.365 0 255 255 255 255
222 423.365 0 255 255 255 255
222 425.365 0 255 255 255 255
222 427.365 0 255 255 255 255
221.235 428.6 0 255 255 255 255
219.235 428.6 0 255 255 255 255
217.235 428.6 0 255 255 255 255
216.022 427.651 0 255 255 255 255
215.653 425.686 0 255 255 255 255
215.283 423.72 0 255 255 255 255
214.914 421.755 0 255 255 255 255
214.545 419.789 0 255 255 255 255
214.176 417.823 0 255 255 255 255
213.807 415.858 0 255 255 255 255
213.438 413.892 0 255 255 255 255
213.068 411.926 0 255 255 255 255
212.699 409.961 0 255 255 255 255
212.203 409.521 0 255 255 255 255
212.213 411.521 0 255 255 255 255
212.223 413.521 0 255 255 255 255
212.234 415.521 0 255 255 255 255
212.244 417.521 0 255 255 255 255
212.254 419.521 0 255 255 255 255
212.264 421.521 0 255 255 255 255
212.274 423.52 0 255 255 255 255
212.284 425.52 0 255 255 255 255
212.295 427.52 0 255 255 255 255
211.38 428.6 0 255 255 255 255
209.38 428.6 0 255 255 255 255
207.38 428.6 0 255 255 255 255
206.6 427.38 0 255 255 255 255
206.6 425.38 0 255 255 255 255
206.6 423.38 0 255 255 255 255
206.6 421.38 0 255 255 255 255
206.6 419.38 0 255 255 255 255
206.6 417.38 0 255 255 255 255
206.6 415.38 0 255 255 255 255
206.6 413.38 0 255 255 255 255
206.6 411.38 0 255 255 255 255
206.6 409.38 0 255 255 255 255
206.6 407.38 0 255 255 255 255
206.6 405.38 0 255 255 255 255
206.6 403.38 0 255 255 255 255
206.6 401.38 0 255 255 255 255
206.6 399.38 0 255 255 255 255
206.6 397.38 0 255 255 255 255
206.6 395.38 0 255 255 255 255
206.6 393.38 0 255 255 255 255
206.6 391.38 0 255 255 255 255
207.32 390.1 0 255 255 255 255
209.32 390.1 0 255 255 255 255
211.32 390.1 0 255 255 255 255
240.4 403.2 0 255 255 255 255
238.4 403.2 0 255 255 255 255
236.4 403.2 0 255 255 255 255
234.4 403.2 0 255 255 255 255
233.8 401.8 0 255 255 255 255
233.8 399.8 0 255 255 255 255
233.8 397.8 0 255 255 255 255
233.743 395.803 0 255 255 255 255
232.249 394.99 0 255 255 255 255
231.7 396.809 0 255 255 255 255
231.7 398.809 0 255 255 255 255
231.7 400.809 0 255 255 255 255
231.7 402.809 0 255 255 255 255
231.7 404.809 0 255 255 255 255
231.7 406.809 0 255 255 255 255
231.7 408.809 0 255 255 255 255
231.7 410.809 0 255 255 255 255
231.7 412.809 0 255 255 255 255
231.7 414.809 0 255 255 255 255
231.7 416.809 0 255 255 255 255
231.7 418.809 0 255 255 255 255
231.7 420.809 0 255 255 255 255
231.759 422.806 0 255 255 255 255
233.267 423.615 0 255 255 255 255
233.8 421.799 0 255 255 255 255
233.8 419.799 0 255 255 255 255
233.8 417.799 0 255 255 255 255
233.8 415.799 0 255 255 255 255
233.8 413.799 0 255 255 255 255
234.301 412.3 0 255 255 255 255
236.301 412.3 0 255 255 255 255
238.301 412.3 0 255 255 255 255
240.301 412.3 0 255 255 255 255
240.4 414.201 0 255 255 255 255
240.4 416.201 0 255 255 255 255
240.4 418.201 0 255 255 255 255
240.4 420.201 0 255 255 255 255
240.391 422.201 0 255 255 255 255
240.282 424.197 0 255 255 255 255
239.891 426.153 0 255 255 255 255
238.788 427.783 0 255 255 255 255
236.974 428.584 0 255 255 255 255
234.993 428.841 0 255 255 255 255
232.994 428.899 0 255 255 255 255
230.995 428.859 0 255 255 255 255
229.008 428.645 0 255 255 255 255
227.13 427.993 0 255 255 255 255
225.852 426.494 0 255 255 255 255
225.364 424.562 0 255 255 255 255
225.221 422.568 0 255 255 255 255
225.2 420.568 0 255 255 255 255
225.2 418.568 0 255 255 255 255
225.2 416.568 0 255 255 255 255
225.2 414.568 0 255 255 255 255
225.2 412.568 0 255 255 255 255
225.2 410.568 0 255 255 255 255
225.2 408.568 0 255 255 255 255
225.2 406.568 0 255 255 255 255
225.2 404.568 0 255 255 255 255
225.2 402.568 0 255 255 255 255
225.2 400.568 0 255 255 255 255
225.2 398.568 0 255 255 255 255
225.209 396.568 0 255 255 255 255
225.314 394.571 0 255 255 255 255
225.701 392.615 0 255 255 255 255
226.817 390.995 0 255 255 255 255
228.639 390.214 0 255 255 255 255
230.621 389.961 0 255 255 255 255
232.62 389.902 0 255 255 255 255
234.619 389.935 0 255 255 255 255
236.608 390.13 0 255 255 255 255
238.495 390.757 0 255 255 255 255
239.773 392.25 0 255 255 255 255
240.246 394.187 0 255 255 255 255
240.38 396.181 0 255 255 255 255
240.4 398.181 0 255 255 255 255
240.4 400.181 0 255 255 255 255
240.4 402.181 0 255 255 255 255
253.8 390.1 0 255 255 255 255
253.8 392.1 0 255 255 255 255
253.8 394.1 0 255 255 255 255
252.8 395.1 0 255 255 255 255
250.8 395.1 0 255 255 255 255
249.9 396.2 0 255 255 255 255
249.9 398.2 0 255 255 255 255
249.9 400.2 0 255 255 255 255
249.9 402.2 0 255 255 255 255
249.9 404.2 0 255 255 255 255
251.2 404.9 0 255 255 255 255
253.2 404.9 0 255 255 255 255
253.8 406.3 0 255 255 255 255
253.8 408.3 0 255 255 255 255
253.5 410 0 255 255 255 255
251.5 410 0 255 255 255 255
249.9 410.4 0 255 255 255 255
249.9 412.4 0 255 255 255 255
249.9 414.4 0 255 255 255 255
249.9 416.4 0 255 255 255 255
249.9 418.4 0 255 255 255 255
249.9 420.4 0 255 255 255 255
249.9 422.4 0 255 255 255 255
250.8 423.5 0 255 255 255 255
252.8 423.5 0 255 255 255 255
253.8 424.5 0 255 255 255 255
253.8 426.5 0 255 255 255 255
253.8 428.5 0 255 255 255 255
251.9 428.6 0 255 255 255 255
249.9 428.6 0 255 255 255 255
247.9 428.6 0 255 255 255 255
245.9 428.6 0 255 255 255 255
243.9 428.6 0 255 255 255 255
243.3 427.2 0 255 255 255 255
243.3 425.2 0 255 255 255 255
243.3 423.2 0 255 255 255 255
243.3 421.2 0 255 255 255 255
243.3 419.2 0 255 255 255 255
243.3 417.2 0 255 255 255 255
243.3 415.2 0 255 255 255 255
243.3 413.2 0 255 255 255 255
243.3 411.2 0 255 255 255 255
243.3 409.2 0 255 255 255 255
243.3 407.2 0 255 255 255 255
243.3 405.2 0 255 255 255 255
243.3 403.2 0 255 255 255 255
243.3 401.2 0 255 255 255 255
243.3 399.2 0 255 255 255 255
243.3 397.2 0 255 255 255 255
243.3 395.2 0 255 255 255 255
243.3 393.2 0 255 255 255 255
243.3 391.2 0 255 255 255 255
244.2 390.1 0 255 255 255 255
246.2 390.1 0 255 255 255 255
248.2 390.1 0 255 255 255 255
250.2 390.1 0 255 255 255 255
252.2 390.1 0 255 255 255 255
3 0 1 2
3 3 4 5
3 6 7 8
3 9 10 11
3 12 13 14
3 15 16 17
3 18 19 20
3 21 22 23
3 24 25 26
3 27 28 29
3 30 31 32
3 33 34 35
3 36 37 38
3 39 40 41
3 42 43 44
3 45 46 47
3 48 49 50
3 51 52 53
3 54 55 56
3 57 58 59
3 60 61 62
3 63 64 65
3 66 67 68
3 69 70 71
3 72 73 74
3 75 76 77
3 78 79 80
3 81 82 83
3 84 85 86
3 87 88 89
3 90 91 92
3 93 94 95
3 96 97 98
3 99 100 101
3 102 103 104
3 105 106 107
3 108 109 110
3 111 112 113
3 114 115 116
3 117 118 119
3 120 121 122
3 123 124 125
3 126 127 128
3 129 130 131
3 132 133 134
3 135 136 137
3 138 139 140
3 141 142 143
3 144 145 146
3 147 148 149
3 150 151 152
3 153 154 155
3 156 157 158
3 159 160 161
3 162 163 164
3 165 166 167
3 168 169 170
3 171 172 173
3 174 175 176
3 177 178 179
3 180 181 182
3 183 184 185
3 186 187 188
3 189 190 191
3 192 193 194
3 195 196 197
3 198 199 200
3 201 202 203
3 204 205 206
3 207 208 209
3 210 211 212
3 213 214 215
3 216 217 218
3 219 220 221
3 222 223 224
3 225 226 227
3 228 229 230
3 231 232 233
3 234 235 236
3 237 238 239
3 240 241 242
3 243 244 245
3 246 247 248
3 249 250 251
3 252 253 254
3 255 256 257
3 258 259 260
3 261 262 263
3 264 265 266
3 267 268 269
3 270 271 272
3 273 274 275
3 276 277 278
3 279 280 281
3 282 283 284
3 285 286 287
3 288 289 290
3 291 292 293
3 294 295 296
3 297 298 299
3 300 301 302
3 303 304 305
3 306 307 308
3 309 310 311
3 312 313 314
3 315 316 317
3 318 319 320
3 321 322 323
3 324 325 326
3 327 328 329
3 330 331 332
3 333 334 335
3 336 337 338
3 339 340 341
3 342 343 344
3 345 346 347
3 348 349 350
3 351 352 353
3 354 355 356
3 357 358 359
3 360 361 362
3 363 364 365
3 366 367 368
3 369 370 371
3 372 373 374
3 375 376 377
3 378 379 380
3 381 382 383
3 384 385 386
3 387 388 389
3 390 391 392
3 393 394 395
3 396 397 398
3 399 400 401
3 402 403 404
3 405 406 407
3 408 409 410
3 411 412 413
3 414 415 416
3 417 418 419
3 420 421 422
3 423 424 425
3 426 427 428
3 429 430 431
3 432 433 434
3 435 436 437
3 438 439 440
3 441 442 443
3 444 445 446
3 447 448 449
3 450 451 452
3 453 454 455
3 456 457 458
3 459 460 461
3 462 463 464
3 465 466 467
3 468 469 470
3 471 472 473
3 474 475 476
3 477 478 479
3 480 481 482
3 483 484 485
3 486 487 488
3 489 490 491
3 492 493 494
3 495 496 497
3 498 499 500
3 501 502 503
3 504 505 506
3 507 508 509
3 510 511 512
3 513 514 515
3 516 517 518
3 519 520 521
3 522 523 524
3 525 526 527
3 528 529 530
3 531 532 533
3 534 535 536
3 537 538 539
3 540 541 542
3 543 544 545
3 546 547 548
3 549 550 551
3 552 553 554
3 555 556 557
3 558 559 560
3 561 562 563
3 564 565 566
3 567 568 569
3 570 571 572
3 573 574 575
3 576 577 578
3 579 580 581
3 582 583 584
3 585 586 587
3 588 589 590
3 591 592 593
3 594 595 596
3 597 598 599
3 600 601 602
3 603 604 605
3 606 607 608
3 609 610 611
3 612 613 614
3 615 616 617
3 618 619 620
3 621 622 623
3 624 625 626
3 627 628 629
3 630 631 632
3 633 634 635
3 636 637 638
3 639 640 641
3 642 643 644
3 645 646 647
3 648 649 650
3 651 652 653
3 654 655 656
3 657 658 659
3 660 661 662
3 663 664 665
3 666 667 668
3 669 670 671
3 672 673 674
3 675 676 677
3 678 679 680
3 681 682 683
3 684 685 686
3 687 688 689
3 690 691 692
3 693 694 695
3 696 697 698
3 699 700 701
3 702 703 704
3 705 706 707
3 708 709 710
3 711 712 713
3 714 715 716
3 717 718 719
3 720 721 722
3 723 724 725
3 726 727 728
3 729 730 731
3 732 733 734
3 735 736 737
3 738 739 740
3 741 742 743
3 744 745 746
3 747 748 749
3 750 751 752
3 753 754 755
3 756 757 758
3 759 760 761
3 762 763 764
3 765 766 767
3 768 769 770
3 771 772 773
3 774 775 776
3 777 778 779
3 780 781 782
3 783 784 785
3 786 787 788
3 789 790 791
3 792 793 794
3 795 796 797
3 798 799 800
3 801 802 803
3 804 805 806
3 807 808 809
3 810 811 812
3 813 814 815
3 816 817 818
3 819 820 821
3 822 823 824
3 825 826 827
3 828 829 830
3 831 832 833
3 834 835 836
3 837 838 839
3 840 841 842
3 843 844 845
3 846 847 848
3 849 850 851
3 852 853 854
3 855 856 857
3 858 859 860
3 861 862 863
3 864 865 866
3 867 868 869
3 870 871 872
3 873 874 875
3 876 877 878
3 879 880 881
3 882 883 884
3 885 886 887
3 888 889 890
3 891 892 893
3 894 895 896
3 897 898 899
3 900 901 902
3 903 904 905
3 906 907 908
3 909 910 911
3 912 913 914
3 915 916 917
3 918 919 920
3 921 922 923
3 924 925 926
3 927 928 929
3 930 931 932
3 933 934 935
3 936 937 938
3 939 940 941
3 942 943 944
3 945 946 947
3 948 949 950
3 951 952 953
3 954 955 956
3 957 958 959
3 960 961 962
3 963 964 965
3 966 967 968
3 969 970 971
3 972 973 974
3 975 976 977
3 978 979 980
3 981 982 983
3 984 985 986
3 987 988 989
3 990 991 992
3 993 994 995
3 996 997 998
3 999 1000 1001
3 1002 1003 1004
3 1005 1006 1007
3 1008 1009 1010
3 1011 1012 1013
3 1014 1015 1016
3 1017 1018 1019
3 1020 1021 1022
3 1023 1024 1025
3 1026 1027 1028
3 1029 1030 1031
3 1032 1033 1034
3 1035 1036 1037
3 1038 1039 1040
3 1041 1042 1043
3 1044 1045 1046
3 1047 1048 1049
3 1050 1051 1052
3 1053 1054 1055
3 1056 1057 1058
3 1059 1060 1061
3 1062 1063 1064
3 1065 1066 1067
3 1068 1069 1070
3 1071 1072 1073
3 1074 1075 1076
3 1077 1078 1079
3 1080 1081 1082
3 1083 1084 1085
3 1086 1087 1088
3 1089 1090 1091
3 1092 1093 1094
3 1095 1096 1097
3 1098 1099 1100
3 1101 1102 1103
3 1104 1105 1106
3 1107 1108 1109
3 1110 1111 1112
3 1113 1114 1115
3 1116 1117 1118
3 1119 1120 1121
3 1122 1123 1124
3 1125 1126 1127
3 1128 1129 1130
3 1131 1132 1133
3 1134 1135 1136
3 1137 1138 1139
3 1140 1141 1142
3 1143 1144 1145
3 1146 1147 1148
3 1149 1150 1151
3 1152 1153 1154
3 1155 1156 1157
3 1158 1159 1160
3 1161 1162 1163
3 1164 1165 1166
3 1167 1168 1169
3 1170 1171 1172
3 1173 1174 1175
3 1176 1177 1178
3 1179 1180 1181
3 1182 1183 1184
3 1185 1186 1187
3 1188 1189 1190
3 1191 1192 1193
3 1194 1195 1196
3 1197 1198 1199
3 1200 1201 1202
3 1203 1204 1205
3 1206 1207 1208
3 1209 1210 1211
3 1212 1213 1214
3 1215 1216 1217
3 1218 1219 1220
3 1221 1222 1223
3 1224 1225 1226
3 1227 1228 1229
3 1230 1231 1232
3 1233 1234 1235
3 1236 1237 1238
3 1239 1240 1241
3 1242 1243 1244
3 1245 1246 1247
3 1248 1249 1250
3 1251 1252 1253
3 1254 1255 1256
3 1257 1258 1259
3 1260 1261 1262
3 1263 1264 1265
3 1266 1267 1268
3 1269 1270 1271
3 1272 1273 1274
3 1275 1276 1277
3 1278 1279 1280
3 1281 1282 1283
3 1284 1285 1286
3 1287 1288 1289
3 1290 1291 1292
3 1293 1294 1295
3 1296 1297 1298
3 1299 1300 1301
3 1302 1303 1304
3 1305 1306 1307
3 1308 1309 1310
3 1311 1312 1313
3 1314 1315 1316
3 1317 1318 1319
3 1320 1321 1322
3 1323 1324 1325
3 1326 1327 1328
3 1329 1330 1331
3 1332 1333 1334
3 1335 1336 1337
3 1338 1339 1340
3 1341 1342 1343
3 1344 1345 1346
3 1347 1348 1349
3 1350 1351 1352
3 1353 1354 1355
3 1356 1357 1358
3 1359 1360 1361
3 1362 1363 1364
3 1365 1366 1367
3 1368 1369 1370
3 1371 1372 1373
3 1374 1375 1376
3 1377 1378 1379
3 1380 1381 1382
3 1383 1384 1385
3 1386 1387 1388
3 1389 1390 1391
3 1392 1393 1394
3 1395 1396 1397
3 1398 1399 1400
3 1401 1402 1403
3 1404 1405 1406
3 1407 1408 1409
3 1410 1411 1412
3 1413 1414 1415
3 1416 1417 1418
3 1419 1420 1421
3 1422 1423 1424
3 1425 1426 1427
3 1428 1429 1430
3 1431 1432 1433
3 1434 1435 1436
3 1437 1438 1439
3 1440 1441 1442
3 1443 1444 1445
3 1446 1447 1448
3 1449 1450 1451
3 1452 1453 1454
3 1455 1456 1457
3 1458 1459 1460
3 1461 1462 1463
3 1464 1465 1466
3 1467 1468 1469
3 1470 1471 1472
3 1473 1474 1475
3 1476 1477 1478
3 1479 1480 1481
3 1482 1483 1484
3 1485 1486 1487
3 1488 1489 1490
3 1491 1492 1493
3 1494 1495 1496
3 1497 1498 1499
3 1500 1501 1502
3 1503 1504 1505
3 1506 1507 1508
3 1509 1510 1511
3 1512 1513 1514
3 1515 1516 1517
3 1518 1519 1520
3 1521 1522 1523
3 1524 1525 1526
3 1527 1528 1529
3 1530 1531 1532
3 1533 1534 1535
3 1536 1537 1538
3 1539 1540 1541
3 1542 1543 1544
3 1545 1546 1547
3 1548 1549 1550
3 1551 1552 1553
3 1554 1555 1556
3 1557 1558 1559
3 1560 1561 1562
3 1563 1564 1565
3 1566 1567 1568
3 1569 1570 1571
3 1572 1573 1574
3 1575 1576 1577
3 1578 1579 1580
3 1581 1582 1583
3 1584 1585 1586
3 1587 1588 1589
3 1590 1591 1592
3 1593 1594 1595
3 1596 1597 1598
3 1599 1600 1601
3 1602 1603 1604
3 1605 1606 1607
3 1608 1609 1610
3 1611 1612 1613
3 1614 1615 1616
3 1617 1618 1619
3 1620 1621 1622
3 1623 1624 1625
3 1626 1627 1628
3 1629 1630 1631
3 1632 1633 1634
3 1635 1636 1637
3 1638 1639 1640
3 1641 1642 1643
3 1644 1645 1646
3 1647 1648 1649
3 1650 1651 1652
3 1653 1654 1655
3 1656 1657 1658
3 1659 1660 1661
3 1662 1663 1664
3 1665 1666 1667
3 1668 1669 1670
3 1671 1672 1673
3 1674 1675 1676
3 1677 1678 1679
3 1680 1681 1682
3 1683 1684 1685
3 1686 1687 1688
3 1689 1690 1691
3 1692 1693 1694
3 1695 1696 1697
3 1698 1699 1700
3 1701 1702 1703
3 1704 1705 1706
3 1707 1708 1709
3 1710 1711 1712
3 1713 1714 1715
3 1716 1717 1718
3 1719 1720 1721
3 1722 1723 1724
3 1725 1726 1727
3 1728 1729 1730
3 1731 1732 1733
3 1734 1735 1736
3 1737 1738 1739
3 1740 1741 1742
3 1743 1744 1745
3 1746 1747 1748
3 1749 1750 1751
3 1752 1753 1754
3 1755 1756 1757
3 1758 1759 1760
3 1761 1762 1763
3 1764 1765 1766
3 1767 1768 1769
3 1770 1771 1772
3 1773 1774 1775
3 1776 1777 1778
3 1779 1780 1781
3 1782 1783 1784
3 1785 1786 1787
3 1788 1789 1790
3 1791 1792 1793
3 1794 1795 1796
3 1797 1798 1799
3 1800 1801 1802
3 1803 1804 1805
3 1806 1807 1808
3 1809 1810 1811
3 1812 1813 1814
3 1815 1816 1817
3 1818 1819 1820
3 1821 1822 1823
3 1824 1825 1826
3 1827 1828 1829
3 1830 1831 1832
3 1833 1834 1835
3 1836 1837 1838
3 1839 1840 1841
3 1842 1843 1844
3 1845 1846 1847
3 1848 1849 1850
3 1851 1852 1853
3 1854 1855 1856
3 1857 1858 1859
3 1860 1861 1862
3 1863 1864 1865
3 1866 1867 1868
3 1869 1870 1871
3 1872 1873 1874
3 1875 1876 1877
3 1878 1879 1880
3 1881 1882 1883
3 1884 1885 1886
3 1887 1888 1889
3 1890 1891 1892
3 1893 1894 1895
3 1896 1897 1898
3 1899 1900 1901
3 1902 1903 1904
3 1905 1906 1907
3 1908 1909 1910
3 1911 1912 1913
3 1914 1915 1916
3 1917 1918 1919
3 1920 1921 1922
3 1923 1924 1925
3 1926 1927 1928
3 1929 1930 1931
3 1932 1933 1934
3 1935 1936 1937
3 1938 1939 1940
3 1941 1942 1943
3 1944 1945 1946
3 1947 1948 1949
3 1950 1951 1952
3 1953 1954 1955
3 1956 1957 1958
3 1959 1960 1961
3 1962 1963 1964
3 1965 1966 1967
3 1968 1969 1970
3 1971 1972 1973
3 1974 1975 1976
3 1977 1978 1979
3 1980 1981 1982
3 1983 1984 1985
3 1986 1987 1988
3 1989 1990 1991
3 1992 1993 1994
3 1995 1996 1997
3 1998 1999 2000
3 2001 2002 2003
3 2004 2005 2006
3 2007 2008 2009
3 2010 2011 2012
