ply
format ascii 1.0
element vertex 158
property float x
property float y
property float z
property uchar red
property uchar green
property uchar blue
property uchar alpha
element face 52
property list uchar int vertex_indices
end_header
52 106 0 255 255 255 255
52 160 0 255 255 255 255
52 162 0 255 255 255 255
52 164 0 255 255 255 255
52 166 0 255 255 255 255
52 218 0 255 255 255 255
52 318 0 255 255 255 255
52 320 0 255 255 255 255
52 322 0 255 255 255 255
52 420 0 255 255 255 255
54 106 0 255 255 255 255
54 158 0 255 255 255 255
54 210 0 255 255 255 255
54 212 0 255 255 255 255
54 216 0 255 255 255 255
54 324 0 255 255 255 255
54 420 0 255 255 255 255
56 106 0 255 255 255 255
56 158 0 255 255 255 255
56 212 0 255 255 255 255
56 214 0 255 255 255 255
56 216 0 255 255 255 255
56 320 0 255 255 255 255
56 324 0 255 255 255 255
56 420 0 255 255 255 255
58 106 0 255 255 255 255
58 162 0 255 255 255 255
58 164 0 255 255 255 255
58 220 0 255 255 255 255
58 320 0 255 255 255 255
58 322 0 255 255 255 255
58 324 0 255 255 255 255
58 420 0 255 255 255 255
120 62 0 255 255 255 255
120 108 0 255 255 255 255
120 160 0 255 255 255 255
120 166 0 255 255 255 255
120 212 0 255 255 255 255
120 214 0 255 255 255 255
120 216 0 255 255 255 255
120 218 0 255 255 255 255
120 220 0 255 255 255 255
120 316 0 255 255 255 255
120 318 0 255 255 255 255
120 320 0 255 255 255 255
120 322 0 255 255 255 255
120 324 0 255 255 255 255
120 368 0 255 255 255 255
120 370 0 255 255 255 255
120 372 0 255 255 255 255
120 374 0 255 255 255 255
120 376 0 255 255 255 255
120 420 0 255 255 255 255
122 54 0 255 255 255 255
122 56 0 255 255 255 255
122 110 0 255 255 255 255
122 112 0 255 255 255 255
122 114 0 255 255 255 255
122 158 0 255 255 255 255
122 324 0 255 255 255 255
122 372 0 255 255 255 255
122 376 0 255 255 255 255
122 420 0 255 255 255 255
122 422 0 255 255 255 255
122 424 0 255 255 255 255
122 426 0 255 255 255 255
122 428 0 255 255 255 255
124 54 0 255 255 255 255
124 56 0 255 255 255 255
124 106 0 255 255 255 255
124 108 0 255 255 255 255
124 158 0 255 255 255 255
124 164 0 255 255 255 255
124 212 0 255 255 255 255
124 214 0 255 255 255 255
124 324 0 255 255 255 255
124 372 0 255 255 255 255
124 376 0 255 255 255 255
124 420 0 255 255 255 255
126 62 0 255 255 255 255
186 420 0 255 255 255 255
188 54 0 255 255 255 255
188 56 0 255 255 255 255
188 58 0 255 255 255 255
188 60 0 255 255 255 255
188 62 0 255 255 255 255
188 106 0 255 255 255 255
188 108 0 255 255 255 255
188 110 0 255 255 255 255
188 158 0 255 255 255 255
188 316 0 255 255 255 255
188 318 0 255 255 255 255
188 372 0 255 255 255 255
188 424 0 255 255 255 255
188 426 0 255 255 255 255
190 106 0 255 255 255 255
190 110 0 255 255 255 255
190 158 0 255 255 255 255
190 162 0 255 255 255 255
190 164 0 255 255 255 255
190 322 0 255 255 255 255
190 368 0 255 255 255 255
190 372 0 255 255 255 255
190 374 0 255 255 255 255
190 426 0 255 255 255 255
190 428 0 255 255 255 255
192 108 0 255 255 255 255
192 160 0 255 255 255 255
192 166 0 255 255 255 255
192 212 0 255 255 255 255
192 214 0 255 255 255 255
192 216 0 255 255 255 255
192 218 0 255 255 255 255
192 220 0 255 255 255 255
192 316 0 255 255 255 255
192 318 0 255 255 255 255
192 320 0 255 255 255 255
192 322 0 255 255 255 255
192 324 0 255 255 255 255
192 370 0 255 255 255 255
192 376 0 255 255 255 255
192 420 0 255 255 255 255
192 422 0 255 255 255 255
254 212 0 255 255 255 255
254 374 0 255 255 255 255
254 376 0 255 255 255 255
256 54 0 255 255 255 255
256 56 0 255 255 255 255
256 58 0 255 255 255 255
256 60 0 255 255 255 255
256 62 0 255 255 255 255
256 214 0 255 255 255 255
256 216 0 255 255 255 255
256 218 0 255 255 255 255
256 220 0 255 255 255 255
256 368 0 255 255 255 255
256 370 0 255 255 255 255
256 420 0 255 255 255 255
256 424 0 255 255 255 255
258 212 0 255 255 255 255
258 214 0 255 255 255 255
258 370 0 255 255 255 255
258 372 0 255 255 255 255
258 420 0 255 255 255 255
258 424 0 255 255 255 255
260 376 0 255 255 255 255
262 264 0 255 255 255 255
262 266 0 255 255 255 255
262 268 0 255 255 255 255
262 270 0 255 255 255 255
262 272 0 255 255 255 255
264 272 0 255 255 255 255
328 264 0 255 255 255 255
328 266 0 255 255 255 255
328 272 0 255 255 255 255
330 272 0 255 255 255 255
332 268 0 255 255 255 255
332 270 0 255 255 255 255
3 0 1 2
3 3 4 5
3 6 7 8
3 9 10 11
3 12 13 14
3 15 16 17
3 18 19 20
3 21 22 23
3 24 25 26
3 27 28 29
3 30 31 32
3 33 34 35
3 36 37 38
3 39 40 41
3 42 43 44
3 45 46 47
3 48 49 50
3 51 52 53
3 54 55 56
3 57 58 59
3 60 61 62
3 63 64 65
3 66 67 68
3 69 70 71
3 72 73 74
3 75 76 77
3 78 79 80
3 81 82 83
3 84 85 86
3 87 88 89
3 90 91 92
3 93 94 95
3 96 97 98
3 99 100 101
3 102 103 104
3 105 106 107
3 108 109 110
3 111 112 113
3 114 115 116
3 117 118 119
3 120 121 122
3 123 124 125
3 126 127 128
3 129 130 131
3 132 133 134
3 135 136 137
3 138 139 140
3 141 142 143
3 144 145 146
3 147 148 149
3 150 151 152
3 153 154 155
3 156 157 158
