ply
format ascii 1.0
element vertex 561
property float x
property float y
property float z
property uchar red
property uchar green
property uchar blue
property uchar alpha
element face 187
property list uchar int vertex_indices
end_header
126.9 63.1 0 255 255 255 255
125.46 62.3368 0 255 255 255 255
124.86 60.4288 0 255 255 255 255
123.469 59.6 0 255 255 255 255
121.469 59.6 0 255 255 255 255
120.751 61.347 0 255 255 255 255
120.038 63.1 0 255 255 255 255
119.299 62.1852 0 255 255 255 255
119.92 60.2841 0 255 255 255 255
120.541 58.383 0 255 255 255 255
121.162 56.4819 0 255 255 255 255
121.784 54.5808 0 255 255 255 255
122.637 53 0 255 255 255 255
123.983 53.8932 0 255 255 255 255
124.587 55.7998 0 255 255 255 255
125.191 57.7064 0 255 255 255 255
125.795 59.613 0 255 255 255 255
126.399 61.5196 0 255 255 255 255
124.2 58.6 0 255 255 255 255
123.609 56.6894 0 255 255 255 255
123.017 54.7789 0 255 255 255 255
122.426 55.9317 0 255 255 255 255
121.835 57.8423 0 255 255 255 255
122.807 58.6 0 255 255 255 255
193.1 63.1 0 255 255 255 255
191.1 63.1 0 255 255 255 255
189.1 63.1 0 255 255 255 255
187.6 62.6 0 255 255 255 255
187.6 60.6 0 255 255 255 255
187.6 58.6 0 255 255 255 255
187.6 56.6 0 255 255 255 255
187.6 54.6 0 255 255 255 255
188 53 0 255 255 255 255
188.8 54.2 0 255 255 255 255
188.8 56.2 0 255 255 255 255
188.8 58.2 0 255 255 255 255
188.8 60.2 0 255 255 255 255
188.9 62.1 0 255 255 255 255
190.9 62.1 0 255 255 255 255
192.9 62.1 0 255 255 255 255
260.5 63.1 0 255 255 255 255
258.5 63.1 0 255 255 255 255
256.5 63.1 0 255 255 255 255
255 62.6 0 255 255 255 255
255 60.6 0 255 255 255 255
255 58.6 0 255 255 255 255
255 56.6 0 255 255 255 255
255 54.6 0 255 255 255 255
255.4 53 0 255 255 255 255
256.2 54.2 0 255 255 255 255
256.2 56.2 0 255 255 255 255
256.2 58.2 0 255 255 255 255
256.2 60.2 0 255 255 255 255
256.3 62.1 0 255 255 255 255
258.3 62.1 0 255 255 255 255
260.3 62.1 0 255 255 255 255
58.3 106.3 0 255 255 255 255
56.3 106.3 0 255 255 255 255
55.2 107.2 0 255 255 255 255
55.2 109.2 0 255 255 255 255
55.2 111.2 0 255 255 255 255
55.2 113.2 0 255 255 255 255
55.2 115.2 0 255 255 255 255
54 114.8 0 255 255 255 255
54 112.8 0 255 255 255 255
54 110.8 0 255 255 255 255
54 108.8 0 255 255 255 255
54 106.8 0 255 255 255 255
52.5 106.3 0 255 255 255 255
50.9 105.9 0 255 255 255 255
52.3 105.3 0 255 255 255 255
54.3 105.3 0 255 255 255 255
56.3 105.3 0 255 255 255 255
58.3 105.3 0 255 255 255 255
125.7 105.3 0 255 255 255 255
124.734 107.051 0 255 255 255 255
123.768 108.802 0 255 255 255 255
122.802 110.553 0 255 255 255 255
122.5 112.476 0 255 255 255 255
122.5 114.476 0 255 255 255 255
121.424 115.4 0 255 255 255 255
121.3 113.524 0 255 255 255 255
121.3 111.524 0 255 255 255 255
120.539 109.72 0 255 255 255 255
119.573 107.969 0 255 255 255 255
118.606 106.218 0 255 255 255 255
119.052 105.3 0 255 255 255 255
120.177 106.757 0 255 255 255 255
121.118 108.522 0 255 255 255 255
122.06 109.313 0 255 255 255 255
123.001 107.549 0 255 255 255 255
123.942 105.784 0 255 255 255 255
125.652 105.3 0 255 255 255 255
186.7 105.3 0 255 255 255 255
188.7 105.3 0 255 255 255 255
190.681 105.489 0 255 255 255 255
192.194 106.723 0 255 255 255 255
192.434 108.669 0 255 255 255 255
191.347 110.294 0 255 255 255 255
189.47 110.897 0 255 255 255 255
187.9 111.329 0 255 255 255 255
187.9 113.329 0 255 255 255 255
187.9 115.329 0 255 255 255 255
186.7 114.671 0 255 255 255 255
186.7 112.67 0 255 255 255 255
186.7 110.67 0 255 255 255 255
186.7 108.67 0 255 255 255 255
186.7 106.671 0 255 255 255 255
187.9 109.9 0 255 255 255 255
189.896 109.839 0 255 255 255 255
191.267 108.579 0 255 255 255 255
190.59 106.822 0 255 255 255 255
188.677 106.4 0 255 255 255 255
188 107.723 0 255 255 255 255
188 109.723 0 255 255 255 255
54.6 157.5 0 255 255 255 255
56.4874 158.052 0 255 255 255 255
57.6347 159.656 0 255 255 255 255
58.0531 161.605 0 255 255 255 255
58.0685 163.603 0 255 255 255 255
57.7005 165.563 0 255 255 255 255
56.6402 167.229 0 255 255 255 255
54.7932 167.895 0 255 255 255 255
52.8731 167.455 0 255 255 255 255
51.6379 165.924 0 255 255 255 255
51.1657 163.988 0 255 255 255 255
51.1192 161.99 0 255 255 255 255
51.44 160.021 0 255 255 255 255
52.4156 158.299 0 255 255 255 255
54.214 157.518 0 255 255 255 255
54.6 166.9 0 255 255 255 255
56.2229 165.92 0 255 255 255 255
56.7381 164.002 0 255 255 255 255
56.7827 162.004 0 255 255 255 255
56.4633 160.036 0 255 255 255 255
55.1983 158.59 0 255 255 255 255
53.3458 159.02 0 255 255 255 255
52.478 160.789 0 255 255 255 255
52.3006 162.777 0 255 255 255 255
52.5045 164.762 0 255 255 255 255
53.4595 166.48 0 255 255 255 255
125.2 167 0 255 255 255 255
123.392 167.815 0 255 255 255 255
121.406 167.787 0 255 255 255 255
119.69 166.823 0 255 255 255 255
118.769 165.07 0 255 255 255 255
118.506 163.092 0 255 255 255 255
118.613 161.098 0 255 255 255 255
119.243 159.211 0 255 255 255 255
120.647 157.828 0 255 255 255 255
122.579 157.401 0 255 255 255 255
124.531 157.794 0 255 255 255 255
124.374 158.829 0 255 255 255 255
122.44 158.401 0 255 255 255 255
120.633 159.118 0 255 255 255 255
119.822 160.914 0 255 255 255 255
119.705 162.907 0 255 255 255 255
119.988 164.881 0 255 255 255 255
121.132 166.464 0 255 255 255 255
123.072 166.771 0 255 255 255 255
124.1 165.506 0 255 255 255 255
123.606 164 0 255 255 255 255
122.3 163.306 0 255 255 255 255
123.994 163 0 255 255 255 255
125.3 163.694 0 255 255 255 255
125.3 165.694 0 255 255 255 255
193.3 167.7 0 255 255 255 255
191.527 167.281 0 255 255 255 255
190.434 165.606 0 255 255 255 255
189.342 163.931 0 255 255 255 255
187.792 163.1 0 255 255 255 255
187.5 164.808 0 255 255 255 255
187.5 166.808 0 255 255 255 255
186.392 167.7 0 255 255 255 255
186.3 165.792 0 255 255 255 255
186.3 163.792 0 255 255 255 255
186.3 161.792 0 255 255 255 255
186.3 159.792 0 255 255 255 255
186.3 157.792 0 255 255 255 255
188.108 157.6 0 255 255 255 255
190.104 157.67 0 255 255 255 255
191.818 158.618 0 255 255 255 255
192.282 160.51 0 255 255 255 255
191.301 162.189 0 255 255 255 255
190.31 163.26 0 255 255 255 255
191.427 164.918 0 255 255 255 255
192.544 166.577 0 255 255 255 255
187.6 162.1 0 255 255 255 255
189.597 162.052 0 255 255 255 255
191.105 160.883 0 255 255 255 255
190.68 159.044 0 255 255 255 255
188.775 158.6 0 255 255 255 255
187.6 159.425 0 255 255 255 255
187.6 161.425 0 255 255 255 255
58.6 220 0 255 255 255 255
57.1601 219.237 0 255 255 255 255
56.5605 217.329 0 255 255 255 255
55.1688 216.5 0 255 255 255 255
53.1688 216.5 0 255 255 255 255
52.451 218.247 0 255 255 255 255
51.7376 220 0 255 255 255 255
50.9989 219.085 0 255 255 255 255
51.6201 217.184 0 255 255 255 255
52.2412 215.283 0 255 255 255 255
52.8624 213.382 0 255 255 255 255
53.4835 211.481 0 255 255 255 255
54.337 209.9 0 255 255 255 255
55.683 210.793 0 255 255 255 255
56.2871 212.7 0 255 255 255 255
56.8911 214.606 0 255 255 255 255
57.4952 216.513 0 255 255 255 255
58.0993 218.42 0 255 255 255 255
56 215.5 0 255 255 255 255
55.4086 213.589 0 255 255 255 255
54.8173 211.679 0 255 255 255 255
54.2259 212.832 0 255 255 255 255
53.6345 214.742 0 255 255 255 255
54.6068 215.5 0 255 255 255 255
119.4 210 0 255 255 255 255
121.4 210 0 255 255 255 255
123.381 210.189 0 255 255 255 255
124.894 211.423 0 255 255 255 255
125.134 213.369 0 255 255 255 255
124.047 214.994 0 255 255 255 255
122.17 215.597 0 255 255 255 255
120.6 216.029 0 255 255 255 255
120.6 218.029 0 255 255 255 255
120.6 220.029 0 255 255 255 255
119.4 219.371 0 255 255 255 255
119.4 217.37 0 255 255 255 255
119.4 215.371 0 255 255 255 255
119.4 213.371 0 255 255 255 255
119.4 211.371 0 255 255 255 255
120.6 214.5 0 255 255 255 255
122.596 214.439 0 255 255 255 255
123.967 213.179 0 255 255 255 255
123.29 211.422 0 255 255 255 255
121.377 211 0 255 255 255 255
120.7 212.323 0 255 255 255 255
120.7 214.323 0 255 255 255 255
192.2 220 0 255 255 255 255
191 219.2 0 255 255 255 255
191 217.2 0 255 255 255 255
191 215.2 0 255 255 255 255
189.2 215 0 255 255 255 255
187.5 215.3 0 255 255 255 255
187.5 217.3 0 255 255 255 255
187.5 219.3 0 255 255 255 255
186.3 219.9 0 255 255 255 255
186.3 217.9 0 255 255 255 255
186.3 215.9 0 255 255 255 255
186.3 213.9 0 255 255 255 255
186.3 211.9 0 255 255 255 255
186.4 210 0 255 255 255 255
187.5 210.9 0 255 255 255 255
187.5 212.9 0 255 255 255 255
188.3 214.1 0 255 255 255 255
190.3 214.1 0 255 255 255 255
191 212.8 0 255 255 255 255
191 210.8 0 255 255 255 255
192.2 210 0 255 255 255 255
192.2 212 0 255 255 255 255
192.2 214 0 255 255 255 255
192.2 216 0 255 255 255 255
192.2 218 0 255 255 255 255
260.4 210 0 255 255 255 255
259.434 211.751 0 255 255 255 255
258.468 213.502 0 255 255 255 255
257.502 215.253 0 255 255 255 255
257.2 217.176 0 255 255 255 255
257.2 219.176 0 255 255 255 255
256.124 220.1 0 255 255 255 255
256 218.224 0 255 255 255 255
256 216.224 0 255 255 255 255
255.239 214.42 0 255 255 255 255
254.273 212.669 0 255 255 255 255
253.306 210.918 0 255 255 255 255
253.752 210 0 255 255 255 255
254.877 211.457 0 255 255 255 255
255.818 213.222 0 255 255 255 255
256.76 214.013 0 255 255 255 255
257.701 212.249 0 255 255 255 255
258.642 210.484 0 255 255 255 255
260.352 210 0 255 255 255 255
264.7 272.4 0 255 255 255 255
262.7 272.4 0 255 255 255 255
260.7 272.4 0 255 255 255 255
260.5 271.4 0 255 255 255 255
261.8 270.7 0 255 255 255 255
261.8 268.7 0 255 255 255 255
261.8 266.7 0 255 255 255 255
261.8 264.7 0 255 255 255 255
261.1 263.4 0 255 255 255 255
260.1 262.4 0 255 255 255 255
262.1 262.4 0 255 255 255 255
264.1 262.4 0 255 255 255 255
264.3 263.4 0 255 255 255 255
263 264.1 0 255 255 255 255
263 266.1 0 255 255 255 255
263 268.1 0 255 255 255 255
263 270.1 0 255 255 255 255
263.7 271.4 0 255 255 255 255
264.7 272.4 0 255 255 255 255
332 263.4 0 255 255 255 255
330.034 263.107 0 255 255 255 255
328.356 264.015 0 255 255 255 255
328.835 265.771 0 255 255 255 255
330.59 266.72 0 255 255 255 255
332.156 267.902 0 255 255 255 255
332.692 269.76 0 255 255 255 255
331.946 271.567 0 255 255 255 255
330.211 272.51 0 255 255 255 255
328.227 272.474 0 255 255 255 255
327.259 271.305 0 255 255 255 255
329.019 271.586 0 255 255 255 255
330.908 271.093 0 255 255 255 255
331.456 269.273 0 255 255 255 255
330.114 267.874 0 255 255 255 255
328.331 266.969 0 255 255 255 255
327.036 265.506 0 255 255 255 255
327.184 263.566 0 255 255 255 255
328.678 262.313 0 255 255 255 255
330.655 262.122 0 255 255 255 255
332.048 262.924 0 255 255 255 255
57.9 324 0 255 255 255 255
56.0923 324.815 0 255 255 255 255
54.1058 324.787 0 255 255 255 255
52.3902 323.823 0 255 255 255 255
51.4691 322.07 0 255 255 255 255
51.2062 320.092 0 255 255 255 255
51.3135 318.098 0 255 255 255 255
51.9426 316.211 0 255 255 255 255
53.3469 314.828 0 255 255 255 255
55.2791 314.401 0 255 255 255 255
57.2311 314.794 0 255 255 255 255
57.0743 315.829 0 255 255 255 255
55.1396 315.401 0 255 255 255 255
53.3327 316.119 0 255 255 255 255
52.5215 317.914 0 255 255 255 255
52.4053 319.907 0 255 255 255 255
52.6884 321.881 0 255 255 255 255
53.8315 323.464 0 255 255 255 255
55.7724 323.771 0 255 255 255 255
56.8 322.506 0 255 255 255 255
56.4058 320.9 0 255 255 255 255
55 320.306 0 255 255 255 255
56.5942 319.9 0 255 255 255 255
58 320.494 0 255 255 255 255
58 322.494 0 255 255 255 255
124.7 324.7 0 255 255 255 255
122.7 324.7 0 255 255 255 255
120.7 324.7 0 255 255 255 255
119.4 324 0 255 255 255 255
119.4 322 0 255 255 255 255
119.4 320 0 255 255 255 255
119.4 318 0 255 255 255 255
119.4 316 0 255 255 255 255
120 314.6 0 255 255 255 255
122 314.6 0 255 255 255 255
124 314.6 0 255 255 255 255
124.2 315.6 0 255 255 255 255
122.2 315.6 0 255 255 255 255
120.5 315.9 0 255 255 255 255
120.5 317.9 0 255 255 255 255
121.7 318.7 0 255 255 255 255
123.7 318.7 0 255 255 255 255
124.1 319.7 0 255 255 255 255
122.1 319.7 0 255 255 255 255
120.5 320.1 0 255 255 255 255
120.5 322.1 0 255 255 255 255
121 323.6 0 255 255 255 255
123 323.6 0 255 255 255 255
124.6 324 0 255 255 255 255
192.3 324.7 0 255 255 255 255
190.713 324.062 0 255 255 255 255
189.892 322.238 0 255 255 255 255
189.071 320.414 0 255 255 255 255
188.251 318.59 0 255 255 255 255
187.43 316.766 0 255 255 255 255
187.4 318.627 0 255 255 255 255
187.4 320.627 0 255 255 255 255
187.4 322.627 0 255 255 255 255
187.4 324.627 0 255 255 255 255
186.2 323.973 0 255 255 255 255
186.2 321.973 0 255 255 255 255
186.2 319.973 0 255 255 255 255
186.2 317.973 0 255 255 255 255
186.2 315.973 0 255 255 255 255
186.827 314.6 0 255 255 255 255
188.05 315.808 0 255 255 255 255
188.88 317.628 0 255 255 255 255
189.709 319.448 0 255 255 255 255
190.538 321.268 0 255 255 255 255
191.1 321.854 0 255 255 255 255
191.1 319.854 0 255 255 255 255
191.1 317.854 0 255 255 255 255
191.1 315.854 0 255 255 255 255
191.846 314.6 0 255 255 255 255
192.3 316.146 0 255 255 255 255
192.3 318.146 0 255 255 255 255
192.3 320.146 0 255 255 255 255
192.3 322.146 0 255 255 255 255
192.3 324.146 0 255 255 255 255
124.7 377 0 255 255 255 255
122.7 377 0 255 255 255 255
120.7 377 0 255 255 255 255
119.4 376.3 0 255 255 255 255
119.4 374.3 0 255 255 255 255
119.4 372.3 0 255 255 255 255
119.4 370.3 0 255 255 255 255
119.4 368.3 0 255 255 255 255
120 366.9 0 255 255 255 255
122 366.9 0 255 255 255 255
124 366.9 0 255 255 255 255
124.2 367.9 0 255 255 255 255
122.2 367.9 0 255 255 255 255
120.5 368.2 0 255 255 255 255
120.5 370.2 0 255 255 255 255
121.7 371 0 255 255 255 255
123.7 371 0 255 255 255 255
124.1 372 0 255 255 255 255
122.1 372 0 255 255 255 255
120.5 372.4 0 255 255 255 255
120.5 374.4 0 255 255 255 255
121 375.9 0 255 255 255 255
123 375.9 0 255 255 255 255
124.6 376.3 0 255 255 255 255
193.3 377 0 255 255 255 255
191.527 376.581 0 255 255 255 255
190.434 374.906 0 255 255 255 255
189.342 373.231 0 255 255 255 255
187.792 372.4 0 255 255 255 255
187.5 374.108 0 255 255 255 255
187.5 376.108 0 255 255 255 255
186.392 377 0 255 255 255 255
186.3 375.092 0 255 255 255 255
186.3 373.092 0 255 255 255 255
186.3 371.092 0 255 255 255 255
186.3 369.092 0 255 255 255 255
186.3 367.092 0 255 255 255 255
188.108 366.9 0 255 255 255 255
190.104 366.97 0 255 255 255 255
191.818 367.918 0 255 255 255 255
192.282 369.81 0 255 255 255 255
191.301 371.489 0 255 255 255 255
190.31 372.56 0 255 255 255 255
191.427 374.218 0 255 255 255 255
192.544 375.877 0 255 255 255 255
187.6 371.4 0 255 255 255 255
189.597 371.352 0 255 255 255 255
191.105 370.183 0 255 255 255 255
190.68 368.344 0 255 255 255 255
188.775 367.9 0 255 255 255 255
187.6 368.725 0 255 255 255 255
187.6 370.726 0 255 255 255 255
260.7 377 0 255 255 255 255
259.26 376.237 0 255 255 255 255
258.66 374.329 0 255 255 255 255
257.269 373.5 0 255 255 255 255
255.269 373.5 0 255 255 255 255
254.481 375.152 0 255 255 255 255
253.838 377 0 255 255 255 255
252.968 376.18 0 255 255 255 255
253.589 374.279 0 255 255 255 255
254.21 372.378 0 255 255 255 255
254.831 370.477 0 255 255 255 255
255.452 368.576 0 255 255 255 255
256.237 366.9 0 255 255 255 255
257.66 367.696 0 255 255 255 255
258.281 369.597 0 255 255 255 255
258.902 371.498 0 255 255 255 255
259.523 373.399 0 255 255 255 255
260.145 375.3 0 255 255 255 255
258 372.4 0 255 255 255 255
257.409 370.489 0 255 255 255 255
256.817 368.579 0 255 255 255 255
256.226 369.732 0 255 255 255 255
255.635 371.642 0 255 255 255 255
256.607 372.4 0 255 255 255 255
58.3 420.2 0 255 255 255 255
56.3 420.2 0 255 255 255 255
55.2 421.1 0 255 255 255 255
55.2 423.1 0 255 255 255 255
55.2 425.1 0 255 255 255 255
55.2 427.1 0 255 255 255 255
55.2 429.1 0 255 255 255 255
54 428.7 0 255 255 255 255
54 426.7 0 255 255 255 255
54 424.7 0 255 255 255 255
54 422.7 0 255 255 255 255
54 420.7 0 255 255 255 255
52.5 420.2 0 255 255 255 255
50.9 419.8 0 255 255 255 255
52.3 419.2 0 255 255 255 255
54.3 419.2 0 255 255 255 255
56.3 419.2 0 255 255 255 255
58.3 419.2 0 255 255 255 255
124.2 429.3 0 255 255 255 255
122.2 429.3 0 255 255 255 255
120.2 429.3 0 255 255 255 255
120 428.3 0 255 255 255 255
121.3 427.6 0 255 255 255 255
121.3 425.6 0 255 255 255 255
121.3 423.6 0 255 255 255 255
121.3 421.6 0 255 255 255 255
120.6 420.3 0 255 255 255 255
119.6 419.3 0 255 255 255 255
121.6 419.3 0 255 255 255 255
123.6 419.3 0 255 255 255 255
123.8 420.3 0 255 255 255 255
122.5 421 0 255 255 255 255
122.5 423 0 255 255 255 255
122.5 425 0 255 255 255 255
122.5 427 0 255 255 255 255
123.2 428.3 0 255 255 255 255
193.3 419.2 0 255 255 255 255
192.679 421.101 0 255 255 255 255
192.058 423.002 0 255 255 255 255
191.437 424.903 0 255 255 255 255
190.815 426.804 0 255 255 255 255
190.194 428.706 0 255 255 255 255
188.625 429.3 0 255 255 255 255
187.987 427.423 0 255 255 255 255
187.366 425.522 0 255 255 255 255
186.744 423.621 0 255 255 255 255
186.123 421.72 0 255 255 255 255
185.502 419.819 0 255 255 255 255
186.546 419.342 0 255 255 255 255
187.158 421.246 0 255 255 255 255
187.771 423.15 0 255 255 255 255
188.384 425.053 0 255 255 255 255
188.997 426.957 0 255 255 255 255
189.609 426.939 0 255 255 255 255
190.222 425.035 0 255 255 255 255
190.835 423.131 0 255 255 255 255
191.447 421.227 0 255 255 255 255
192.06 419.324 0 255 255 255 255
259.4 429.3 0 255 255 255 255
257.4 429.3 0 255 255 255 255
255.4 429.3 0 255 255 255 255
254.1 428.6 0 255 255 255 255
254.1 426.6 0 255 255 255 255
254.1 424.6 0 255 255 255 255
254.1 422.6 0 255 255 255 255
254.1 420.6 0 255 255 255 255
254.7 419.2 0 255 255 255 255
256.7 419.2 0 255 255 255 255
258.7 419.2 0 255 255 255 255
258.9 420.2 0 255 255 255 255
256.9 420.2 0 255 255 255 255
255.2 420.5 0 255 255 255 255
255.2 422.5 0 255 255 255 255
256.4 423.3 0 255 255 255 255
258.4 423.3 0 255 255 255 255
258.8 424.3 0 255 255 255 255
256.8 424.3 0 255 255 255 255
255.2 424.7 0 255 255 255 255
255.2 426.7 0 255 255 255 255
255.7 428.2 0 255 255 255 255
257.7 428.2 0 255 255 255 255
259.3 428.6 0 255 255 255 255
3 0 1 2
3 3 4 5
3 6 7 8
3 9 10 11
3 12 13 14
3 15 16 17
3 18 19 20
3 21 22 23
3 24 25 26
3 27 28 29
3 30 31 32
3 33 34 35
3 36 37 38
3 39 40 41
3 42 43 44
3 45 46 47
3 48 49 50
3 51 52 53
3 54 55 56
3 57 58 59
3 60 61 62
3 63 64 65
3 66 67 68
3 69 70 71
3 72 73 74
3 75 76 77
3 78 79 80
3 81 82 83
3 84 85 86
3 87 88 89
3 90 91 92
3 93 94 95
3 96 97 98
3 99 100 101
3 102 103 104
3 105 106 107
3 108 109 110
3 111 112 113
3 114 115 116
3 117 118 119
3 120 121 122
3 123 124 125
3 126 127 128
3 129 130 131
3 132 133 134
3 135 136 137
3 138 139 140
3 141 142 143
3 144 145 146
3 147 148 149
3 150 151 152
3 153 154 155
3 156 157 158
3 159 160 161
3 162 163 164
3 165 166 167
3 168 169 170
3 171 172 173
3 174 175 176
3 177 178 179
3 180 181 182
3 183 184 185
3 186 187 188
3 189 190 191
3 192 193 194
3 195 196 197
3 198 199 200
3 201 202 203
3 204 205 206
3 207 208 209
3 210 211 212
3 213 214 215
3 216 217 218
3 219 220 221
3 222 223 224
3 225 226 227
3 228 229 230
3 231 232 233
3 234 235 236
3 237 238 239
3 240 241 242
3 243 244 245
3 246 247 248
3 249 250 251
3 252 253 254
3 255 256 257
3 258 259 260
3 261 262 263
3 264 265 266
3 267 268 269
3 270 271 272
3 273 274 275
3 276 277 278
3 279 280 281
3 282 283 284
3 285 286 287
3 288 289 290
3 291 292 293
3 294 295 296
3 297 298 299
3 300 301 302
3 303 304 305
3 306 307 308
3 309 310 311
3 312 313 314
3 315 316 317
3 318 319 320
3 321 322 323
3 324 325 326
3 327 328 329
3 330 331 332
3 333 334 335
3 336 337 338
3 339 340 341
3 342 343 344
3 345 346 347
3 348 349 350
3 351 352 353
3 354 355 356
3 357 358 359
3 360 361 362
3 363 364 365
3 366 367 368
3 369 370 371
3 372 373 374
3 375 376 377
3 378 379 380
3 381 382 383
3 384 385 386
3 387 388 389
3 390 391 392
3 393 394 395
3 396 397 398
3 399 400 401
3 402 403 404
3 405 406 407
3 408 409 410
3 411 412 413
3 414 415 416
3 417 418 419
3 420 421 422
3 423 424 425
3 426 427 428
3 429 430 431
3 432 433 434
3 435 436 437
3 438 439 440
3 441 442 443
3 444 445 446
3 447 448 449
3 450 451 452
3 453 454 455
3 456 457 458
3 459 460 461
3 462 463 464
3 465 466 467
3 468 469 470
3 471 472 473
3 474 475 476
3 477 478 479
3 480 481 482
3 483 484 485
3 486 487 488
3 489 490 491
3 492 493 494
3 495 496 497
3 498 499 500
3 501 502 503
3 504 505 506
3 507 508 509
3 510 511 512
3 513 514 515
3 516 517 518
3 519 520 521
3 522 523 524
3 525 526 527
3 528 529 530
3 531 532 533
3 534 535 536
3 537 538 539
3 540 541 542
3 543 544 545
3 546 547 548
3 549 550 551
3 552 553 554
3 555 556 557
3 558 559 560
