ply
format ascii 1.0
element vertex 2679
property float x
property float y
property float z
property uchar red
property uchar green
property uchar blue
property uchar alpha
element face 893
property list uchar int vertex_indices
end_header
258 70 0 255 255 255 255
258 72 0 255 255 255 255
258 228 0 255 255 255 255
258 230 0 255 255 255 255
258 232 0 255 255 255 255
260 70 0 255 255 255 255
260 72 0 255 255 255 255
260 132 0 255 255 255 255
260 134 0 255 255 255 255
260 136 0 255 255 255 255
260 138 0 255 255 255 255
260 140 0 255 255 255 255
260 142 0 255 255 255 255
260 144 0 255 255 255 255
260 146 0 255 255 255 255
260 148 0 255 255 255 255
260 150 0 255 255 255 255
260 152 0 255 255 255 255
260 154 0 255 255 255 255
260 156 0 255 255 255 255
260 158 0 255 255 255 255
260 160 0 255 255 255 255
260 162 0 255 255 255 255
260 164 0 255 255 255 255
260 166 0 255 255 255 255
260 168 0 255 255 255 255
260 208 0 255 255 255 255
260 210 0 255 255 255 255
260 212 0 255 255 255 255
260 214 0 255 255 255 255
260 216 0 255 255 255 255
260 218 0 255 255 255 255
260 220 0 255 255 255 255
260 222 0 255 255 255 255
260 224 0 255 255 255 255
260 226 0 255 255 255 255
260 228 0 255 255 255 255
260 230 0 255 255 255 255
260 232 0 255 255 255 255
260 260 0 255 255 255 255
260 262 0 255 255 255 255
260 264 0 255 255 255 255
260 266 0 255 255 255 255
260 268 0 255 255 255 255
260 270 0 255 255 255 255
260 272 0 255 255 255 255
260 274 0 255 255 255 255
260 276 0 255 255 255 255
260 278 0 255 255 255 255
260 280 0 255 255 255 255
260 282 0 255 255 255 255
260 284 0 255 255 255 255
260 286 0 255 255 255 255
260 288 0 255 255 255 255
260 290 0 255 255 255 255
260 292 0 255 255 255 255
260 294 0 255 255 255 255
260 324 0 255 255 255 255
260 326 0 255 255 255 255
260 328 0 255 255 255 255
260 330 0 255 255 255 255
260 332 0 255 255 255 255
260 334 0 255 255 255 255
260 336 0 255 255 255 255
260 338 0 255 255 255 255
260 340 0 255 255 255 255
260 342 0 255 255 255 255
260 344 0 255 255 255 255
260 346 0 255 255 255 255
260 348 0 255 255 255 255
260 350 0 255 255 255 255
260 352 0 255 255 255 255
260 354 0 255 255 255 255
260 356 0 255 255 255 255
260 358 0 255 255 255 255
260 388 0 255 255 255 255
260 390 0 255 255 255 255
260 392 0 255 255 255 255
260 394 0 255 255 255 255
260 396 0 255 255 255 255
260 398 0 255 255 255 255
260 400 0 255 255 255 255
260 402 0 255 255 255 255
260 404 0 255 255 255 255
260 406 0 255 255 255 255
260 408 0 255 255 255 255
260 410 0 255 255 255 255
260 412 0 255 255 255 255
260 414 0 255 255 255 255
260 416 0 255 255 255 255
260 418 0 255 255 255 255
260 420 0 255 255 255 255
260 422 0 255 255 255 255
262 70 0 255 255 255 255
262 72 0 255 255 255 255
262 74 0 255 255 255 255
262 76 0 255 255 255 255
262 78 0 255 255 255 255
262 80 0 255 255 255 255
262 82 0 255 255 255 255
262 84 0 255 255 255 255
262 86 0 255 255 255 255
262 88 0 255 255 255 255
262 90 0 255 255 255 255
262 92 0 255 255 255 255
262 94 0 255 255 255 255
262 96 0 255 255 255 255
262 98 0 255 255 255 255
262 100 0 255 255 255 255
262 102 0 255 255 255 255
262 104 0 255 255 255 255
262 132 0 255 255 255 255
262 134 0 255 255 255 255
262 136 0 255 255 255 255
262 138 0 255 255 255 255
262 140 0 255 255 255 255
262 142 0 255 255 255 255
262 144 0 255 255 255 255
262 146 0 255 255 255 255
262 148 0 255 255 255 255
262 150 0 255 255 255 255
262 152 0 255 255 255 255
262 154 0 255 255 255 255
262 156 0 255 255 255 255
262 158 0 255 255 255 255
262 160 0 255 255 255 255
262 162 0 255 255 255 255
262 164 0 255 255 255 255
262 166 0 255 255 255 255
262 168 0 255 255 255 255
262 196 0 255 255 255 255
262 198 0 255 255 255 255
262 200 0 255 255 255 255
262 202 0 255 255 255 255
262 204 0 255 255 255 255
262 206 0 255 255 255 255
262 208 0 255 255 255 255
262 210 0 255 255 255 255
262 212 0 255 255 255 255
262 214 0 255 255 255 255
262 216 0 255 255 255 255
262 218 0 255 255 255 255
262 220 0 255 255 255 255
262 222 0 255 255 255 255
262 224 0 255 255 255 255
262 226 0 255 255 255 255
262 228 0 255 255 255 255
262 230 0 255 255 255 255
262 232 0 255 255 255 255
262 260 0 255 255 255 255
262 262 0 255 255 255 255
262 264 0 255 255 255 255
262 266 0 255 255 255 255
262 268 0 255 255 255 255
262 270 0 255 255 255 255
262 272 0 255 255 255 255
262 274 0 255 255 255 255
262 276 0 255 255 255 255
262 278 0 255 255 255 255
262 280 0 255 255 255 255
262 282 0 255 255 255 255
262 284 0 255 255 255 255
262 286 0 255 255 255 255
262 288 0 255 255 255 255
262 290 0 255 255 255 255
262 292 0 255 255 255 255
262 294 0 255 255 255 255
262 324 0 255 255 255 255
262 326 0 255 255 255 255
262 328 0 255 255 255 255
262 330 0 255 255 255 255
262 332 0 255 255 255 255
262 334 0 255 255 255 255
262 336 0 255 255 255 255
262 338 0 255 255 255 255
262 340 0 255 255 255 255
262 342 0 255 255 255 255
262 344 0 255 255 255 255
262 346 0 255 255 255 255
262 348 0 255 255 255 255
262 350 0 255 255 255 255
262 352 0 255 255 255 255
262 354 0 255 255 255 255
262 356 0 255 255 255 255
262 358 0 255 255 255 255
262 388 0 255 255 255 255
262 390 0 255 255 255 255
262 392 0 255 255 255 255
262 394 0 255 255 255 255
262 396 0 255 255 255 255
262 398 0 255 255 255 255
262 400 0 255 255 255 255
262 402 0 255 255 255 255
262 404 0 255 255 255 255
262 406 0 255 255 255 255
262 408 0 255 255 255 255
262 410 0 255 255 255 255
262 412 0 255 255 255 255
262 414 0 255 255 255 255
262 416 0 255 255 255 255
262 418 0 255 255 255 255
262 420 0 255 255 255 255
262 422 0 255 255 255 255
264 70 0 255 255 255 255
264 72 0 255 255 255 255
264 74 0 255 255 255 255
264 76 0 255 255 255 255
264 78 0 255 255 255 255
264 80 0 255 255 255 255
264 82 0 255 255 255 255
264 84 0 255 255 255 255
264 86 0 255 255 255 255
264 88 0 255 255 255 255
264 90 0 255 255 255 255
264 92 0 255 255 255 255
264 94 0 255 255 255 255
264 96 0 255 255 255 255
264 98 0 255 255 255 255
264 100 0 255 255 255 255
264 102 0 255 255 255 255
264 104 0 255 255 255 255
264 132 0 255 255 255 255
264 134 0 255 255 255 255
264 136 0 255 255 255 255
264 138 0 255 255 255 255
264 140 0 255 255 255 255
264 142 0 255 255 255 255
264 144 0 255 255 255 255
264 146 0 255 255 255 255
264 148 0 255 255 255 255
264 150 0 255 255 255 255
264 152 0 255 255 255 255
264 154 0 255 255 255 255
264 156 0 255 255 255 255
264 158 0 255 255 255 255
264 160 0 255 255 255 255
264 162 0 255 255 255 255
264 164 0 255 255 255 255
264 166 0 255 255 255 255
264 168 0 255 255 255 255
264 196 0 255 255 255 255
264 198 0 255 255 255 255
264 200 0 255 255 255 255
264 202 0 255 255 255 255
264 204 0 255 255 255 255
264 206 0 255 255 255 255
264 208 0 255 255 255 255
264 210 0 255 255 255 255
264 212 0 255 255 255 255
264 214 0 255 255 255 255
264 216 0 255 255 255 255
264 218 0 255 255 255 255
264 220 0 255 255 255 255
264 222 0 255 255 255 255
264 224 0 255 255 255 255
264 260 0 255 255 255 255
264 262 0 255 255 255 255
264 264 0 255 255 255 255
264 266 0 255 255 255 255
264 268 0 255 255 255 255
264 270 0 255 255 255 255
264 272 0 255 255 255 255
264 274 0 255 255 255 255
264 276 0 255 255 255 255
264 278 0 255 255 255 255
264 280 0 255 255 255 255
264 282 0 255 255 255 255
264 284 0 255 255 255 255
264 286 0 255 255 255 255
264 288 0 255 255 255 255
264 290 0 255 255 255 255
264 292 0 255 255 255 255
264 294 0 255 255 255 255
264 324 0 255 255 255 255
264 326 0 255 255 255 255
264 328 0 255 255 255 255
264 330 0 255 255 255 255
264 332 0 255 255 255 255
264 334 0 255 255 255 255
264 336 0 255 255 255 255
264 338 0 255 255 255 255
264 340 0 255 255 255 255
264 342 0 255 255 255 255
264 344 0 255 255 255 255
264 346 0 255 255 255 255
264 348 0 255 255 255 255
264 350 0 255 255 255 255
264 352 0 255 255 255 255
264 354 0 255 255 255 255
264 356 0 255 255 255 255
264 358 0 255 255 255 255
264 386 0 255 255 255 255
264 388 0 255 255 255 255
264 390 0 255 255 255 255
264 392 0 255 255 255 255
264 394 0 255 255 255 255
264 396 0 255 255 255 255
264 398 0 255 255 255 255
264 400 0 255 255 255 255
264 402 0 255 255 255 255
264 404 0 255 255 255 255
264 406 0 255 255 255 255
264 408 0 255 255 255 255
264 410 0 255 255 255 255
264 412 0 255 255 255 255
264 414 0 255 255 255 255
264 416 0 255 255 255 255
264 418 0 255 255 255 255
264 420 0 255 255 255 255
264 422 0 255 255 255 255
266 70 0 255 255 255 255
266 72 0 255 255 255 255
266 74 0 255 255 255 255
266 76 0 255 255 255 255
266 78 0 255 255 255 255
266 80 0 255 255 255 255
266 82 0 255 255 255 255
266 84 0 255 255 255 255
266 86 0 255 255 255 255
266 88 0 255 255 255 255
266 90 0 255 255 255 255
266 92 0 255 255 255 255
266 94 0 255 255 255 255
266 96 0 255 255 255 255
266 98 0 255 255 255 255
266 100 0 255 255 255 255
266 102 0 255 255 255 255
266 104 0 255 255 255 255
266 196 0 255 255 255 255
266 198 0 255 255 255 255
266 200 0 255 255 255 255
266 202 0 255 255 255 255
266 204 0 255 255 255 255
266 206 0 255 255 255 255
266 208 0 255 255 255 255
266 210 0 255 255 255 255
266 212 0 255 255 255 255
266 220 0 255 255 255 255
266 222 0 255 255 255 255
266 224 0 255 255 255 255
266 260 0 255 255 255 255
266 262 0 255 255 255 255
266 292 0 255 255 255 255
266 294 0 255 255 255 255
266 324 0 255 255 255 255
266 326 0 255 255 255 255
266 356 0 255 255 255 255
266 358 0 255 255 255 255
266 386 0 255 255 255 255
266 388 0 255 255 255 255
266 390 0 255 255 255 255
266 420 0 255 255 255 255
266 422 0 255 255 255 255
268 70 0 255 255 255 255
268 72 0 255 255 255 255
268 136 0 255 255 255 255
268 138 0 255 255 255 255
268 140 0 255 255 255 255
268 142 0 255 255 255 255
268 144 0 255 255 255 255
268 146 0 255 255 255 255
268 154 0 255 255 255 255
268 156 0 255 255 255 255
268 158 0 255 255 255 255
268 160 0 255 255 255 255
268 162 0 255 255 255 255
268 164 0 255 255 255 255
268 196 0 255 255 255 255
268 198 0 255 255 255 255
268 200 0 255 255 255 255
268 202 0 255 255 255 255
268 204 0 255 255 255 255
268 206 0 255 255 255 255
268 208 0 255 255 255 255
268 210 0 255 255 255 255
268 212 0 255 255 255 255
268 214 0 255 255 255 255
268 216 0 255 255 255 255
268 218 0 255 255 255 255
268 220 0 255 255 255 255
268 222 0 255 255 255 255
268 224 0 255 255 255 255
268 226 0 255 255 255 255
268 228 0 255 255 255 255
268 230 0 255 255 255 255
268 232 0 255 255 255 255
268 260 0 255 255 255 255
268 262 0 255 255 255 255
268 264 0 255 255 255 255
268 266 0 255 255 255 255
268 268 0 255 255 255 255
268 270 0 255 255 255 255
268 272 0 255 255 255 255
268 274 0 255 255 255 255
268 276 0 255 255 255 255
268 278 0 255 255 255 255
268 280 0 255 255 255 255
268 282 0 255 255 255 255
268 284 0 255 255 255 255
268 286 0 255 255 255 255
268 288 0 255 255 255 255
268 290 0 255 255 255 255
268 292 0 255 255 255 255
268 294 0 255 255 255 255
268 324 0 255 255 255 255
268 326 0 255 255 255 255
268 328 0 255 255 255 255
268 330 0 255 255 255 255
268 332 0 255 255 255 255
268 334 0 255 255 255 255
268 336 0 255 255 255 255
268 338 0 255 255 255 255
268 340 0 255 255 255 255
268 342 0 255 255 255 255
268 344 0 255 255 255 255
268 346 0 255 255 255 255
268 348 0 255 255 255 255
268 350 0 255 255 255 255
268 352 0 255 255 255 255
268 354 0 255 255 255 255
268 356 0 255 255 255 255
268 358 0 255 255 255 255
268 386 0 255 255 255 255
268 388 0 255 255 255 255
268 390 0 255 255 255 255
268 392 0 255 255 255 255
268 394 0 255 255 255 255
268 396 0 255 255 255 255
268 398 0 255 255 255 255
268 408 0 255 255 255 255
268 410 0 255 255 255 255
268 412 0 255 255 255 255
268 414 0 255 255 255 255
268 416 0 255 255 255 255
268 418 0 255 255 255 255
268 420 0 255 255 255 255
268 422 0 255 255 255 255
270 134 0 255 255 255 255
270 136 0 255 255 255 255
270 138 0 255 255 255 255
270 140 0 255 255 255 255
270 142 0 255 255 255 255
270 144 0 255 255 255 255
270 146 0 255 255 255 255
270 148 0 255 255 255 255
270 154 0 255 255 255 255
270 156 0 255 255 255 255
270 158 0 255 255 255 255
270 160 0 255 255 255 255
270 162 0 255 255 255 255
270 164 0 255 255 255 255
270 166 0 255 255 255 255
270 168 0 255 255 255 255
270 200 0 255 255 255 255
270 202 0 255 255 255 255
270 204 0 255 255 255 255
270 206 0 255 255 255 255
270 208 0 255 255 255 255
270 210 0 255 255 255 255
270 212 0 255 255 255 255
270 214 0 255 255 255 255
270 216 0 255 255 255 255
270 218 0 255 255 255 255
270 220 0 255 255 255 255
270 222 0 255 255 255 255
270 224 0 255 255 255 255
270 226 0 255 255 255 255
270 228 0 255 255 255 255
270 230 0 255 255 255 255
270 232 0 255 255 255 255
270 260 0 255 255 255 255
270 262 0 255 255 255 255
270 264 0 255 255 255 255
270 266 0 255 255 255 255
270 268 0 255 255 255 255
270 270 0 255 255 255 255
270 272 0 255 255 255 255
270 274 0 255 255 255 255
270 276 0 255 255 255 255
270 278 0 255 255 255 255
270 280 0 255 255 255 255
270 282 0 255 255 255 255
270 284 0 255 255 255 255
270 286 0 255 255 255 255
270 288 0 255 255 255 255
270 290 0 255 255 255 255
270 292 0 255 255 255 255
270 294 0 255 255 255 255
270 324 0 255 255 255 255
270 326 0 255 255 255 255
270 328 0 255 255 255 255
270 330 0 255 255 255 255
270 332 0 255 255 255 255
270 334 0 255 255 255 255
270 336 0 255 255 255 255
270 338 0 255 255 255 255
270 340 0 255 255 255 255
270 342 0 255 255 255 255
270 344 0 255 255 255 255
270 346 0 255 255 255 255
270 348 0 255 255 255 255
270 350 0 255 255 255 255
270 352 0 255 255 255 255
270 354 0 255 255 255 255
270 356 0 255 255 255 255
270 358 0 255 255 255 255
270 388 0 255 255 255 255
270 390 0 255 255 255 255
270 392 0 255 255 255 255
270 394 0 255 255 255 255
270 396 0 255 255 255 255
270 398 0 255 255 255 255
270 408 0 255 255 255 255
270 410 0 255 255 255 255
270 412 0 255 255 255 255
270 414 0 255 255 255 255
270 416 0 255 255 255 255
270 418 0 255 255 255 255
270 420 0 255 255 255 255
270 422 0 255 255 255 255
272 70 0 255 255 255 255
272 72 0 255 255 255 255
272 74 0 255 255 255 255
272 76 0 255 255 255 255
272 132 0 255 255 255 255
272 134 0 255 255 255 255
272 136 0 255 255 255 255
272 138 0 255 255 255 255
272 140 0 255 255 255 255
272 142 0 255 255 255 255
272 144 0 255 255 255 255
272 146 0 255 255 255 255
272 148 0 255 255 255 255
272 150 0 255 255 255 255
272 154 0 255 255 255 255
272 156 0 255 255 255 255
272 158 0 255 255 255 255
272 160 0 255 255 255 255
272 162 0 255 255 255 255
272 164 0 255 255 255 255
272 166 0 255 255 255 255
272 168 0 255 255 255 255
272 220 0 255 255 255 255
272 222 0 255 255 255 255
272 224 0 255 255 255 255
272 226 0 255 255 255 255
272 228 0 255 255 255 255
272 230 0 255 255 255 255
272 232 0 255 255 255 255
272 262 0 255 255 255 255
272 264 0 255 255 255 255
272 266 0 255 255 255 255
272 268 0 255 255 255 255
272 270 0 255 255 255 255
272 272 0 255 255 255 255
272 274 0 255 255 255 255
272 276 0 255 255 255 255
272 278 0 255 255 255 255
272 280 0 255 255 255 255
272 282 0 255 255 255 255
272 284 0 255 255 255 255
272 286 0 255 255 255 255
272 288 0 255 255 255 255
272 290 0 255 255 255 255
272 292 0 255 255 255 255
272 294 0 255 255 255 255
272 326 0 255 255 255 255
272 328 0 255 255 255 255
272 330 0 255 255 255 255
272 332 0 255 255 255 255
272 334 0 255 255 255 255
272 336 0 255 255 255 255
272 338 0 255 255 255 255
272 340 0 255 255 255 255
272 342 0 255 255 255 255
272 344 0 255 255 255 255
272 346 0 255 255 255 255
272 348 0 255 255 255 255
272 350 0 255 255 255 255
272 352 0 255 255 255 255
272 354 0 255 255 255 255
272 356 0 255 255 255 255
272 388 0 255 255 255 255
272 390 0 255 255 255 255
272 392 0 255 255 255 255
272 394 0 255 255 255 255
272 396 0 255 255 255 255
272 398 0 255 255 255 255
272 408 0 255 255 255 255
272 410 0 255 255 255 255
272 412 0 255 255 255 255
272 414 0 255 255 255 255
272 416 0 255 255 255 255
272 418 0 255 255 255 255
272 420 0 255 255 255 255
274 70 0 255 255 255 255
274 72 0 255 255 255 255
274 74 0 255 255 255 255
274 76 0 255 255 255 255
274 78 0 255 255 255 255
274 80 0 255 255 255 255
274 82 0 255 255 255 255
274 84 0 255 255 255 255
274 86 0 255 255 255 255
274 132 0 255 255 255 255
274 134 0 255 255 255 255
274 136 0 255 255 255 255
274 138 0 255 255 255 255
274 140 0 255 255 255 255
274 142 0 255 255 255 255
274 144 0 255 255 255 255
274 146 0 255 255 255 255
274 148 0 255 255 255 255
274 150 0 255 255 255 255
274 152 0 255 255 255 255
274 164 0 255 255 255 255
274 166 0 255 255 255 255
274 168 0 255 255 255 255
276 70 0 255 255 255 255
276 72 0 255 255 255 255
276 74 0 255 255 255 255
276 76 0 255 255 255 255
276 78 0 255 255 255 255
276 80 0 255 255 255 255
276 82 0 255 255 255 255
276 84 0 255 255 255 255
276 86 0 255 255 255 255
276 88 0 255 255 255 255
276 90 0 255 255 255 255
276 92 0 255 255 255 255
276 94 0 255 255 255 255
276 96 0 255 255 255 255
276 98 0 255 255 255 255
276 100 0 255 255 255 255
276 102 0 255 255 255 255
276 104 0 255 255 255 255
276 132 0 255 255 255 255
276 134 0 255 255 255 255
276 136 0 255 255 255 255
276 138 0 255 255 255 255
276 140 0 255 255 255 255
276 142 0 255 255 255 255
276 144 0 255 255 255 255
276 148 0 255 255 255 255
276 150 0 255 255 255 255
276 152 0 255 255 255 255
276 154 0 255 255 255 255
276 156 0 255 255 255 255
276 158 0 255 255 255 255
276 160 0 255 255 255 255
276 162 0 255 255 255 255
276 164 0 255 255 255 255
276 166 0 255 255 255 255
276 168 0 255 255 255 255
276 196 0 255 255 255 255
276 198 0 255 255 255 255
276 200 0 255 255 255 255
276 202 0 255 255 255 255
276 204 0 255 255 255 255
276 206 0 255 255 255 255
276 208 0 255 255 255 255
276 210 0 255 255 255 255
276 212 0 255 255 255 255
276 214 0 255 255 255 255
276 216 0 255 255 255 255
276 218 0 255 255 255 255
276 220 0 255 255 255 255
276 222 0 255 255 255 255
276 224 0 255 255 255 255
276 226 0 255 255 255 255
276 228 0 255 255 255 255
276 230 0 255 255 255 255
276 232 0 255 255 255 255
276 260 0 255 255 255 255
276 262 0 255 255 255 255
276 264 0 255 255 255 255
276 266 0 255 255 255 255
276 268 0 255 255 255 255
276 270 0 255 255 255 255
276 272 0 255 255 255 255
276 274 0 255 255 255 255
276 276 0 255 255 255 255
276 278 0 255 255 255 255
276 280 0 255 255 255 255
276 282 0 255 255 255 255
276 284 0 255 255 255 255
276 286 0 255 255 255 255
276 288 0 255 255 255 255
276 290 0 255 255 255 255
276 292 0 255 255 255 255
276 294 0 255 255 255 255
276 324 0 255 255 255 255
276 326 0 255 255 255 255
276 328 0 255 255 255 255
276 330 0 255 255 255 255
276 332 0 255 255 255 255
276 334 0 255 255 255 255
276 336 0 255 255 255 255
276 338 0 255 255 255 255
276 340 0 255 255 255 255
276 342 0 255 255 255 255
276 344 0 255 255 255 255
276 346 0 255 255 255 255
276 348 0 255 255 255 255
276 350 0 255 255 255 255
276 352 0 255 255 255 255
276 354 0 255 255 255 255
276 356 0 255 255 255 255
276 358 0 255 255 255 255
276 388 0 255 255 255 255
276 390 0 255 255 255 255
276 392 0 255 255 255 255
276 394 0 255 255 255 255
276 396 0 255 255 255 255
276 398 0 255 255 255 255
276 400 0 255 255 255 255
276 402 0 255 255 255 255
276 404 0 255 255 255 255
276 406 0 255 255 255 255
276 408 0 255 255 255 255
276 410 0 255 255 255 255
276 412 0 255 255 255 255
276 414 0 255 255 255 255
276 416 0 255 255 255 255
276 418 0 255 255 255 255
276 420 0 255 255 255 255
276 422 0 255 255 255 255
278 82 0 255 255 255 255
278 84 0 255 255 255 255
278 86 0 255 255 255 255
278 88 0 255 255 255 255
278 90 0 255 255 255 255
278 92 0 255 255 255 255
278 94 0 255 255 255 255
278 96 0 255 255 255 255
278 98 0 255 255 255 255
278 100 0 255 255 255 255
278 102 0 255 255 255 255
278 104 0 255 255 255 255
278 132 0 255 255 255 255
278 134 0 255 255 255 255
278 136 0 255 255 255 255
278 138 0 255 255 255 255
278 140 0 255 255 255 255
278 142 0 255 255 255 255
278 144 0 255 255 255 255
278 148 0 255 255 255 255
278 150 0 255 255 255 255
278 152 0 255 255 255 255
278 154 0 255 255 255 255
278 156 0 255 255 255 255
278 158 0 255 255 255 255
278 160 0 255 255 255 255
278 162 0 255 255 255 255
278 164 0 255 255 255 255
278 166 0 255 255 255 255
278 168 0 255 255 255 255
278 196 0 255 255 255 255
278 198 0 255 255 255 255
278 200 0 255 255 255 255
278 202 0 255 255 255 255
278 204 0 255 255 255 255
278 206 0 255 255 255 255
278 208 0 255 255 255 255
278 210 0 255 255 255 255
278 212 0 255 255 255 255
278 214 0 255 255 255 255
278 216 0 255 255 255 255
278 218 0 255 255 255 255
278 220 0 255 255 255 255
278 222 0 255 255 255 255
278 224 0 255 255 255 255
278 226 0 255 255 255 255
278 228 0 255 255 255 255
278 230 0 255 255 255 255
278 232 0 255 255 255 255
278 260 0 255 255 255 255
278 262 0 255 255 255 255
278 264 0 255 255 255 255
278 266 0 255 255 255 255
278 268 0 255 255 255 255
278 270 0 255 255 255 255
278 272 0 255 255 255 255
278 274 0 255 255 255 255
278 276 0 255 255 255 255
278 278 0 255 255 255 255
278 280 0 255 255 255 255
278 282 0 255 255 255 255
278 284 0 255 255 255 255
278 286 0 255 255 255 255
278 288 0 255 255 255 255
278 290 0 255 255 255 255
278 292 0 255 255 255 255
278 294 0 255 255 255 255
278 324 0 255 255 255 255
278 326 0 255 255 255 255
278 328 0 255 255 255 255
278 330 0 255 255 255 255
278 332 0 255 255 255 255
278 334 0 255 255 255 255
278 336 0 255 255 255 255
278 338 0 255 255 255 255
278 340 0 255 255 255 255
278 342 0 255 255 255 255
278 344 0 255 255 255 255
278 346 0 255 255 255 255
278 348 0 255 255 255 255
278 350 0 255 255 255 255
278 352 0 255 255 255 255
278 354 0 255 255 255 255
278 356 0 255 255 255 255
278 358 0 255 255 255 255
278 388 0 255 255 255 255
278 390 0 255 255 255 255
278 392 0 255 255 255 255
278 394 0 255 255 255 255
278 396 0 255 255 255 255
278 398 0 255 255 255 255
278 400 0 255 255 255 255
278 402 0 255 255 255 255
278 404 0 255 255 255 255
278 406 0 255 255 255 255
278 408 0 255 255 255 255
278 410 0 255 255 255 255
278 412 0 255 255 255 255
278 414 0 255 255 255 255
278 416 0 255 255 255 255
278 418 0 255 255 255 255
278 420 0 255 255 255 255
278 422 0 255 255 255 255
280 70 0 255 255 255 255
280 72 0 255 255 255 255
280 74 0 255 255 255 255
280 76 0 255 255 255 255
280 78 0 255 255 255 255
280 80 0 255 255 255 255
280 82 0 255 255 255 255
280 84 0 255 255 255 255
280 86 0 255 255 255 255
280 88 0 255 255 255 255
280 90 0 255 255 255 255
280 92 0 255 255 255 255
280 94 0 255 255 255 255
280 96 0 255 255 255 255
280 98 0 255 255 255 255
280 100 0 255 255 255 255
280 102 0 255 255 255 255
280 104 0 255 255 255 255
280 134 0 255 255 255 255
280 136 0 255 255 255 255
280 138 0 255 255 255 255
280 140 0 255 255 255 255
280 142 0 255 255 255 255
280 144 0 255 255 255 255
280 150 0 255 255 255 255
280 152 0 255 255 255 255
280 154 0 255 255 255 255
280 156 0 255 255 255 255
280 158 0 255 255 255 255
280 160 0 255 255 255 255
280 162 0 255 255 255 255
280 164 0 255 255 255 255
280 166 0 255 255 255 255
280 168 0 255 255 255 255
280 196 0 255 255 255 255
280 198 0 255 255 255 255
280 200 0 255 255 255 255
280 202 0 255 255 255 255
280 204 0 255 255 255 255
280 206 0 255 255 255 255
280 208 0 255 255 255 255
280 210 0 255 255 255 255
280 212 0 255 255 255 255
280 214 0 255 255 255 255
280 216 0 255 255 255 255
280 218 0 255 255 255 255
280 220 0 255 255 255 255
280 222 0 255 255 255 255
280 224 0 255 255 255 255
280 226 0 255 255 255 255
280 228 0 255 255 255 255
280 230 0 255 255 255 255
280 232 0 255 255 255 255
280 260 0 255 255 255 255
280 262 0 255 255 255 255
280 264 0 255 255 255 255
280 266 0 255 255 255 255
280 268 0 255 255 255 255
280 270 0 255 255 255 255
280 272 0 255 255 255 255
280 274 0 255 255 255 255
280 276 0 255 255 255 255
280 278 0 255 255 255 255
280 280 0 255 255 255 255
280 282 0 255 255 255 255
280 284 0 255 255 255 255
280 286 0 255 255 255 255
280 288 0 255 255 255 255
280 290 0 255 255 255 255
280 292 0 255 255 255 255
280 294 0 255 255 255 255
280 324 0 255 255 255 255
280 326 0 255 255 255 255
280 328 0 255 255 255 255
280 330 0 255 255 255 255
280 332 0 255 255 255 255
280 334 0 255 255 255 255
280 336 0 255 255 255 255
280 338 0 255 255 255 255
280 340 0 255 255 255 255
280 342 0 255 255 255 255
280 344 0 255 255 255 255
280 346 0 255 255 255 255
280 348 0 255 255 255 255
280 350 0 255 255 255 255
280 352 0 255 255 255 255
280 354 0 255 255 255 255
280 356 0 255 255 255 255
280 358 0 255 255 255 255
280 388 0 255 255 255 255
280 390 0 255 255 255 255
280 392 0 255 255 255 255
280 394 0 255 255 255 255
280 396 0 255 255 255 255
280 398 0 255 255 255 255
280 400 0 255 255 255 255
280 402 0 255 255 255 255
280 404 0 255 255 255 255
280 406 0 255 255 255 255
280 408 0 255 255 255 255
280 410 0 255 255 255 255
280 412 0 255 255 255 255
280 414 0 255 255 255 255
280 416 0 255 255 255 255
280 418 0 255 255 255 255
280 420 0 255 255 255 255
280 422 0 255 255 255 255
282 70 0 255 255 255 255
282 72 0 255 255 255 255
282 74 0 255 255 255 255
282 76 0 255 255 255 255
282 78 0 255 255 255 255
282 80 0 255 255 255 255
282 82 0 255 255 255 255
282 84 0 255 255 255 255
282 138 0 255 255 255 255
282 140 0 255 255 255 255
282 142 0 255 255 255 255
282 144 0 255 255 255 255
282 152 0 255 255 255 255
282 154 0 255 255 255 255
282 156 0 255 255 255 255
282 158 0 255 255 255 255
282 160 0 255 255 255 255
282 162 0 255 255 255 255
282 164 0 255 255 255 255
282 200 0 255 255 255 255
282 202 0 255 255 255 255
282 204 0 255 255 255 255
282 206 0 255 255 255 255
282 208 0 255 255 255 255
282 210 0 255 255 255 255
282 212 0 255 255 255 255
282 214 0 255 255 255 255
282 216 0 255 255 255 255
282 260 0 255 255 255 255
282 262 0 255 255 255 255
282 264 0 255 255 255 255
282 266 0 255 255 255 255
282 268 0 255 255 255 255
282 270 0 255 255 255 255
282 272 0 255 255 255 255
282 274 0 255 255 255 255
282 276 0 255 255 255 255
282 278 0 255 255 255 255
282 280 0 255 255 255 255
282 282 0 255 255 255 255
282 284 0 255 255 255 255
282 286 0 255 255 255 255
282 288 0 255 255 255 255
282 290 0 255 255 255 255
282 292 0 255 255 255 255
282 294 0 255 255 255 255
282 324 0 255 255 255 255
282 326 0 255 255 255 255
282 328 0 255 255 255 255
282 330 0 255 255 255 255
282 332 0 255 255 255 255
282 334 0 255 255 255 255
282 336 0 255 255 255 255
282 338 0 255 255 255 255
282 340 0 255 255 255 255
282 342 0 255 255 255 255
282 344 0 255 255 255 255
282 346 0 255 255 255 255
282 348 0 255 255 255 255
282 350 0 255 255 255 255
282 352 0 255 255 255 255
282 354 0 255 255 255 255
282 356 0 255 255 255 255
282 358 0 255 255 255 255
284 70 0 255 255 255 255
284 72 0 255 255 255 255
284 74 0 255 255 255 255
284 210 0 255 255 255 255
284 212 0 255 255 255 255
284 214 0 255 255 255 255
284 216 0 255 255 255 255
284 218 0 255 255 255 255
284 220 0 255 255 255 255
284 222 0 255 255 255 255
284 224 0 255 255 255 255
284 226 0 255 255 255 255
284 260 0 255 255 255 255
284 262 0 255 255 255 255
284 264 0 255 255 255 255
284 272 0 255 255 255 255
284 274 0 255 255 255 255
284 276 0 255 255 255 255
284 278 0 255 255 255 255
284 280 0 255 255 255 255
284 290 0 255 255 255 255
284 292 0 255 255 255 255
284 294 0 255 255 255 255
284 324 0 255 255 255 255
284 326 0 255 255 255 255
284 338 0 255 255 255 255
284 340 0 255 255 255 255
286 196 0 255 255 255 255
286 198 0 255 255 255 255
286 200 0 255 255 255 255
286 202 0 255 255 255 255
286 204 0 255 255 255 255
286 206 0 255 255 255 255
286 208 0 255 255 255 255
286 210 0 255 255 255 255
286 212 0 255 255 255 255
286 214 0 255 255 255 255
286 216 0 255 255 255 255
286 218 0 255 255 255 255
286 220 0 255 255 255 255
286 222 0 255 255 255 255
286 224 0 255 255 255 255
286 226 0 255 255 255 255
286 228 0 255 255 255 255
286 230 0 255 255 255 255
286 232 0 255 255 255 255
286 260 0 255 255 255 255
286 262 0 255 255 255 255
286 264 0 255 255 255 255
286 266 0 255 255 255 255
286 268 0 255 255 255 255
286 270 0 255 255 255 255
286 272 0 255 255 255 255
286 274 0 255 255 255 255
286 276 0 255 255 255 255
286 278 0 255 255 255 255
286 280 0 255 255 255 255
286 282 0 255 255 255 255
286 284 0 255 255 255 255
286 286 0 255 255 255 255
286 288 0 255 255 255 255
286 290 0 255 255 255 255
286 292 0 255 255 255 255
286 294 0 255 255 255 255
286 388 0 255 255 255 255
286 390 0 255 255 255 255
286 392 0 255 255 255 255
286 394 0 255 255 255 255
286 396 0 255 255 255 255
286 398 0 255 255 255 255
286 400 0 255 255 255 255
286 402 0 255 255 255 255
286 404 0 255 255 255 255
286 406 0 255 255 255 255
286 408 0 255 255 255 255
286 410 0 255 255 255 255
286 412 0 255 255 255 255
286 414 0 255 255 255 255
286 416 0 255 255 255 255
286 418 0 255 255 255 255
286 420 0 255 255 255 255
286 422 0 255 255 255 255
288 70 0 255 255 255 255
288 72 0 255 255 255 255
288 74 0 255 255 255 255
288 76 0 255 255 255 255
288 78 0 255 255 255 255
288 80 0 255 255 255 255
288 82 0 255 255 255 255
288 84 0 255 255 255 255
288 86 0 255 255 255 255
288 88 0 255 255 255 255
288 90 0 255 255 255 255
288 92 0 255 255 255 255
288 94 0 255 255 255 255
288 96 0 255 255 255 255
288 98 0 255 255 255 255
288 100 0 255 255 255 255
288 102 0 255 255 255 255
288 104 0 255 255 255 255
288 196 0 255 255 255 255
288 198 0 255 255 255 255
288 200 0 255 255 255 255
288 202 0 255 255 255 255
288 204 0 255 255 255 255
288 206 0 255 255 255 255
288 208 0 255 255 255 255
288 210 0 255 255 255 255
288 212 0 255 255 255 255
288 214 0 255 255 255 255
288 216 0 255 255 255 255
288 218 0 255 255 255 255
288 220 0 255 255 255 255
288 222 0 255 255 255 255
288 224 0 255 255 255 255
288 226 0 255 255 255 255
288 228 0 255 255 255 255
288 230 0 255 255 255 255
288 232 0 255 255 255 255
288 260 0 255 255 255 255
288 262 0 255 255 255 255
288 264 0 255 255 255 255
288 266 0 255 255 255 255
288 268 0 255 255 255 255
288 270 0 255 255 255 255
288 272 0 255 255 255 255
288 274 0 255 255 255 255
288 278 0 255 255 255 255
288 280 0 255 255 255 255
288 282 0 255 255 255 255
288 284 0 255 255 255 255
288 286 0 255 255 255 255
288 288 0 255 255 255 255
288 290 0 255 255 255 255
288 292 0 255 255 255 255
288 294 0 255 255 255 255
288 388 0 255 255 255 255
288 390 0 255 255 255 255
288 392 0 255 255 255 255
288 394 0 255 255 255 255
288 396 0 255 255 255 255
288 398 0 255 255 255 255
288 400 0 255 255 255 255
288 402 0 255 255 255 255
288 404 0 255 255 255 255
288 406 0 255 255 255 255
288 408 0 255 255 255 255
288 410 0 255 255 255 255
288 412 0 255 255 255 255
288 414 0 255 255 255 255
288 416 0 255 255 255 255
288 418 0 255 255 255 255
288 420 0 255 255 255 255
288 422 0 255 255 255 255
290 70 0 255 255 255 255
290 72 0 255 255 255 255
290 74 0 255 255 255 255
290 76 0 255 255 255 255
290 78 0 255 255 255 255
290 80 0 255 255 255 255
290 82 0 255 255 255 255
290 84 0 255 255 255 255
290 86 0 255 255 255 255
290 88 0 255 255 255 255
290 90 0 255 255 255 255
290 92 0 255 255 255 255
290 94 0 255 255 255 255
290 96 0 255 255 255 255
290 98 0 255 255 255 255
290 100 0 255 255 255 255
290 102 0 255 255 255 255
290 104 0 255 255 255 255
290 196 0 255 255 255 255
290 198 0 255 255 255 255
290 200 0 255 255 255 255
290 202 0 255 255 255 255
290 204 0 255 255 255 255
290 206 0 255 255 255 255
290 208 0 255 255 255 255
290 210 0 255 255 255 255
290 212 0 255 255 255 255
290 214 0 255 255 255 255
290 216 0 255 255 255 255
290 218 0 255 255 255 255
290 220 0 255 255 255 255
290 222 0 255 255 255 255
290 224 0 255 255 255 255
290 226 0 255 255 255 255
290 228 0 255 255 255 255
290 230 0 255 255 255 255
290 232 0 255 255 255 255
290 264 0 255 255 255 255
290 266 0 255 255 255 255
290 268 0 255 255 255 255
290 270 0 255 255 255 255
290 272 0 255 255 255 255
290 280 0 255 255 255 255
290 282 0 255 255 255 255
290 284 0 255 255 255 255
290 286 0 255 255 255 255
290 288 0 255 255 255 255
290 290 0 255 255 255 255
290 292 0 255 255 255 255
290 388 0 255 255 255 255
290 390 0 255 255 255 255
290 392 0 255 255 255 255
290 394 0 255 255 255 255
290 396 0 255 255 255 255
290 398 0 255 255 255 255
290 400 0 255 255 255 255
290 402 0 255 255 255 255
290 404 0 255 255 255 255
290 406 0 255 255 255 255
290 408 0 255 255 255 255
290 410 0 255 255 255 255
290 412 0 255 255 255 255
290 414 0 255 255 255 255
290 416 0 255 255 255 255
290 418 0 255 255 255 255
290 420 0 255 255 255 255
290 422 0 255 255 255 255
292 70 0 255 255 255 255
292 72 0 255 255 255 255
292 74 0 255 255 255 255
292 76 0 255 255 255 255
292 78 0 255 255 255 255
292 80 0 255 255 255 255
292 82 0 255 255 255 255
292 84 0 255 255 255 255
292 86 0 255 255 255 255
292 88 0 255 255 255 255
292 90 0 255 255 255 255
292 92 0 255 255 255 255
292 94 0 255 255 255 255
292 96 0 255 255 255 255
292 98 0 255 255 255 255
292 100 0 255 255 255 255
292 102 0 255 255 255 255
292 104 0 255 255 255 255
292 388 0 255 255 255 255
292 390 0 255 255 255 255
292 404 0 255 255 255 255
292 406 0 255 255 255 255
294 70 0 255 255 255 255
294 72 0 255 255 255 255
294 88 0 255 255 255 255
294 90 0 255 255 255 255
294 282 0 255 255 255 255
294 284 0 255 255 255 255
294 286 0 255 255 255 255
294 288 0 255 255 255 255
294 290 0 255 255 255 255
294 292 0 255 255 255 255
294 294 0 255 255 255 255
294 388 0 255 255 255 255
294 390 0 255 255 255 255
294 392 0 255 255 255 255
294 394 0 255 255 255 255
294 396 0 255 255 255 255
294 398 0 255 255 255 255
294 400 0 255 255 255 255
294 402 0 255 255 255 255
294 404 0 255 255 255 255
294 406 0 255 255 255 255
294 408 0 255 255 255 255
294 410 0 255 255 255 255
294 412 0 255 255 255 255
294 414 0 255 255 255 255
294 416 0 255 255 255 255
294 418 0 255 255 255 255
294 420 0 255 255 255 255
294 422 0 255 255 255 255
296 70 0 255 255 255 255
296 72 0 255 255 255 255
296 74 0 255 255 255 255
296 76 0 255 255 255 255
296 78 0 255 255 255 255
296 80 0 255 255 255 255
296 82 0 255 255 255 255
296 84 0 255 255 255 255
296 86 0 255 255 255 255
296 88 0 255 255 255 255
296 90 0 255 255 255 255
296 282 0 255 255 255 255
296 284 0 255 255 255 255
296 286 0 255 255 255 255
296 288 0 255 255 255 255
296 290 0 255 255 255 255
296 292 0 255 255 255 255
296 294 0 255 255 255 255
296 388 0 255 255 255 255
296 390 0 255 255 255 255
296 392 0 255 255 255 255
296 394 0 255 255 255 255
296 396 0 255 255 255 255
296 398 0 255 255 255 255
296 400 0 255 255 255 255
296 402 0 255 255 255 255
296 404 0 255 255 255 255
296 406 0 255 255 255 255
296 408 0 255 255 255 255
296 410 0 255 255 255 255
296 412 0 255 255 255 255
296 414 0 255 255 255 255
296 416 0 255 255 255 255
296 418 0 255 255 255 255
296 420 0 255 255 255 255
296 422 0 255 255 255 255
298 70 0 255 255 255 255
298 72 0 255 255 255 255
298 74 0 255 255 255 255
298 76 0 255 255 255 255
298 78 0 255 255 255 255
298 80 0 255 255 255 255
298 82 0 255 255 255 255
298 84 0 255 255 255 255
298 86 0 255 255 255 255
298 88 0 255 255 255 255
298 90 0 255 255 255 255
298 282 0 255 255 255 255
298 284 0 255 255 255 255
298 286 0 255 255 255 255
298 288 0 255 255 255 255
298 290 0 255 255 255 255
298 292 0 255 255 255 255
298 294 0 255 255 255 255
298 388 0 255 255 255 255
298 390 0 255 255 255 255
298 392 0 255 255 255 255
298 394 0 255 255 255 255
298 396 0 255 255 255 255
298 398 0 255 255 255 255
298 400 0 255 255 255 255
298 402 0 255 255 255 255
298 406 0 255 255 255 255
298 408 0 255 255 255 255
298 410 0 255 255 255 255
298 412 0 255 255 255 255
298 414 0 255 255 255 255
298 416 0 255 255 255 255
298 418 0 255 255 255 255
298 420 0 255 255 255 255
298 422 0 255 255 255 255
300 70 0 255 255 255 255
300 72 0 255 255 255 255
300 74 0 255 255 255 255
300 76 0 255 255 255 255
300 78 0 255 255 255 255
300 80 0 255 255 255 255
300 82 0 255 255 255 255
300 84 0 255 255 255 255
300 86 0 255 255 255 255
300 88 0 255 255 255 255
300 90 0 255 255 255 255
300 292 0 255 255 255 255
300 294 0 255 255 255 255
302 260 0 255 255 255 255
302 262 0 255 255 255 255
302 264 0 255 255 255 255
302 266 0 255 255 255 255
302 268 0 255 255 255 255
302 270 0 255 255 255 255
302 272 0 255 255 255 255
302 274 0 255 255 255 255
302 276 0 255 255 255 255
302 278 0 255 255 255 255
302 280 0 255 255 255 255
302 282 0 255 255 255 255
302 284 0 255 255 255 255
302 286 0 255 255 255 255
302 288 0 255 255 255 255
302 290 0 255 255 255 255
302 292 0 255 255 255 255
302 294 0 255 255 255 255
304 260 0 255 255 255 255
304 262 0 255 255 255 255
304 264 0 255 255 255 255
304 266 0 255 255 255 255
304 268 0 255 255 255 255
304 270 0 255 255 255 255
304 272 0 255 255 255 255
304 274 0 255 255 255 255
304 276 0 255 255 255 255
304 278 0 255 255 255 255
304 280 0 255 255 255 255
304 282 0 255 255 255 255
304 284 0 255 255 255 255
304 286 0 255 255 255 255
304 288 0 255 255 255 255
304 290 0 255 255 255 255
304 292 0 255 255 255 255
304 294 0 255 255 255 255
304 388 0 255 255 255 255
304 390 0 255 255 255 255
304 392 0 255 255 255 255
304 394 0 255 255 255 255
304 396 0 255 255 255 255
304 398 0 255 255 255 255
304 400 0 255 255 255 255
304 402 0 255 255 255 255
304 404 0 255 255 255 255
304 406 0 255 255 255 255
304 408 0 255 255 255 255
304 410 0 255 255 255 255
304 412 0 255 255 255 255
304 414 0 255 255 255 255
304 416 0 255 255 255 255
304 418 0 255 255 255 255
304 420 0 255 255 255 255
304 422 0 255 255 255 255
306 70 0 255 255 255 255
306 72 0 255 255 255 255
306 74 0 255 255 255 255
306 76 0 255 255 255 255
306 78 0 255 255 255 255
306 80 0 255 255 255 255
306 82 0 255 255 255 255
306 84 0 255 255 255 255
306 86 0 255 255 255 255
306 88 0 255 255 255 255
306 90 0 255 255 255 255
306 92 0 255 255 255 255
306 94 0 255 255 255 255
306 96 0 255 255 255 255
306 98 0 255 255 255 255
306 100 0 255 255 255 255
306 102 0 255 255 255 255
306 104 0 255 255 255 255
306 260 0 255 255 255 255
306 262 0 255 255 255 255
306 264 0 255 255 255 255
306 266 0 255 255 255 255
306 268 0 255 255 255 255
306 270 0 255 255 255 255
306 272 0 255 255 255 255
306 274 0 255 255 255 255
306 276 0 255 255 255 255
306 278 0 255 255 255 255
306 280 0 255 255 255 255
306 282 0 255 255 255 255
306 284 0 255 255 255 255
306 286 0 255 255 255 255
306 288 0 255 255 255 255
306 290 0 255 255 255 255
306 292 0 255 255 255 255
306 388 0 255 255 255 255
306 390 0 255 255 255 255
306 392 0 255 255 255 255
306 394 0 255 255 255 255
306 396 0 255 255 255 255
306 398 0 255 255 255 255
306 400 0 255 255 255 255
306 402 0 255 255 255 255
306 404 0 255 255 255 255
306 406 0 255 255 255 255
306 408 0 255 255 255 255
306 410 0 255 255 255 255
306 412 0 255 255 255 255
306 414 0 255 255 255 255
306 416 0 255 255 255 255
306 418 0 255 255 255 255
306 420 0 255 255 255 255
306 422 0 255 255 255 255
308 70 0 255 255 255 255
308 72 0 255 255 255 255
308 74 0 255 255 255 255
308 76 0 255 255 255 255
308 78 0 255 255 255 255
308 80 0 255 255 255 255
308 82 0 255 255 255 255
308 84 0 255 255 255 255
308 86 0 255 255 255 255
308 88 0 255 255 255 255
308 90 0 255 255 255 255
308 92 0 255 255 255 255
308 94 0 255 255 255 255
308 96 0 255 255 255 255
308 98 0 255 255 255 255
308 100 0 255 255 255 255
308 102 0 255 255 255 255
308 104 0 255 255 255 255
308 386 0 255 255 255 255
308 388 0 255 255 255 255
308 390 0 255 255 255 255
308 392 0 255 255 255 255
308 394 0 255 255 255 255
308 396 0 255 255 255 255
308 398 0 255 255 255 255
308 400 0 255 255 255 255
308 402 0 255 255 255 255
308 404 0 255 255 255 255
308 406 0 255 255 255 255
308 408 0 255 255 255 255
308 410 0 255 255 255 255
308 412 0 255 255 255 255
308 414 0 255 255 255 255
308 416 0 255 255 255 255
308 418 0 255 255 255 255
308 420 0 255 255 255 255
308 422 0 255 255 255 255
310 70 0 255 255 255 255
310 72 0 255 255 255 255
310 74 0 255 255 255 255
310 76 0 255 255 255 255
310 78 0 255 255 255 255
310 80 0 255 255 255 255
310 82 0 255 255 255 255
310 84 0 255 255 255 255
310 86 0 255 255 255 255
310 88 0 255 255 255 255
310 90 0 255 255 255 255
310 92 0 255 255 255 255
310 94 0 255 255 255 255
310 96 0 255 255 255 255
310 98 0 255 255 255 255
310 100 0 255 255 255 255
310 102 0 255 255 255 255
310 104 0 255 255 255 255
310 260 0 255 255 255 255
310 262 0 255 255 255 255
310 264 0 255 255 255 255
310 266 0 255 255 255 255
310 268 0 255 255 255 255
310 270 0 255 255 255 255
310 272 0 255 255 255 255
310 274 0 255 255 255 255
310 276 0 255 255 255 255
310 278 0 255 255 255 255
310 280 0 255 255 255 255
310 282 0 255 255 255 255
310 284 0 255 255 255 255
310 286 0 255 255 255 255
310 288 0 255 255 255 255
310 290 0 255 255 255 255
310 292 0 255 255 255 255
310 294 0 255 255 255 255
310 386 0 255 255 255 255
310 388 0 255 255 255 255
310 390 0 255 255 255 255
310 420 0 255 255 255 255
310 422 0 255 255 255 255
312 70 0 255 255 255 255
312 72 0 255 255 255 255
312 84 0 255 255 255 255
312 86 0 255 255 255 255
312 102 0 255 255 255 255
312 104 0 255 255 255 255
312 260 0 255 255 255 255
312 262 0 255 255 255 255
312 264 0 255 255 255 255
312 266 0 255 255 255 255
312 268 0 255 255 255 255
312 270 0 255 255 255 255
312 272 0 255 255 255 255
312 274 0 255 255 255 255
312 276 0 255 255 255 255
312 278 0 255 255 255 255
312 280 0 255 255 255 255
312 282 0 255 255 255 255
312 284 0 255 255 255 255
312 286 0 255 255 255 255
312 288 0 255 255 255 255
312 290 0 255 255 255 255
312 292 0 255 255 255 255
312 294 0 255 255 255 255
312 386 0 255 255 255 255
312 388 0 255 255 255 255
312 390 0 255 255 255 255
312 392 0 255 255 255 255
312 394 0 255 255 255 255
312 396 0 255 255 255 255
312 398 0 255 255 255 255
312 408 0 255 255 255 255
312 410 0 255 255 255 255
312 412 0 255 255 255 255
312 414 0 255 255 255 255
312 416 0 255 255 255 255
312 418 0 255 255 255 255
312 420 0 255 255 255 255
312 422 0 255 255 255 255
314 70 0 255 255 255 255
314 72 0 255 255 255 255
314 84 0 255 255 255 255
314 86 0 255 255 255 255
314 102 0 255 255 255 255
314 104 0 255 255 255 255
314 260 0 255 255 255 255
314 262 0 255 255 255 255
314 264 0 255 255 255 255
314 266 0 255 255 255 255
314 268 0 255 255 255 255
314 270 0 255 255 255 255
314 272 0 255 255 255 255
314 274 0 255 255 255 255
314 276 0 255 255 255 255
314 278 0 255 255 255 255
314 280 0 255 255 255 255
314 282 0 255 255 255 255
314 284 0 255 255 255 255
314 286 0 255 255 255 255
314 288 0 255 255 255 255
314 290 0 255 255 255 255
314 292 0 255 255 255 255
314 294 0 255 255 255 255
314 388 0 255 255 255 255
314 390 0 255 255 255 255
314 392 0 255 255 255 255
314 394 0 255 255 255 255
314 396 0 255 255 255 255
314 398 0 255 255 255 255
314 408 0 255 255 255 255
314 410 0 255 255 255 255
314 412 0 255 255 255 255
314 414 0 255 255 255 255
314 416 0 255 255 255 255
314 418 0 255 255 255 255
314 420 0 255 255 255 255
314 422 0 255 255 255 255
316 260 0 255 255 255 255
316 262 0 255 255 255 255
316 264 0 255 255 255 255
316 266 0 255 255 255 255
316 268 0 255 255 255 255
316 270 0 255 255 255 255
316 272 0 255 255 255 255
316 274 0 255 255 255 255
316 276 0 255 255 255 255
316 278 0 255 255 255 255
316 280 0 255 255 255 255
316 282 0 255 255 255 255
316 284 0 255 255 255 255
316 286 0 255 255 255 255
316 288 0 255 255 255 255
316 290 0 255 255 255 255
316 292 0 255 255 255 255
316 294 0 255 255 255 255
316 388 0 255 255 255 255
316 390 0 255 255 255 255
316 392 0 255 255 255 255
316 394 0 255 255 255 255
316 396 0 255 255 255 255
316 398 0 255 255 255 255
316 408 0 255 255 255 255
316 410 0 255 255 255 255
316 412 0 255 255 255 255
316 414 0 255 255 255 255
316 416 0 255 255 255 255
316 418 0 255 255 255 255
316 420 0 255 255 255 255
318 260 0 255 255 255 255
318 262 0 255 255 255 255
318 274 0 255 255 255 255
318 276 0 255 255 255 255
318 292 0 255 255 255 255
318 294 0 255 255 255 255
320 388 0 255 255 255 255
320 390 0 255 255 255 255
320 392 0 255 255 255 255
320 394 0 255 255 255 255
320 396 0 255 255 255 255
320 398 0 255 255 255 255
320 400 0 255 255 255 255
320 402 0 255 255 255 255
320 404 0 255 255 255 255
320 406 0 255 255 255 255
320 408 0 255 255 255 255
320 410 0 255 255 255 255
320 412 0 255 255 255 255
320 414 0 255 255 255 255
320 416 0 255 255 255 255
320 418 0 255 255 255 255
322 388 0 255 255 255 255
322 390 0 255 255 255 255
322 392 0 255 255 255 255
322 394 0 255 255 255 255
322 396 0 255 255 255 255
322 398 0 255 255 255 255
322 400 0 255 255 255 255
322 402 0 255 255 255 255
322 404 0 255 255 255 255
322 406 0 255 255 255 255
322 408 0 255 255 255 255
322 410 0 255 255 255 255
322 412 0 255 255 255 255
322 414 0 255 255 255 255
322 416 0 255 255 255 255
322 418 0 255 255 255 255
322 420 0 255 255 255 255
322 422 0 255 255 255 255
324 260 0 255 255 255 255
324 262 0 255 255 255 255
324 264 0 255 255 255 255
324 266 0 255 255 255 255
324 268 0 255 255 255 255
324 270 0 255 255 255 255
324 272 0 255 255 255 255
324 274 0 255 255 255 255
324 276 0 255 255 255 255
324 278 0 255 255 255 255
324 280 0 255 255 255 255
324 282 0 255 255 255 255
324 284 0 255 255 255 255
324 286 0 255 255 255 255
324 288 0 255 255 255 255
324 290 0 255 255 255 255
324 292 0 255 255 255 255
324 294 0 255 255 255 255
324 388 0 255 255 255 255
324 390 0 255 255 255 255
324 392 0 255 255 255 255
324 394 0 255 255 255 255
324 396 0 255 255 255 255
324 398 0 255 255 255 255
324 400 0 255 255 255 255
324 402 0 255 255 255 255
324 404 0 255 255 255 255
324 406 0 255 255 255 255
324 408 0 255 255 255 255
324 410 0 255 255 255 255
324 412 0 255 255 255 255
324 414 0 255 255 255 255
324 416 0 255 255 255 255
324 418 0 255 255 255 255
324 420 0 255 255 255 255
324 422 0 255 255 255 255
326 260 0 255 255 255 255
326 262 0 255 255 255 255
326 264 0 255 255 255 255
326 266 0 255 255 255 255
326 268 0 255 255 255 255
326 270 0 255 255 255 255
326 272 0 255 255 255 255
326 274 0 255 255 255 255
326 276 0 255 255 255 255
326 278 0 255 255 255 255
326 280 0 255 255 255 255
326 282 0 255 255 255 255
326 284 0 255 255 255 255
326 286 0 255 255 255 255
326 288 0 255 255 255 255
326 290 0 255 255 255 255
326 292 0 255 255 255 255
326 294 0 255 255 255 255
326 418 0 255 255 255 255
326 420 0 255 255 255 255
326 422 0 255 255 255 255
328 260 0 255 255 255 255
328 262 0 255 255 255 255
328 264 0 255 255 255 255
328 266 0 255 255 255 255
328 268 0 255 255 255 255
328 270 0 255 255 255 255
328 272 0 255 255 255 255
328 274 0 255 255 255 255
328 276 0 255 255 255 255
328 278 0 255 255 255 255
328 280 0 255 255 255 255
328 282 0 255 255 255 255
328 284 0 255 255 255 255
328 286 0 255 255 255 255
328 288 0 255 255 255 255
328 290 0 255 255 255 255
328 292 0 255 255 255 255
328 294 0 255 255 255 255
328 388 0 255 255 255 255
328 390 0 255 255 255 255
328 392 0 255 255 255 255
328 394 0 255 255 255 255
328 396 0 255 255 255 255
328 398 0 255 255 255 255
328 400 0 255 255 255 255
328 402 0 255 255 255 255
328 404 0 255 255 255 255
328 406 0 255 255 255 255
328 408 0 255 255 255 255
328 410 0 255 255 255 255
328 412 0 255 255 255 255
328 414 0 255 255 255 255
328 416 0 255 255 255 255
328 418 0 255 255 255 255
328 420 0 255 255 255 255
328 422 0 255 255 255 255
330 260 0 255 255 255 255
330 262 0 255 255 255 255
330 292 0 255 255 255 255
330 294 0 255 255 255 255
330 388 0 255 255 255 255
330 390 0 255 255 255 255
330 392 0 255 255 255 255
330 394 0 255 255 255 255
330 396 0 255 255 255 255
330 398 0 255 255 255 255
330 400 0 255 255 255 255
330 402 0 255 255 255 255
330 404 0 255 255 255 255
330 406 0 255 255 255 255
330 408 0 255 255 255 255
330 410 0 255 255 255 255
330 412 0 255 255 255 255
330 414 0 255 255 255 255
330 416 0 255 255 255 255
330 418 0 255 255 255 255
330 420 0 255 255 255 255
330 422 0 255 255 255 255
332 260 0 255 255 255 255
332 262 0 255 255 255 255
332 264 0 255 255 255 255
332 266 0 255 255 255 255
332 268 0 255 255 255 255
332 270 0 255 255 255 255
332 282 0 255 255 255 255
332 284 0 255 255 255 255
332 286 0 255 255 255 255
332 288 0 255 255 255 255
332 290 0 255 255 255 255
332 292 0 255 255 255 255
332 294 0 255 255 255 255
332 388 0 255 255 255 255
332 390 0 255 255 255 255
332 392 0 255 255 255 255
332 394 0 255 255 255 255
332 396 0 255 255 255 255
332 398 0 255 255 255 255
332 400 0 255 255 255 255
332 402 0 255 255 255 255
332 404 0 255 255 255 255
332 406 0 255 255 255 255
332 408 0 255 255 255 255
332 410 0 255 255 255 255
332 412 0 255 255 255 255
332 414 0 255 255 255 255
332 416 0 255 255 255 255
332 418 0 255 255 255 255
332 420 0 255 255 255 255
332 422 0 255 255 255 255
334 260 0 255 255 255 255
334 262 0 255 255 255 255
334 264 0 255 255 255 255
334 266 0 255 255 255 255
334 268 0 255 255 255 255
334 270 0 255 255 255 255
334 282 0 255 255 255 255
334 284 0 255 255 255 255
334 286 0 255 255 255 255
334 288 0 255 255 255 255
334 290 0 255 255 255 255
334 292 0 255 255 255 255
334 294 0 255 255 255 255
334 388 0 255 255 255 255
334 390 0 255 255 255 255
334 392 0 255 255 255 255
334 394 0 255 255 255 255
334 396 0 255 255 255 255
334 398 0 255 255 255 255
334 400 0 255 255 255 255
334 402 0 255 255 255 255
334 404 0 255 255 255 255
334 406 0 255 255 255 255
334 408 0 255 255 255 255
334 410 0 255 255 255 255
334 412 0 255 255 255 255
334 414 0 255 255 255 255
334 416 0 255 255 255 255
334 418 0 255 255 255 255
336 260 0 255 255 255 255
336 262 0 255 255 255 255
336 264 0 255 255 255 255
336 266 0 255 255 255 255
336 268 0 255 255 255 255
336 270 0 255 255 255 255
336 282 0 255 255 255 255
336 284 0 255 255 255 255
336 286 0 255 255 255 255
336 288 0 255 255 255 255
336 290 0 255 255 255 255
336 292 0 255 255 255 255
336 294 0 255 255 255 255
338 388 0 255 255 255 255
338 390 0 255 255 255 255
338 392 0 255 255 255 255
338 394 0 255 255 255 255
338 396 0 255 255 255 255
338 398 0 255 255 255 255
338 400 0 255 255 255 255
338 402 0 255 255 255 255
338 404 0 255 255 255 255
338 406 0 255 255 255 255
338 408 0 255 255 255 255
338 410 0 255 255 255 255
338 412 0 255 255 255 255
338 414 0 255 255 255 255
338 416 0 255 255 255 255
338 418 0 255 255 255 255
338 420 0 255 255 255 255
338 422 0 255 255 255 255
340 260 0 255 255 255 255
340 262 0 255 255 255 255
340 388 0 255 255 255 255
340 390 0 255 255 255 255
340 392 0 255 255 255 255
340 394 0 255 255 255 255
340 396 0 255 255 255 255
340 398 0 255 255 255 255
340 400 0 255 255 255 255
340 402 0 255 255 255 255
340 404 0 255 255 255 255
340 406 0 255 255 255 255
340 408 0 255 255 255 255
340 410 0 255 255 255 255
340 412 0 255 255 255 255
340 414 0 255 255 255 255
340 416 0 255 255 255 255
340 418 0 255 255 255 255
340 420 0 255 255 255 255
340 422 0 255 255 255 255
342 260 0 255 255 255 255
342 262 0 255 255 255 255
342 264 0 255 255 255 255
342 266 0 255 255 255 255
342 268 0 255 255 255 255
342 270 0 255 255 255 255
342 272 0 255 255 255 255
342 274 0 255 255 255 255
342 276 0 255 255 255 255
342 278 0 255 255 255 255
342 280 0 255 255 255 255
342 282 0 255 255 255 255
342 284 0 255 255 255 255
342 286 0 255 255 255 255
342 288 0 255 255 255 255
342 290 0 255 255 255 255
342 292 0 255 255 255 255
342 294 0 255 255 255 255
342 388 0 255 255 255 255
342 390 0 255 255 255 255
342 392 0 255 255 255 255
342 394 0 255 255 255 255
342 396 0 255 255 255 255
342 398 0 255 255 255 255
342 400 0 255 255 255 255
342 402 0 255 255 255 255
342 404 0 255 255 255 255
342 406 0 255 255 255 255
342 408 0 255 255 255 255
342 410 0 255 255 255 255
342 412 0 255 255 255 255
342 414 0 255 255 255 255
342 416 0 255 255 255 255
342 418 0 255 255 255 255
342 420 0 255 255 255 255
342 422 0 255 255 255 255
344 260 0 255 255 255 255
344 262 0 255 255 255 255
344 264 0 255 255 255 255
344 266 0 255 255 255 255
344 268 0 255 255 255 255
344 270 0 255 255 255 255
344 272 0 255 255 255 255
344 274 0 255 255 255 255
344 276 0 255 255 255 255
344 278 0 255 255 255 255
344 280 0 255 255 255 255
344 282 0 255 255 255 255
344 284 0 255 255 255 255
344 286 0 255 255 255 255
344 288 0 255 255 255 255
344 290 0 255 255 255 255
344 292 0 255 255 255 255
344 294 0 255 255 255 255
344 388 0 255 255 255 255
344 390 0 255 255 255 255
344 392 0 255 255 255 255
344 394 0 255 255 255 255
344 396 0 255 255 255 255
344 398 0 255 255 255 255
344 400 0 255 255 255 255
344 402 0 255 255 255 255
344 404 0 255 255 255 255
344 406 0 255 255 255 255
344 408 0 255 255 255 255
344 410 0 255 255 255 255
346 260 0 255 255 255 255
346 262 0 255 255 255 255
346 264 0 255 255 255 255
346 266 0 255 255 255 255
346 268 0 255 255 255 255
346 270 0 255 255 255 255
346 272 0 255 255 255 255
346 274 0 255 255 255 255
346 276 0 255 255 255 255
346 278 0 255 255 255 255
346 280 0 255 255 255 255
346 282 0 255 255 255 255
346 284 0 255 255 255 255
346 286 0 255 255 255 255
346 288 0 255 255 255 255
346 290 0 255 255 255 255
346 292 0 255 255 255 255
346 294 0 255 255 255 255
346 398 0 255 255 255 255
346 400 0 255 255 255 255
346 402 0 255 255 255 255
346 404 0 255 255 255 255
346 406 0 255 255 255 255
346 408 0 255 255 255 255
346 410 0 255 255 255 255
346 412 0 255 255 255 255
346 414 0 255 255 255 255
346 416 0 255 255 255 255
346 418 0 255 255 255 255
346 420 0 255 255 255 255
346 422 0 255 255 255 255
348 260 0 255 255 255 255
348 262 0 255 255 255 255
348 264 0 255 255 255 255
348 266 0 255 255 255 255
348 268 0 255 255 255 255
348 270 0 255 255 255 255
348 272 0 255 255 255 255
348 274 0 255 255 255 255
348 276 0 255 255 255 255
348 278 0 255 255 255 255
348 280 0 255 255 255 255
348 282 0 255 255 255 255
348 284 0 255 255 255 255
348 286 0 255 255 255 255
348 288 0 255 255 255 255
348 290 0 255 255 255 255
348 292 0 255 255 255 255
348 294 0 255 255 255 255
348 398 0 255 255 255 255
348 400 0 255 255 255 255
348 402 0 255 255 255 255
348 404 0 255 255 255 255
348 406 0 255 255 255 255
348 408 0 255 255 255 255
348 410 0 255 255 255 255
348 412 0 255 255 255 255
348 414 0 255 255 255 255
348 416 0 255 255 255 255
348 418 0 255 255 255 255
348 420 0 255 255 255 255
348 422 0 255 255 255 255
350 260 0 255 255 255 255
350 262 0 255 255 255 255
350 388 0 255 255 255 255
350 390 0 255 255 255 255
350 392 0 255 255 255 255
350 394 0 255 255 255 255
350 396 0 255 255 255 255
350 398 0 255 255 255 255
350 400 0 255 255 255 255
350 402 0 255 255 255 255
350 404 0 255 255 255 255
350 406 0 255 255 255 255
350 408 0 255 255 255 255
350 410 0 255 255 255 255
352 388 0 255 255 255 255
352 390 0 255 255 255 255
352 392 0 255 255 255 255
352 394 0 255 255 255 255
352 396 0 255 255 255 255
352 398 0 255 255 255 255
352 400 0 255 255 255 255
352 402 0 255 255 255 255
352 404 0 255 255 255 255
352 406 0 255 255 255 255
352 408 0 255 255 255 255
352 410 0 255 255 255 255
352 412 0 255 255 255 255
352 414 0 255 255 255 255
352 416 0 255 255 255 255
352 418 0 255 255 255 255
352 420 0 255 255 255 255
352 422 0 255 255 255 255
354 388 0 255 255 255 255
354 390 0 255 255 255 255
354 392 0 255 255 255 255
354 394 0 255 255 255 255
354 396 0 255 255 255 255
354 398 0 255 255 255 255
354 400 0 255 255 255 255
354 402 0 255 255 255 255
354 404 0 255 255 255 255
354 406 0 255 255 255 255
354 408 0 255 255 255 255
354 410 0 255 255 255 255
354 412 0 255 255 255 255
354 414 0 255 255 255 255
354 416 0 255 255 255 255
354 418 0 255 255 255 255
354 420 0 255 255 255 255
354 422 0 255 255 255 255
356 388 0 255 255 255 255
356 390 0 255 255 255 255
356 392 0 255 255 255 255
356 394 0 255 255 255 255
356 396 0 255 255 255 255
356 398 0 255 255 255 255
356 400 0 255 255 255 255
356 402 0 255 255 255 255
356 404 0 255 255 255 255
356 406 0 255 255 255 255
356 408 0 255 255 255 255
356 410 0 255 255 255 255
356 412 0 255 255 255 255
356 414 0 255 255 255 255
356 416 0 255 255 255 255
356 418 0 255 255 255 255
356 420 0 255 255 255 255
356 422 0 255 255 255 255
360 390 0 255 255 255 255
360 392 0 255 255 255 255
360 394 0 255 255 255 255
360 396 0 255 255 255 255
360 398 0 255 255 255 255
360 400 0 255 255 255 255
360 408 0 255 255 255 255
360 410 0 255 255 255 255
360 412 0 255 255 255 255
360 414 0 255 255 255 255
360 416 0 255 255 255 255
360 418 0 255 255 255 255
362 388 0 255 255 255 255
362 390 0 255 255 255 255
362 392 0 255 255 255 255
362 394 0 255 255 255 255
362 396 0 255 255 255 255
362 398 0 255 255 255 255
362 400 0 255 255 255 255
362 402 0 255 255 255 255
362 408 0 255 255 255 255
362 410 0 255 255 255 255
362 412 0 255 255 255 255
362 414 0 255 255 255 255
362 416 0 255 255 255 255
362 418 0 255 255 255 255
362 420 0 255 255 255 255
362 422 0 255 255 255 255
364 388 0 255 255 255 255
364 390 0 255 255 255 255
364 392 0 255 255 255 255
364 394 0 255 255 255 255
364 396 0 255 255 255 255
364 398 0 255 255 255 255
364 400 0 255 255 255 255
364 402 0 255 255 255 255
364 404 0 255 255 255 255
364 408 0 255 255 255 255
364 410 0 255 255 255 255
364 412 0 255 255 255 255
364 414 0 255 255 255 255
364 416 0 255 255 255 255
364 418 0 255 255 255 255
364 420 0 255 255 255 255
364 422 0 255 255 255 255
366 386 0 255 255 255 255
366 388 0 255 255 255 255
366 390 0 255 255 255 255
366 392 0 255 255 255 255
366 394 0 255 255 255 255
366 396 0 255 255 255 255
366 398 0 255 255 255 255
366 400 0 255 255 255 255
366 402 0 255 255 255 255
366 404 0 255 255 255 255
366 406 0 255 255 255 255
366 408 0 255 255 255 255
366 410 0 255 255 255 255
366 412 0 255 255 255 255
366 414 0 255 255 255 255
366 416 0 255 255 255 255
366 418 0 255 255 255 255
366 420 0 255 255 255 255
366 422 0 255 255 255 255
368 386 0 255 255 255 255
368 388 0 255 255 255 255
368 390 0 255 255 255 255
368 392 0 255 255 255 255
368 402 0 255 255 255 255
368 404 0 255 255 255 255
368 406 0 255 255 255 255
368 408 0 255 255 255 255
368 410 0 255 255 255 255
368 412 0 255 255 255 255
368 414 0 255 255 255 255
368 416 0 255 255 255 255
368 418 0 255 255 255 255
368 420 0 255 255 255 255
368 422 0 255 255 255 255
370 388 0 255 255 255 255
370 390 0 255 255 255 255
370 392 0 255 255 255 255
370 394 0 255 255 255 255
370 396 0 255 255 255 255
370 398 0 255 255 255 255
370 402 0 255 255 255 255
370 404 0 255 255 255 255
370 406 0 255 255 255 255
370 408 0 255 255 255 255
370 410 0 255 255 255 255
370 412 0 255 255 255 255
370 414 0 255 255 255 255
370 416 0 255 255 255 255
370 418 0 255 255 255 255
370 420 0 255 255 255 255
370 422 0 255 255 255 255
372 388 0 255 255 255 255
372 390 0 255 255 255 255
372 392 0 255 255 255 255
372 394 0 255 255 255 255
372 396 0 255 255 255 255
372 398 0 255 255 255 255
372 404 0 255 255 255 255
372 406 0 255 255 255 255
372 408 0 255 255 255 255
372 410 0 255 255 255 255
372 412 0 255 255 255 255
372 414 0 255 255 255 255
372 416 0 255 255 255 255
372 418 0 255 255 255 255
372 420 0 255 255 255 255
372 422 0 255 255 255 255
374 390 0 255 255 255 255
374 392 0 255 255 255 255
374 394 0 255 255 255 255
374 396 0 255 255 255 255
374 398 0 255 255 255 255
374 406 0 255 255 255 255
374 408 0 255 255 255 255
374 410 0 255 255 255 255
374 412 0 255 255 255 255
374 414 0 255 255 255 255
374 416 0 255 255 255 255
374 418 0 255 255 255 255
374 420 0 255 255 255 255
378 388 0 255 255 255 255
378 390 0 255 255 255 255
380 388 0 255 255 255 255
380 390 0 255 255 255 255
380 392 0 255 255 255 255
380 394 0 255 255 255 255
380 396 0 255 255 255 255
380 398 0 255 255 255 255
380 400 0 255 255 255 255
380 402 0 255 255 255 255
380 404 0 255 255 255 255
380 406 0 255 255 255 255
380 408 0 255 255 255 255
380 410 0 255 255 255 255
380 412 0 255 255 255 255
380 414 0 255 255 255 255
380 416 0 255 255 255 255
380 418 0 255 255 255 255
380 420 0 255 255 255 255
380 422 0 255 255 255 255
382 388 0 255 255 255 255
382 390 0 255 255 255 255
382 392 0 255 255 255 255
382 394 0 255 255 255 255
382 396 0 255 255 255 255
382 398 0 255 255 255 255
382 400 0 255 255 255 255
382 402 0 255 255 255 255
382 404 0 255 255 255 255
382 406 0 255 255 255 255
382 408 0 255 255 255 255
382 410 0 255 255 255 255
382 412 0 255 255 255 255
382 414 0 255 255 255 255
382 416 0 255 255 255 255
382 418 0 255 255 255 255
382 420 0 255 255 255 255
382 422 0 255 255 255 255
384 388 0 255 255 255 255
384 390 0 255 255 255 255
384 392 0 255 255 255 255
384 394 0 255 255 255 255
384 396 0 255 255 255 255
384 398 0 255 255 255 255
384 400 0 255 255 255 255
384 402 0 255 255 255 255
384 404 0 255 255 255 255
384 406 0 255 255 255 255
384 408 0 255 255 255 255
384 410 0 255 255 255 255
384 412 0 255 255 255 255
384 414 0 255 255 255 255
384 416 0 255 255 255 255
384 418 0 255 255 255 255
384 420 0 255 255 255 255
384 422 0 255 255 255 255
386 388 0 255 255 255 255
386 390 0 255 255 255 255
388 388 0 255 255 255 255
388 390 0 255 255 255 255
390 406 0 255 255 255 255
390 408 0 255 255 255 255
390 410 0 255 255 255 255
390 412 0 255 255 255 255
390 414 0 255 255 255 255
390 416 0 255 255 255 255
390 418 0 255 255 255 255
390 420 0 255 255 255 255
390 422 0 255 255 255 255
392 388 0 255 255 255 255
392 390 0 255 255 255 255
392 392 0 255 255 255 255
392 394 0 255 255 255 255
392 396 0 255 255 255 255
392 398 0 255 255 255 255
392 400 0 255 255 255 255
392 402 0 255 255 255 255
392 404 0 255 255 255 255
392 406 0 255 255 255 255
392 408 0 255 255 255 255
392 410 0 255 255 255 255
392 412 0 255 255 255 255
392 414 0 255 255 255 255
392 416 0 255 255 255 255
392 418 0 255 255 255 255
392 420 0 255 255 255 255
392 422 0 255 255 255 255
394 388 0 255 255 255 255
394 390 0 255 255 255 255
394 392 0 255 255 255 255
394 394 0 255 255 255 255
394 396 0 255 255 255 255
394 398 0 255 255 255 255
394 400 0 255 255 255 255
394 402 0 255 255 255 255
394 404 0 255 255 255 255
394 406 0 255 255 255 255
394 408 0 255 255 255 255
394 410 0 255 255 255 255
394 412 0 255 255 255 255
394 414 0 255 255 255 255
394 416 0 255 255 255 255
394 418 0 255 255 255 255
394 420 0 255 255 255 255
394 422 0 255 255 255 255
396 388 0 255 255 255 255
396 390 0 255 255 255 255
396 392 0 255 255 255 255
396 394 0 255 255 255 255
396 412 0 255 255 255 255
396 414 0 255 255 255 255
398 388 0 255 255 255 255
398 390 0 255 255 255 255
398 392 0 255 255 255 255
398 394 0 255 255 255 255
398 396 0 255 255 255 255
398 398 0 255 255 255 255
398 400 0 255 255 255 255
398 402 0 255 255 255 255
398 404 0 255 255 255 255
398 406 0 255 255 255 255
398 408 0 255 255 255 255
398 410 0 255 255 255 255
398 412 0 255 255 255 255
398 414 0 255 255 255 255
398 416 0 255 255 255 255
398 418 0 255 255 255 255
398 420 0 255 255 255 255
398 422 0 255 255 255 255
400 388 0 255 255 255 255
400 390 0 255 255 255 255
400 392 0 255 255 255 255
400 394 0 255 255 255 255
400 396 0 255 255 255 255
400 398 0 255 255 255 255
400 400 0 255 255 255 255
400 402 0 255 255 255 255
400 404 0 255 255 255 255
400 406 0 255 255 255 255
400 408 0 255 255 255 255
400 410 0 255 255 255 255
400 412 0 255 255 255 255
400 414 0 255 255 255 255
400 416 0 255 255 255 255
400 418 0 255 255 255 255
400 420 0 255 255 255 255
400 422 0 255 255 255 255
402 404 0 255 255 255 255
402 406 0 255 255 255 255
402 408 0 255 255 255 255
402 410 0 255 255 255 255
402 412 0 255 255 255 255
402 414 0 255 255 255 255
402 416 0 255 255 255 255
402 418 0 255 255 255 255
402 420 0 255 255 255 255
402 422 0 255 255 255 255
408 388 0 255 255 255 255
408 390 0 255 255 255 255
408 392 0 255 255 255 255
408 394 0 255 255 255 255
408 396 0 255 255 255 255
408 398 0 255 255 255 255
408 400 0 255 255 255 255
408 402 0 255 255 255 255
408 404 0 255 255 255 255
408 406 0 255 255 255 255
408 408 0 255 255 255 255
408 410 0 255 255 255 255
408 412 0 255 255 255 255
408 414 0 255 255 255 255
408 416 0 255 255 255 255
408 418 0 255 255 255 255
408 420 0 255 255 255 255
408 422 0 255 255 255 255
410 388 0 255 255 255 255
410 390 0 255 255 255 255
410 392 0 255 255 255 255
410 394 0 255 255 255 255
410 396 0 255 255 255 255
410 398 0 255 255 255 255
410 400 0 255 255 255 255
410 402 0 255 255 255 255
410 404 0 255 255 255 255
410 406 0 255 255 255 255
410 408 0 255 255 255 255
410 410 0 255 255 255 255
410 412 0 255 255 255 255
410 414 0 255 255 255 255
410 416 0 255 255 255 255
410 418 0 255 255 255 255
410 420 0 255 255 255 255
410 422 0 255 255 255 255
412 388 0 255 255 255 255
412 390 0 255 255 255 255
412 392 0 255 255 255 255
412 394 0 255 255 255 255
412 396 0 255 255 255 255
412 398 0 255 255 255 255
412 400 0 255 255 255 255
412 402 0 255 255 255 255
412 404 0 255 255 255 255
412 406 0 255 255 255 255
412 408 0 255 255 255 255
412 410 0 255 255 255 255
412 412 0 255 255 255 255
412 414 0 255 255 255 255
412 416 0 255 255 255 255
412 418 0 255 255 255 255
412 420 0 255 255 255 255
412 422 0 255 255 255 255
414 396 0 255 255 255 255
414 398 0 255 255 255 255
414 400 0 255 255 255 255
414 402 0 255 255 255 255
414 404 0 255 255 255 255
414 406 0 255 255 255 255
414 408 0 255 255 255 255
414 410 0 255 255 255 255
414 412 0 255 255 255 255
416 388 0 255 255 255 255
416 390 0 255 255 255 255
416 392 0 255 255 255 255
416 394 0 255 255 255 255
416 396 0 255 255 255 255
416 398 0 255 255 255 255
416 400 0 255 255 255 255
416 402 0 255 255 255 255
416 404 0 255 255 255 255
416 406 0 255 255 255 255
416 408 0 255 255 255 255
416 410 0 255 255 255 255
416 412 0 255 255 255 255
416 414 0 255 255 255 255
416 416 0 255 255 255 255
416 418 0 255 255 255 255
416 420 0 255 255 255 255
416 422 0 255 255 255 255
418 388 0 255 255 255 255
418 390 0 255 255 255 255
418 392 0 255 255 255 255
418 394 0 255 255 255 255
418 396 0 255 255 255 255
418 398 0 255 255 255 255
418 400 0 255 255 255 255
418 402 0 255 255 255 255
418 404 0 255 255 255 255
418 406 0 255 255 255 255
418 408 0 255 255 255 255
418 410 0 255 255 255 255
418 412 0 255 255 255 255
418 414 0 255 255 255 255
418 416 0 255 255 255 255
418 418 0 255 255 255 255
418 420 0 255 255 255 255
418 422 0 255 255 255 255
420 388 0 255 255 255 255
420 390 0 255 255 255 255
420 392 0 255 255 255 255
420 394 0 255 255 255 255
420 396 0 255 255 255 255
420 398 0 255 255 255 255
420 400 0 255 255 255 255
420 402 0 255 255 255 255
420 404 0 255 255 255 255
420 406 0 255 255 255 255
420 408 0 255 255 255 255
420 410 0 255 255 255 255
420 412 0 255 255 255 255
420 414 0 255 255 255 255
420 416 0 255 255 255 255
420 418 0 255 255 255 255
420 420 0 255 255 255 255
420 422 0 255 255 255 255
426 388 0 255 255 255 255
426 390 0 255 255 255 255
426 392 0 255 255 255 255
426 394 0 255 255 255 255
426 396 0 255 255 255 255
426 398 0 255 255 255 255
426 400 0 255 255 255 255
426 402 0 255 255 255 255
426 404 0 255 255 255 255
426 406 0 255 255 255 255
426 408 0 255 255 255 255
426 410 0 255 255 255 255
426 412 0 255 255 255 255
426 414 0 255 255 255 255
426 416 0 255 255 255 255
426 418 0 255 255 255 255
426 420 0 255 255 255 255
426 422 0 255 255 255 255
428 388 0 255 255 255 255
428 390 0 255 255 255 255
428 392 0 255 255 255 255
428 394 0 255 255 255 255
428 396 0 255 255 255 255
428 398 0 255 255 255 255
428 400 0 255 255 255 255
428 402 0 255 255 255 255
428 404 0 255 255 255 255
428 406 0 255 255 255 255
428 408 0 255 255 255 255
428 410 0 255 255 255 255
428 412 0 255 255 255 255
428 414 0 255 255 255 255
428 416 0 255 255 255 255
428 418 0 255 255 255 255
428 420 0 255 255 255 255
428 422 0 255 255 255 255
430 386 0 255 255 255 255
430 388 0 255 255 255 255
430 390 0 255 255 255 255
430 392 0 255 255 255 255
430 394 0 255 255 255 255
430 396 0 255 255 255 255
430 398 0 255 255 255 255
430 400 0 255 255 255 255
430 402 0 255 255 255 255
430 404 0 255 255 255 255
430 406 0 255 255 255 255
430 408 0 255 255 255 255
430 410 0 255 255 255 255
430 412 0 255 255 255 255
430 414 0 255 255 255 255
430 416 0 255 255 255 255
430 418 0 255 255 255 255
430 420 0 255 255 255 255
430 422 0 255 255 255 255
432 386 0 255 255 255 255
432 388 0 255 255 255 255
432 390 0 255 255 255 255
432 420 0 255 255 255 255
432 422 0 255 255 255 255
434 386 0 255 255 255 255
434 388 0 255 255 255 255
434 390 0 255 255 255 255
434 392 0 255 255 255 255
434 394 0 255 255 255 255
434 396 0 255 255 255 255
434 398 0 255 255 255 255
434 408 0 255 255 255 255
434 410 0 255 255 255 255
434 412 0 255 255 255 255
434 414 0 255 255 255 255
434 416 0 255 255 255 255
434 418 0 255 255 255 255
434 420 0 255 255 255 255
434 422 0 255 255 255 255
436 388 0 255 255 255 255
436 390 0 255 255 255 255
436 392 0 255 255 255 255
436 394 0 255 255 255 255
436 396 0 255 255 255 255
436 398 0 255 255 255 255
436 408 0 255 255 255 255
436 410 0 255 255 255 255
436 412 0 255 255 255 255
436 414 0 255 255 255 255
436 416 0 255 255 255 255
436 418 0 255 255 255 255
436 420 0 255 255 255 255
436 422 0 255 255 255 255
438 388 0 255 255 255 255
438 390 0 255 255 255 255
438 392 0 255 255 255 255
438 394 0 255 255 255 255
438 396 0 255 255 255 255
438 398 0 255 255 255 255
438 408 0 255 255 255 255
438 410 0 255 255 255 255
438 412 0 255 255 255 255
438 414 0 255 255 255 255
438 416 0 255 255 255 255
438 418 0 255 255 255 255
438 420 0 255 255 255 255
442 388 0 255 255 255 255
442 390 0 255 255 255 255
442 392 0 255 255 255 255
442 394 0 255 255 255 255
442 396 0 255 255 255 255
442 398 0 255 255 255 255
442 400 0 255 255 255 255
442 402 0 255 255 255 255
442 404 0 255 255 255 255
442 406 0 255 255 255 255
442 408 0 255 255 255 255
442 410 0 255 255 255 255
442 412 0 255 255 255 255
442 414 0 255 255 255 255
442 416 0 255 255 255 255
442 418 0 255 255 255 255
442 420 0 255 255 255 255
442 422 0 255 255 255 255
444 388 0 255 255 255 255
444 390 0 255 255 255 255
444 392 0 255 255 255 255
444 394 0 255 255 255 255
444 396 0 255 255 255 255
444 398 0 255 255 255 255
444 400 0 255 255 255 255
444 402 0 255 255 255 255
444 404 0 255 255 255 255
444 406 0 255 255 255 255
444 408 0 255 255 255 255
444 410 0 255 255 255 255
444 412 0 255 255 255 255
444 414 0 255 255 255 255
444 416 0 255 255 255 255
444 418 0 255 255 255 255
444 420 0 255 255 255 255
444 422 0 255 255 255 255
446 388 0 255 255 255 255
446 390 0 255 255 255 255
446 392 0 255 255 255 255
446 394 0 255 255 255 255
446 396 0 255 255 255 255
446 398 0 255 255 255 255
446 400 0 255 255 255 255
446 402 0 255 255 255 255
446 404 0 255 255 255 255
446 406 0 255 255 255 255
446 408 0 255 255 255 255
446 410 0 255 255 255 255
446 412 0 255 255 255 255
446 414 0 255 255 255 255
446 416 0 255 255 255 255
446 418 0 255 255 255 255
446 420 0 255 255 255 255
446 422 0 255 255 255 255
448 388 0 255 255 255 255
448 390 0 255 255 255 255
448 402 0 255 255 255 255
448 404 0 255 255 255 255
448 420 0 255 255 255 255
448 422 0 255 255 255 255
450 388 0 255 255 255 255
450 390 0 255 255 255 255
450 402 0 255 255 255 255
450 404 0 255 255 255 255
450 420 0 255 255 255 255
450 422 0 255 255 255 255
3 0 1 2
3 3 4 5
3 6 7 8
3 9 10 11
3 12 13 14
3 15 16 17
3 18 19 20
3 21 22 23
3 24 25 26
3 27 28 29
3 30 31 32
3 33 34 35
3 36 37 38
3 39 40 41
3 42 43 44
3 45 46 47
3 48 49 50
3 51 52 53
3 54 55 56
3 57 58 59
3 60 61 62
3 63 64 65
3 66 67 68
3 69 70 71
3 72 73 74
3 75 76 77
3 78 79 80
3 81 82 83
3 84 85 86
3 87 88 89
3 90 91 92
3 93 94 95
3 96 97 98
3 99 100 101
3 102 103 104
3 105 106 107
3 108 109 110
3 111 112 113
3 114 115 116
3 117 118 119
3 120 121 122
3 123 124 125
3 126 127 128
3 129 130 131
3 132 133 134
3 135 136 137
3 138 139 140
3 141 142 143
3 144 145 146
3 147 148 149
3 150 151 152
3 153 154 155
3 156 157 158
3 159 160 161
3 162 163 164
3 165 166 167
3 168 169 170
3 171 172 173
3 174 175 176
3 177 178 179
3 180 181 182
3 183 184 185
3 186 187 188
3 189 190 191
3 192 193 194
3 195 196 197
3 198 199 200
3 201 202 203
3 204 205 206
3 207 208 209
3 210 211 212
3 213 214 215
3 216 217 218
3 219 220 221
3 222 223 224
3 225 226 227
3 228 229 230
3 231 232 233
3 234 235 236
3 237 238 239
3 240 241 242
3 243 244 245
3 246 247 248
3 249 250 251
3 252 253 254
3 255 256 257
3 258 259 260
3 261 262 263
3 264 265 266
3 267 268 269
3 270 271 272
3 273 274 275
3 276 277 278
3 279 280 281
3 282 283 284
3 285 286 287
3 288 289 290
3 291 292 293
3 294 295 296
3 297 298 299
3 300 301 302
3 303 304 305
3 306 307 308
3 309 310 311
3 312 313 314
3 315 316 317
3 318 319 320
3 321 322 323
3 324 325 326
3 327 328 329
3 330 331 332
3 333 334 335
3 336 337 338
3 339 340 341
3 342 343 344
3 345 346 347
3 348 349 350
3 351 352 353
3 354 355 356
3 357 358 359
3 360 361 362
3 363 364 365
3 366 367 368
3 369 370 371
3 372 373 374
3 375 376 377
3 378 379 380
3 381 382 383
3 384 385 386
3 387 388 389
3 390 391 392
3 393 394 395
3 396 397 398
3 399 400 401
3 402 403 404
3 405 406 407
3 408 409 410
3 411 412 413
3 414 415 416
3 417 418 419
3 420 421 422
3 423 424 425
3 426 427 428
3 429 430 431
3 432 433 434
3 435 436 437
3 438 439 440
3 441 442 443
3 444 445 446
3 447 448 449
3 450 451 452
3 453 454 455
3 456 457 458
3 459 460 461
3 462 463 464
3 465 466 467
3 468 469 470
3 471 472 473
3 474 475 476
3 477 478 479
3 480 481 482
3 483 484 485
3 486 487 488
3 489 490 491
3 492 493 494
3 495 496 497
3 498 499 500
3 501 502 503
3 504 505 506
3 507 508 509
3 510 511 512
3 513 514 515
3 516 517 518
3 519 520 521
3 522 523 524
3 525 526 527
3 528 529 530
3 531 532 533
3 534 535 536
3 537 538 539
3 540 541 542
3 543 544 545
3 546 547 548
3 549 550 551
3 552 553 554
3 555 556 557
3 558 559 560
3 561 562 563
3 564 565 566
3 567 568 569
3 570 571 572
3 573 574 575
3 576 577 578
3 579 580 581
3 582 583 584
3 585 586 587
3 588 589 590
3 591 592 593
3 594 595 596
3 597 598 599
3 600 601 602
3 603 604 605
3 606 607 608
3 609 610 611
3 612 613 614
3 615 616 617
3 618 619 620
3 621 622 623
3 624 625 626
3 627 628 629
3 630 631 632
3 633 634 635
3 636 637 638
3 639 640 641
3 642 643 644
3 645 646 647
3 648 649 650
3 651 652 653
3 654 655 656
3 657 658 659
3 660 661 662
3 663 664 665
3 666 667 668
3 669 670 671
3 672 673 674
3 675 676 677
3 678 679 680
3 681 682 683
3 684 685 686
3 687 688 689
3 690 691 692
3 693 694 695
3 696 697 698
3 699 700 701
3 702 703 704
3 705 706 707
3 708 709 710
3 711 712 713
3 714 715 716
3 717 718 719
3 720 721 722
3 723 724 725
3 726 727 728
3 729 730 731
3 732 733 734
3 735 736 737
3 738 739 740
3 741 742 743
3 744 745 746
3 747 748 749
3 750 751 752
3 753 754 755
3 756 757 758
3 759 760 761
3 762 763 764
3 765 766 767
3 768 769 770
3 771 772 773
3 774 775 776
3 777 778 779
3 780 781 782
3 783 784 785
3 786 787 788
3 789 790 791
3 792 793 794
3 795 796 797
3 798 799 800
3 801 802 803
3 804 805 806
3 807 808 809
3 810 811 812
3 813 814 815
3 816 817 818
3 819 820 821
3 822 823 824
3 825 826 827
3 828 829 830
3 831 832 833
3 834 835 836
3 837 838 839
3 840 841 842
3 843 844 845
3 846 847 848
3 849 850 851
3 852 853 854
3 855 856 857
3 858 859 860
3 861 862 863
3 864 865 866
3 867 868 869
3 870 871 872
3 873 874 875
3 876 877 878
3 879 880 881
3 882 883 884
3 885 886 887
3 888 889 890
3 891 892 893
3 894 895 896
3 897 898 899
3 900 901 902
3 903 904 905
3 906 907 908
3 909 910 911
3 912 913 914
3 915 916 917
3 918 919 920
3 921 922 923
3 924 925 926
3 927 928 929
3 930 931 932
3 933 934 935
3 936 937 938
3 939 940 941
3 942 943 944
3 945 946 947
3 948 949 950
3 951 952 953
3 954 955 956
3 957 958 959
3 960 961 962
3 963 964 965
3 966 967 968
3 969 970 971
3 972 973 974
3 975 976 977
3 978 979 980
3 981 982 983
3 984 985 986
3 987 988 989
3 990 991 992
3 993 994 995
3 996 997 998
3 999 1000 1001
3 1002 1003 1004
3 1005 1006 1007
3 1008 1009 1010
3 1011 1012 1013
3 1014 1015 1016
3 1017 1018 1019
3 1020 1021 1022
3 1023 1024 1025
3 1026 1027 1028
3 1029 1030 1031
3 1032 1033 1034
3 1035 1036 1037
3 1038 1039 1040
3 1041 1042 1043
3 1044 1045 1046
3 1047 1048 1049
3 1050 1051 1052
3 1053 1054 1055
3 1056 1057 1058
3 1059 1060 1061
3 1062 1063 1064
3 1065 1066 1067
3 1068 1069 1070
3 1071 1072 1073
3 1074 1075 1076
3 1077 1078 1079
3 1080 1081 1082
3 1083 1084 1085
3 1086 1087 1088
3 1089 1090 1091
3 1092 1093 1094
3 1095 1096 1097
3 1098 1099 1100
3 1101 1102 1103
3 1104 1105 1106
3 1107 1108 1109
3 1110 1111 1112
3 1113 1114 1115
3 1116 1117 1118
3 1119 1120 1121
3 1122 1123 1124
3 1125 1126 1127
3 1128 1129 1130
3 1131 1132 1133
3 1134 1135 1136
3 1137 1138 1139
3 1140 1141 1142
3 1143 1144 1145
3 1146 1147 1148
3 1149 1150 1151
3 1152 1153 1154
3 1155 1156 1157
3 1158 1159 1160
3 1161 1162 1163
3 1164 1165 1166
3 1167 1168 1169
3 1170 1171 1172
3 1173 1174 1175
3 1176 1177 1178
3 1179 1180 1181
3 1182 1183 1184
3 1185 1186 1187
3 1188 1189 1190
3 1191 1192 1193
3 1194 1195 1196
3 1197 1198 1199
3 1200 1201 1202
3 1203 1204 1205
3 1206 1207 1208
3 1209 1210 1211
3 1212 1213 1214
3 1215 1216 1217
3 1218 1219 1220
3 1221 1222 1223
3 1224 1225 1226
3 1227 1228 1229
3 1230 1231 1232
3 1233 1234 1235
3 1236 1237 1238
3 1239 1240 1241
3 1242 1243 1244
3 1245 1246 1247
3 1248 1249 1250
3 1251 1252 1253
3 1254 1255 1256
3 1257 1258 1259
3 1260 1261 1262
3 1263 1264 1265
3 1266 1267 1268
3 1269 1270 1271
3 1272 1273 1274
3 1275 1276 1277
3 1278 1279 1280
3 1281 1282 1283
3 1284 1285 1286
3 1287 1288 1289
3 1290 1291 1292
3 1293 1294 1295
3 1296 1297 1298
3 1299 1300 1301
3 1302 1303 1304
3 1305 1306 1307
3 1308 1309 1310
3 1311 1312 1313
3 1314 1315 1316
3 1317 1318 1319
3 1320 1321 1322
3 1323 1324 1325
3 1326 1327 1328
3 1329 1330 1331
3 1332 1333 1334
3 1335 1336 1337
3 1338 1339 1340
3 1341 1342 1343
3 1344 1345 1346
3 1347 1348 1349
3 1350 1351 1352
3 1353 1354 1355
3 1356 1357 1358
3 1359 1360 1361
3 1362 1363 1364
3 1365 1366 1367
3 1368 1369 1370
3 1371 1372 1373
3 1374 1375 1376
3 1377 1378 1379
3 1380 1381 1382
3 1383 1384 1385
3 1386 1387 1388
3 1389 1390 1391
3 1392 1393 1394
3 1395 1396 1397
3 1398 1399 1400
3 1401 1402 1403
3 1404 1405 1406
3 1407 1408 1409
3 1410 1411 1412
3 1413 1414 1415
3 1416 1417 1418
3 1419 1420 1421
3 1422 1423 1424
3 1425 1426 1427
3 1428 1429 1430
3 1431 1432 1433
3 1434 1435 1436
3 1437 1438 1439
3 1440 1441 1442
3 1443 1444 1445
3 1446 1447 1448
3 1449 1450 1451
3 1452 1453 1454
3 1455 1456 1457
3 1458 1459 1460
3 1461 1462 1463
3 1464 1465 1466
3 1467 1468 1469
3 1470 1471 1472
3 1473 1474 1475
3 1476 1477 1478
3 1479 1480 1481
3 1482 1483 1484
3 1485 1486 1487
3 1488 1489 1490
3 1491 1492 1493
3 1494 1495 1496
3 1497 1498 1499
3 1500 1501 1502
3 1503 1504 1505
3 1506 1507 1508
3 1509 1510 1511
3 1512 1513 1514
3 1515 1516 1517
3 1518 1519 1520
3 1521 1522 1523
3 1524 1525 1526
3 1527 1528 1529
3 1530 1531 1532
3 1533 1534 1535
3 1536 1537 1538
3 1539 1540 1541
3 1542 1543 1544
3 1545 1546 1547
3 1548 1549 1550
3 1551 1552 1553
3 1554 1555 1556
3 1557 1558 1559
3 1560 1561 1562
3 1563 1564 1565
3 1566 1567 1568
3 1569 1570 1571
3 1572 1573 1574
3 1575 1576 1577
3 1578 1579 1580
3 1581 1582 1583
3 1584 1585 1586
3 1587 1588 1589
3 1590 1591 1592
3 1593 1594 1595
3 1596 1597 1598
3 1599 1600 1601
3 1602 1603 1604
3 1605 1606 1607
3 1608 1609 1610
3 1611 1612 1613
3 1614 1615 1616
3 1617 1618 1619
3 1620 1621 1622
3 1623 1624 1625
3 1626 1627 1628
3 1629 1630 1631
3 1632 1633 1634
3 1635 1636 1637
3 1638 1639 1640
3 1641 1642 1643
3 1644 1645 1646
3 1647 1648 1649
3 1650 1651 1652
3 1653 1654 1655
3 1656 1657 1658
3 1659 1660 1661
3 1662 1663 1664
3 1665 1666 1667
3 1668 1669 1670
3 1671 1672 1673
3 1674 1675 1676
3 1677 1678 1679
3 1680 1681 1682
3 1683 1684 1685
3 1686 1687 1688
3 1689 1690 1691
3 1692 1693 1694
3 1695 1696 1697
3 1698 1699 1700
3 1701 1702 1703
3 1704 1705 1706
3 1707 1708 1709
3 1710 1711 1712
3 1713 1714 1715
3 1716 1717 1718
3 1719 1720 1721
3 1722 1723 1724
3 1725 1726 1727
3 1728 1729 1730
3 1731 1732 1733
3 1734 1735 1736
3 1737 1738 1739
3 1740 1741 1742
3 1743 1744 1745
3 1746 1747 1748
3 1749 1750 1751
3 1752 1753 1754
3 1755 1756 1757
3 1758 1759 1760
3 1761 1762 1763
3 1764 1765 1766
3 1767 1768 1769
3 1770 1771 1772
3 1773 1774 1775
3 1776 1777 1778
3 1779 1780 1781
3 1782 1783 1784
3 1785 1786 1787
3 1788 1789 1790
3 1791 1792 1793
3 1794 1795 1796
3 1797 1798 1799
3 1800 1801 1802
3 1803 1804 1805
3 1806 1807 1808
3 1809 1810 1811
3 1812 1813 1814
3 1815 1816 1817
3 1818 1819 1820
3 1821 1822 1823
3 1824 1825 1826
3 1827 1828 1829
3 1830 1831 1832
3 1833 1834 1835
3 1836 1837 1838
3 1839 1840 1841
3 1842 1843 1844
3 1845 1846 1847
3 1848 1849 1850
3 1851 1852 1853
3 1854 1855 1856
3 1857 1858 1859
3 1860 1861 1862
3 1863 1864 1865
3 1866 1867 1868
3 1869 1870 1871
3 1872 1873 1874
3 1875 1876 1877
3 1878 1879 1880
3 1881 1882 1883
3 1884 1885 1886
3 1887 1888 1889
3 1890 1891 1892
3 1893 1894 1895
3 1896 1897 1898
3 1899 1900 1901
3 1902 1903 1904
3 1905 1906 1907
3 1908 1909 1910
3 1911 1912 1913
3 1914 1915 1916
3 1917 1918 1919
3 1920 1921 1922
3 1923 1924 1925
3 1926 1927 1928
3 1929 1930 1931
3 1932 1933 1934
3 1935 1936 1937
3 1938 1939 1940
3 1941 1942 1943
3 1944 1945 1946
3 1947 1948 1949
3 1950 1951 1952
3 1953 1954 1955
3 1956 1957 1958
3 1959 1960 1961
3 1962 1963 1964
3 1965 1966 1967
3 1968 1969 1970
3 1971 1972 1973
3 1974 1975 1976
3 1977 1978 1979
3 1980 1981 1982
3 1983 1984 1985
3 1986 1987 1988
3 1989 1990 1991
3 1992 1993 1994
3 1995 1996 1997
3 1998 1999 2000
3 2001 2002 2003
3 2004 2005 2006
3 2007 2008 2009
3 2010 2011 2012
3 2013 2014 2015
3 2016 2017 2018
3 2019 2020 2021
3 2022 2023 2024
3 2025 2026 2027
3 2028 2029 2030
3 2031 2032 2033
3 2034 2035 2036
3 2037 2038 2039
3 2040 2041 2042
3 2043 2044 2045
3 2046 2047 2048
3 2049 2050 2051
3 2052 2053 2054
3 2055 2056 2057
3 2058 2059 2060
3 2061 2062 2063
3 2064 2065 2066
3 2067 2068 2069
3 2070 2071 2072
3 2073 2074 2075
3 2076 2077 2078
3 2079 2080 2081
3 2082 2083 2084
3 2085 2086 2087
3 2088 2089 2090
3 2091 2092 2093
3 2094 2095 2096
3 2097 2098 2099
3 2100 2101 2102
3 2103 2104 2105
3 2106 2107 2108
3 2109 2110 2111
3 2112 2113 2114
3 2115 2116 2117
3 2118 2119 2120
3 2121 2122 2123
3 2124 2125 2126
3 2127 2128 2129
3 2130 2131 2132
3 2133 2134 2135
3 2136 2137 2138
3 2139 2140 2141
3 2142 2143 2144
3 2145 2146 2147
3 2148 2149 2150
3 2151 2152 2153
3 2154 2155 2156
3 2157 2158 2159
3 2160 2161 2162
3 2163 2164 2165
3 2166 2167 2168
3 2169 2170 2171
3 2172 2173 2174
3 2175 2176 2177
3 2178 2179 2180
3 2181 2182 2183
3 2184 2185 2186
3 2187 2188 2189
3 2190 2191 2192
3 2193 2194 2195
3 2196 2197 2198
3 2199 2200 2201
3 2202 2203 2204
3 2205 2206 2207
3 2208 2209 2210
3 2211 2212 2213
3 2214 2215 2216
3 2217 2218 2219
3 2220 2221 2222
3 2223 2224 2225
3 2226 2227 2228
3 2229 2230 2231
3 2232 2233 2234
3 2235 2236 2237
3 2238 2239 2240
3 2241 2242 2243
3 2244 2245 2246
3 2247 2248 2249
3 2250 2251 2252
3 2253 2254 2255
3 2256 2257 2258
3 2259 2260 2261
3 2262 2263 2264
3 2265 2266 2267
3 2268 2269 2270
3 2271 2272 2273
3 2274 2275 2276
3 2277 2278 2279
3 2280 2281 2282
3 2283 2284 2285
3 2286 2287 2288
3 2289 2290 2291
3 2292 2293 2294
3 2295 2296 2297
3 2298 2299 2300
3 2301 2302 2303
3 2304 2305 2306
3 2307 2308 2309
3 2310 2311 2312
3 2313 2314 2315
3 2316 2317 2318
3 2319 2320 2321
3 2322 2323 2324
3 2325 2326 2327
3 2328 2329 2330
3 2331 2332 2333
3 2334 2335 2336
3 2337 2338 2339
3 2340 2341 2342
3 2343 2344 2345
3 2346 2347 2348
3 2349 2350 2351
3 2352 2353 2354
3 2355 2356 2357
3 2358 2359 2360
3 2361 2362 2363
3 2364 2365 2366
3 2367 2368 2369
3 2370 2371 2372
3 2373 2374 2375
3 2376 2377 2378
3 2379 2380 2381
3 2382 2383 2384
3 2385 2386 2387
3 2388 2389 2390
3 2391 2392 2393
3 2394 2395 2396
3 2397 2398 2399
3 2400 2401 2402
3 2403 2404 2405
3 2406 2407 2408
3 2409 2410 2411
3 2412 2413 2414
3 2415 2416 2417
3 2418 2419 2420
3 2421 2422 2423
3 2424 2425 2426
3 2427 2428 2429
3 2430 2431 2432
3 2433 2434 2435
3 2436 2437 2438
3 2439 2440 2441
3 2442 2443 2444
3 2445 2446 2447
3 2448 2449 2450
3 2451 2452 2453
3 2454 2455 2456
3 2457 2458 2459
3 2460 2461 2462
3 2463 2464 2465
3 2466 2467 2468
3 2469 2470 2471
3 2472 2473 2474
3 2475 2476 2477
3 2478 2479 2480
3 2481 2482 2483
3 2484 2485 2486
3 2487 2488 2489
3 2490 2491 2492
3 2493 2494 2495
3 2496 2497 2498
3 2499 2500 2501
3 2502 2503 2504
3 2505 2506 2507
3 2508 2509 2510
3 2511 2512 2513
3 2514 2515 2516
3 2517 2518 2519
3 2520 2521 2522
3 2523 2524 2525
3 2526 2527 2528
3 2529 2530 2531
3 2532 2533 2534
3 2535 2536 2537
3 2538 2539 2540
3 2541 2542 2543
3 2544 2545 2546
3 2547 2548 2549
3 2550 2551 2552
3 2553 2554 2555
3 2556 2557 2558
3 2559 2560 2561
3 2562 2563 2564
3 2565 2566 2567
3 2568 2569 2570
3 2571 2572 2573
3 2574 2575 2576
3 2577 2578 2579
3 2580 2581 2582
3 2583 2584 2585
3 2586 2587 2588
3 2589 2590 2591
3 2592 2593 2594
3 2595 2596 2597
3 2598 2599 2600
3 2601 2602 2603
3 2604 2605 2606
3 2607 2608 2609
3 2610 2611 2612
3 2613 2614 2615
3 2616 2617 2618
3 2619 2620 2621
3 2622 2623 2624
3 2625 2626 2627
3 2628 2629 2630
3 2631 2632 2633
3 2634 2635 2636
3 2637 2638 2639
3 2640 2641 2642
3 2643 2644 2645
3 2646 2647 2648
3 2649 2650 2651
3 2652 2653 2654
3 2655 2656 2657
3 2658 2659 2660
3 2661 2662 2663
3 2664 2665 2666
3 2667 2668 2669
3 2670 2671 2672
3 2673 2674 2675
3 2676 2677 2678
