ply
format ascii 1.0
element vertex 3013
property float x
property float y
property float z
property uchar red
property uchar green
property uchar blue
property uchar alpha
element face 1004
property list uchar int vertex_indices
end_header
52 58 0 255 255 255 255
52 60 0 255 255 255 255
52 62 0 255 255 255 255
52 124 0 255 255 255 255
52 126 0 255 255 255 255
52 128 0 255 255 255 255
52 130 0 255 255 255 255
52 132 0 255 255 255 255
52 134 0 255 255 255 255
52 136 0 255 255 255 255
52 138 0 255 255 255 255
52 140 0 255 255 255 255
52 142 0 255 255 255 255
52 144 0 255 255 255 255
52 146 0 255 255 255 255
52 148 0 255 255 255 255
52 150 0 255 255 255 255
52 152 0 255 255 255 255
52 154 0 255 255 255 255
52 156 0 255 255 255 255
52 158 0 255 255 255 255
52 160 0 255 255 255 255
52 162 0 255 255 255 255
52 214 0 255 255 255 255
52 216 0 255 255 255 255
52 218 0 255 255 255 255
52 220 0 255 255 255 255
52 222 0 255 255 255 255
52 224 0 255 255 255 255
52 226 0 255 255 255 255
52 228 0 255 255 255 255
52 260 0 255 255 255 255
52 262 0 255 255 255 255
52 264 0 255 255 255 255
52 266 0 255 255 255 255
52 268 0 255 255 255 255
52 270 0 255 255 255 255
52 272 0 255 255 255 255
52 274 0 255 255 255 255
52 276 0 255 255 255 255
52 278 0 255 255 255 255
52 280 0 255 255 255 255
52 282 0 255 255 255 255
52 284 0 255 255 255 255
52 286 0 255 255 255 255
52 288 0 255 255 255 255
52 290 0 255 255 255 255
52 292 0 255 255 255 255
52 326 0 255 255 255 255
52 328 0 255 255 255 255
52 330 0 255 255 255 255
52 332 0 255 255 255 255
52 334 0 255 255 255 255
52 336 0 255 255 255 255
52 338 0 255 255 255 255
52 340 0 255 255 255 255
52 342 0 255 255 255 255
52 344 0 255 255 255 255
52 346 0 255 255 255 255
52 348 0 255 255 255 255
52 350 0 255 255 255 255
52 352 0 255 255 255 255
52 354 0 255 255 255 255
52 356 0 255 255 255 255
52 358 0 255 255 255 255
52 394 0 255 255 255 255
52 396 0 255 255 255 255
52 398 0 255 255 255 255
52 400 0 255 255 255 255
52 402 0 255 255 255 255
52 404 0 255 255 255 255
52 406 0 255 255 255 255
52 408 0 255 255 255 255
52 410 0 255 255 255 255
52 412 0 255 255 255 255
52 414 0 255 255 255 255
52 416 0 255 255 255 255
52 418 0 255 255 255 255
52 420 0 255 255 255 255
52 422 0 255 255 255 255
52 424 0 255 255 255 255
52 426 0 255 255 255 255
54 58 0 255 255 255 255
54 60 0 255 255 255 255
54 62 0 255 255 255 255
54 64 0 255 255 255 255
54 66 0 255 255 255 255
54 68 0 255 255 255 255
54 70 0 255 255 255 255
54 72 0 255 255 255 255
54 74 0 255 255 255 255
54 76 0 255 255 255 255
54 78 0 255 255 255 255
54 80 0 255 255 255 255
54 82 0 255 255 255 255
54 84 0 255 255 255 255
54 86 0 255 255 255 255
54 88 0 255 255 255 255
54 90 0 255 255 255 255
54 92 0 255 255 255 255
54 94 0 255 255 255 255
54 124 0 255 255 255 255
54 126 0 255 255 255 255
54 128 0 255 255 255 255
54 130 0 255 255 255 255
54 132 0 255 255 255 255
54 134 0 255 255 255 255
54 136 0 255 255 255 255
54 138 0 255 255 255 255
54 140 0 255 255 255 255
54 142 0 255 255 255 255
54 144 0 255 255 255 255
54 146 0 255 255 255 255
54 148 0 255 255 255 255
54 150 0 255 255 255 255
54 152 0 255 255 255 255
54 154 0 255 255 255 255
54 156 0 255 255 255 255
54 158 0 255 255 255 255
54 160 0 255 255 255 255
54 162 0 255 255 255 255
54 194 0 255 255 255 255
54 196 0 255 255 255 255
54 198 0 255 255 255 255
54 200 0 255 255 255 255
54 202 0 255 255 255 255
54 204 0 255 255 255 255
54 206 0 255 255 255 255
54 208 0 255 255 255 255
54 210 0 255 255 255 255
54 212 0 255 255 255 255
54 214 0 255 255 255 255
54 216 0 255 255 255 255
54 218 0 255 255 255 255
54 220 0 255 255 255 255
54 222 0 255 255 255 255
54 224 0 255 255 255 255
54 226 0 255 255 255 255
54 228 0 255 255 255 255
54 258 0 255 255 255 255
54 260 0 255 255 255 255
54 262 0 255 255 255 255
54 264 0 255 255 255 255
54 266 0 255 255 255 255
54 268 0 255 255 255 255
54 270 0 255 255 255 255
54 272 0 255 255 255 255
54 274 0 255 255 255 255
54 276 0 255 255 255 255
54 278 0 255 255 255 255
54 280 0 255 255 255 255
54 282 0 255 255 255 255
54 284 0 255 255 255 255
54 286 0 255 255 255 255
54 288 0 255 255 255 255
54 290 0 255 255 255 255
54 292 0 255 255 255 255
54 294 0 255 255 255 255
54 324 0 255 255 255 255
54 326 0 255 255 255 255
54 328 0 255 255 255 255
54 330 0 255 255 255 255
54 332 0 255 255 255 255
54 334 0 255 255 255 255
54 336 0 255 255 255 255
54 338 0 255 255 255 255
54 340 0 255 255 255 255
54 342 0 255 255 255 255
54 344 0 255 255 255 255
54 346 0 255 255 255 255
54 348 0 255 255 255 255
54 350 0 255 255 255 255
54 352 0 255 255 255 255
54 354 0 255 255 255 255
54 356 0 255 255 255 255
54 358 0 255 255 255 255
54 360 0 255 255 255 255
54 392 0 255 255 255 255
54 394 0 255 255 255 255
54 396 0 255 255 255 255
54 398 0 255 255 255 255
54 400 0 255 255 255 255
54 402 0 255 255 255 255
54 404 0 255 255 255 255
54 406 0 255 255 255 255
54 408 0 255 255 255 255
54 410 0 255 255 255 255
54 412 0 255 255 255 255
54 414 0 255 255 255 255
54 416 0 255 255 255 255
54 418 0 255 255 255 255
54 420 0 255 255 255 255
54 422 0 255 255 255 255
54 424 0 255 255 255 255
54 426 0 255 255 255 255
54 428 0 255 255 255 255
56 58 0 255 255 255 255
56 60 0 255 255 255 255
56 62 0 255 255 255 255
56 64 0 255 255 255 255
56 66 0 255 255 255 255
56 68 0 255 255 255 255
56 70 0 255 255 255 255
56 72 0 255 255 255 255
56 74 0 255 255 255 255
56 76 0 255 255 255 255
56 78 0 255 255 255 255
56 80 0 255 255 255 255
56 82 0 255 255 255 255
56 84 0 255 255 255 255
56 86 0 255 255 255 255
56 88 0 255 255 255 255
56 90 0 255 255 255 255
56 92 0 255 255 255 255
56 94 0 255 255 255 255
56 124 0 255 255 255 255
56 126 0 255 255 255 255
56 128 0 255 255 255 255
56 130 0 255 255 255 255
56 132 0 255 255 255 255
56 134 0 255 255 255 255
56 136 0 255 255 255 255
56 138 0 255 255 255 255
56 140 0 255 255 255 255
56 142 0 255 255 255 255
56 144 0 255 255 255 255
56 146 0 255 255 255 255
56 148 0 255 255 255 255
56 150 0 255 255 255 255
56 152 0 255 255 255 255
56 154 0 255 255 255 255
56 156 0 255 255 255 255
56 158 0 255 255 255 255
56 160 0 255 255 255 255
56 162 0 255 255 255 255
56 192 0 255 255 255 255
56 194 0 255 255 255 255
56 196 0 255 255 255 255
56 198 0 255 255 255 255
56 200 0 255 255 255 255
56 202 0 255 255 255 255
56 204 0 255 255 255 255
56 206 0 255 255 255 255
56 208 0 255 255 255 255
56 210 0 255 255 255 255
56 212 0 255 255 255 255
56 214 0 255 255 255 255
56 216 0 255 255 255 255
56 218 0 255 255 255 255
56 220 0 255 255 255 255
56 222 0 255 255 255 255
56 224 0 255 255 255 255
56 226 0 255 255 255 255
56 228 0 255 255 255 255
56 258 0 255 255 255 255
56 260 0 255 255 255 255
56 262 0 255 255 255 255
56 264 0 255 255 255 255
56 266 0 255 255 255 255
56 268 0 255 255 255 255
56 270 0 255 255 255 255
56 272 0 255 255 255 255
56 274 0 255 255 255 255
56 276 0 255 255 255 255
56 278 0 255 255 255 255
56 280 0 255 255 255 255
56 282 0 255 255 255 255
56 284 0 255 255 255 255
56 286 0 255 255 255 255
56 288 0 255 255 255 255
56 290 0 255 255 255 255
56 292 0 255 255 255 255
56 294 0 255 255 255 255
56 324 0 255 255 255 255
56 326 0 255 255 255 255
56 328 0 255 255 255 255
56 330 0 255 255 255 255
56 332 0 255 255 255 255
56 334 0 255 255 255 255
56 336 0 255 255 255 255
56 338 0 255 255 255 255
56 340 0 255 255 255 255
56 342 0 255 255 255 255
56 344 0 255 255 255 255
56 346 0 255 255 255 255
56 348 0 255 255 255 255
56 350 0 255 255 255 255
56 352 0 255 255 255 255
56 354 0 255 255 255 255
56 356 0 255 255 255 255
56 358 0 255 255 255 255
56 360 0 255 255 255 255
56 362 0 255 255 255 255
56 392 0 255 255 255 255
56 394 0 255 255 255 255
56 396 0 255 255 255 255
56 398 0 255 255 255 255
56 400 0 255 255 255 255
56 402 0 255 255 255 255
56 404 0 255 255 255 255
56 406 0 255 255 255 255
56 408 0 255 255 255 255
56 410 0 255 255 255 255
56 412 0 255 255 255 255
56 414 0 255 255 255 255
56 416 0 255 255 255 255
56 418 0 255 255 255 255
56 420 0 255 255 255 255
56 422 0 255 255 255 255
56 424 0 255 255 255 255
56 426 0 255 255 255 255
56 428 0 255 255 255 255
58 58 0 255 255 255 255
58 60 0 255 255 255 255
58 62 0 255 255 255 255
58 64 0 255 255 255 255
58 66 0 255 255 255 255
58 68 0 255 255 255 255
58 70 0 255 255 255 255
58 72 0 255 255 255 255
58 74 0 255 255 255 255
58 76 0 255 255 255 255
58 78 0 255 255 255 255
58 80 0 255 255 255 255
58 82 0 255 255 255 255
58 84 0 255 255 255 255
58 86 0 255 255 255 255
58 88 0 255 255 255 255
58 90 0 255 255 255 255
58 92 0 255 255 255 255
58 94 0 255 255 255 255
58 124 0 255 255 255 255
58 126 0 255 255 255 255
58 128 0 255 255 255 255
58 130 0 255 255 255 255
58 132 0 255 255 255 255
58 134 0 255 255 255 255
58 136 0 255 255 255 255
58 138 0 255 255 255 255
58 140 0 255 255 255 255
58 142 0 255 255 255 255
58 144 0 255 255 255 255
58 146 0 255 255 255 255
58 148 0 255 255 255 255
58 150 0 255 255 255 255
58 152 0 255 255 255 255
58 154 0 255 255 255 255
58 156 0 255 255 255 255
58 158 0 255 255 255 255
58 160 0 255 255 255 255
58 162 0 255 255 255 255
58 192 0 255 255 255 255
58 194 0 255 255 255 255
58 196 0 255 255 255 255
58 198 0 255 255 255 255
58 200 0 255 255 255 255
58 202 0 255 255 255 255
58 204 0 255 255 255 255
58 206 0 255 255 255 255
58 208 0 255 255 255 255
58 216 0 255 255 255 255
58 218 0 255 255 255 255
58 220 0 255 255 255 255
58 258 0 255 255 255 255
58 260 0 255 255 255 255
58 262 0 255 255 255 255
58 292 0 255 255 255 255
58 294 0 255 255 255 255
58 324 0 255 255 255 255
58 326 0 255 255 255 255
58 328 0 255 255 255 255
58 358 0 255 255 255 255
58 360 0 255 255 255 255
58 362 0 255 255 255 255
58 390 0 255 255 255 255
58 392 0 255 255 255 255
58 394 0 255 255 255 255
58 424 0 255 255 255 255
58 426 0 255 255 255 255
58 428 0 255 255 255 255
60 58 0 255 255 255 255
60 60 0 255 255 255 255
60 62 0 255 255 255 255
60 64 0 255 255 255 255
60 66 0 255 255 255 255
60 68 0 255 255 255 255
60 70 0 255 255 255 255
60 72 0 255 255 255 255
60 74 0 255 255 255 255
60 76 0 255 255 255 255
60 78 0 255 255 255 255
60 80 0 255 255 255 255
60 82 0 255 255 255 255
60 84 0 255 255 255 255
60 86 0 255 255 255 255
60 88 0 255 255 255 255
60 90 0 255 255 255 255
60 92 0 255 255 255 255
60 94 0 255 255 255 255
60 192 0 255 255 255 255
60 194 0 255 255 255 255
60 196 0 255 255 255 255
60 198 0 255 255 255 255
60 200 0 255 255 255 255
60 202 0 255 255 255 255
60 204 0 255 255 255 255
60 206 0 255 255 255 255
60 208 0 255 255 255 255
60 210 0 255 255 255 255
60 212 0 255 255 255 255
60 214 0 255 255 255 255
60 216 0 255 255 255 255
60 218 0 255 255 255 255
60 220 0 255 255 255 255
60 258 0 255 255 255 255
60 260 0 255 255 255 255
60 262 0 255 255 255 255
60 264 0 255 255 255 255
60 266 0 255 255 255 255
60 268 0 255 255 255 255
60 270 0 255 255 255 255
60 272 0 255 255 255 255
60 274 0 255 255 255 255
60 276 0 255 255 255 255
60 278 0 255 255 255 255
60 280 0 255 255 255 255
60 282 0 255 255 255 255
60 284 0 255 255 255 255
60 286 0 255 255 255 255
60 288 0 255 255 255 255
60 290 0 255 255 255 255
60 292 0 255 255 255 255
60 294 0 255 255 255 255
60 324 0 255 255 255 255
60 326 0 255 255 255 255
60 328 0 255 255 255 255
60 330 0 255 255 255 255
60 332 0 255 255 255 255
60 334 0 255 255 255 255
60 336 0 255 255 255 255
60 338 0 255 255 255 255
60 340 0 255 255 255 255
60 342 0 255 255 255 255
60 344 0 255 255 255 255
60 346 0 255 255 255 255
60 348 0 255 255 255 255
60 350 0 255 255 255 255
60 352 0 255 255 255 255
60 354 0 255 255 255 255
60 356 0 255 255 255 255
60 358 0 255 255 255 255
60 360 0 255 255 255 255
60 362 0 255 255 255 255
60 390 0 255 255 255 255
60 392 0 255 255 255 255
60 394 0 255 255 255 255
60 396 0 255 255 255 255
60 398 0 255 255 255 255
60 400 0 255 255 255 255
60 402 0 255 255 255 255
60 414 0 255 255 255 255
60 416 0 255 255 255 255
60 418 0 255 255 255 255
60 420 0 255 255 255 255
60 422 0 255 255 255 255
60 424 0 255 255 255 255
60 426 0 255 255 255 255
60 428 0 255 255 255 255
62 58 0 255 255 255 255
62 60 0 255 255 255 255
62 62 0 255 255 255 255
62 126 0 255 255 255 255
62 128 0 255 255 255 255
62 130 0 255 255 255 255
62 132 0 255 255 255 255
62 134 0 255 255 255 255
62 136 0 255 255 255 255
62 138 0 255 255 255 255
62 140 0 255 255 255 255
62 148 0 255 255 255 255
62 150 0 255 255 255 255
62 152 0 255 255 255 255
62 154 0 255 255 255 255
62 156 0 255 255 255 255
62 158 0 255 255 255 255
62 160 0 255 255 255 255
62 192 0 255 255 255 255
62 194 0 255 255 255 255
62 196 0 255 255 255 255
62 198 0 255 255 255 255
62 200 0 255 255 255 255
62 202 0 255 255 255 255
62 204 0 255 255 255 255
62 206 0 255 255 255 255
62 208 0 255 255 255 255
62 210 0 255 255 255 255
62 212 0 255 255 255 255
62 214 0 255 255 255 255
62 216 0 255 255 255 255
62 218 0 255 255 255 255
62 220 0 255 255 255 255
62 222 0 255 255 255 255
62 224 0 255 255 255 255
62 226 0 255 255 255 255
62 228 0 255 255 255 255
62 258 0 255 255 255 255
62 260 0 255 255 255 255
62 262 0 255 255 255 255
62 264 0 255 255 255 255
62 266 0 255 255 255 255
62 268 0 255 255 255 255
62 270 0 255 255 255 255
62 272 0 255 255 255 255
62 274 0 255 255 255 255
62 276 0 255 255 255 255
62 278 0 255 255 255 255
62 280 0 255 255 255 255
62 282 0 255 255 255 255
62 284 0 255 255 255 255
62 286 0 255 255 255 255
62 288 0 255 255 255 255
62 290 0 255 255 255 255
62 292 0 255 255 255 255
62 294 0 255 255 255 255
62 324 0 255 255 255 255
62 326 0 255 255 255 255
62 328 0 255 255 255 255
62 330 0 255 255 255 255
62 332 0 255 255 255 255
62 334 0 255 255 255 255
62 336 0 255 255 255 255
62 338 0 255 255 255 255
62 340 0 255 255 255 255
62 342 0 255 255 255 255
62 344 0 255 255 255 255
62 346 0 255 255 255 255
62 348 0 255 255 255 255
62 350 0 255 255 255 255
62 352 0 255 255 255 255
62 354 0 255 255 255 255
62 356 0 255 255 255 255
62 358 0 255 255 255 255
62 360 0 255 255 255 255
62 362 0 255 255 255 255
62 392 0 255 255 255 255
62 394 0 255 255 255 255
62 396 0 255 255 255 255
62 398 0 255 255 255 255
62 400 0 255 255 255 255
62 402 0 255 255 255 255
62 414 0 255 255 255 255
62 416 0 255 255 255 255
62 418 0 255 255 255 255
62 420 0 255 255 255 255
62 422 0 255 255 255 255
62 424 0 255 255 255 255
62 426 0 255 255 255 255
62 428 0 255 255 255 255
64 58 0 255 255 255 255
64 124 0 255 255 255 255
64 126 0 255 255 255 255
64 128 0 255 255 255 255
64 130 0 255 255 255 255
64 132 0 255 255 255 255
64 134 0 255 255 255 255
64 136 0 255 255 255 255
64 138 0 255 255 255 255
64 140 0 255 255 255 255
64 142 0 255 255 255 255
64 148 0 255 255 255 255
64 150 0 255 255 255 255
64 152 0 255 255 255 255
64 154 0 255 255 255 255
64 156 0 255 255 255 255
64 158 0 255 255 255 255
64 160 0 255 255 255 255
64 200 0 255 255 255 255
64 202 0 255 255 255 255
64 204 0 255 255 255 255
64 206 0 255 255 255 255
64 208 0 255 255 255 255
64 210 0 255 255 255 255
64 212 0 255 255 255 255
64 214 0 255 255 255 255
64 216 0 255 255 255 255
64 218 0 255 255 255 255
64 220 0 255 255 255 255
64 222 0 255 255 255 255
64 224 0 255 255 255 255
64 226 0 255 255 255 255
64 228 0 255 255 255 255
64 258 0 255 255 255 255
64 260 0 255 255 255 255
64 262 0 255 255 255 255
64 264 0 255 255 255 255
64 266 0 255 255 255 255
64 268 0 255 255 255 255
64 270 0 255 255 255 255
64 272 0 255 255 255 255
64 274 0 255 255 255 255
64 276 0 255 255 255 255
64 278 0 255 255 255 255
64 280 0 255 255 255 255
64 282 0 255 255 255 255
64 284 0 255 255 255 255
64 286 0 255 255 255 255
64 288 0 255 255 255 255
64 290 0 255 255 255 255
64 292 0 255 255 255 255
64 294 0 255 255 255 255
64 324 0 255 255 255 255
64 326 0 255 255 255 255
64 328 0 255 255 255 255
64 330 0 255 255 255 255
64 332 0 255 255 255 255
64 334 0 255 255 255 255
64 336 0 255 255 255 255
64 338 0 255 255 255 255
64 340 0 255 255 255 255
64 342 0 255 255 255 255
64 344 0 255 255 255 255
64 346 0 255 255 255 255
64 348 0 255 255 255 255
64 350 0 255 255 255 255
64 352 0 255 255 255 255
64 354 0 255 255 255 255
64 356 0 255 255 255 255
64 358 0 255 255 255 255
64 360 0 255 255 255 255
64 392 0 255 255 255 255
64 394 0 255 255 255 255
64 396 0 255 255 255 255
64 398 0 255 255 255 255
64 400 0 255 255 255 255
64 402 0 255 255 255 255
64 414 0 255 255 255 255
64 416 0 255 255 255 255
64 418 0 255 255 255 255
64 420 0 255 255 255 255
64 422 0 255 255 255 255
64 424 0 255 255 255 255
64 426 0 255 255 255 255
64 428 0 255 255 255 255
66 58 0 255 255 255 255
66 60 0 255 255 255 255
66 62 0 255 255 255 255
66 64 0 255 255 255 255
66 66 0 255 255 255 255
66 68 0 255 255 255 255
66 124 0 255 255 255 255
66 126 0 255 255 255 255
66 128 0 255 255 255 255
66 130 0 255 255 255 255
66 132 0 255 255 255 255
66 134 0 255 255 255 255
66 136 0 255 255 255 255
66 138 0 255 255 255 255
66 140 0 255 255 255 255
66 142 0 255 255 255 255
66 148 0 255 255 255 255
66 150 0 255 255 255 255
66 152 0 255 255 255 255
66 154 0 255 255 255 255
66 156 0 255 255 255 255
66 158 0 255 255 255 255
66 160 0 255 255 255 255
66 162 0 255 255 255 255
66 220 0 255 255 255 255
66 222 0 255 255 255 255
66 224 0 255 255 255 255
66 226 0 255 255 255 255
66 228 0 255 255 255 255
66 260 0 255 255 255 255
66 262 0 255 255 255 255
66 264 0 255 255 255 255
66 266 0 255 255 255 255
66 268 0 255 255 255 255
66 270 0 255 255 255 255
66 272 0 255 255 255 255
66 274 0 255 255 255 255
66 276 0 255 255 255 255
66 278 0 255 255 255 255
66 280 0 255 255 255 255
66 282 0 255 255 255 255
66 284 0 255 255 255 255
66 286 0 255 255 255 255
66 288 0 255 255 255 255
66 290 0 255 255 255 255
66 292 0 255 255 255 255
66 326 0 255 255 255 255
66 328 0 255 255 255 255
66 330 0 255 255 255 255
66 332 0 255 255 255 255
66 334 0 255 255 255 255
66 336 0 255 255 255 255
66 338 0 255 255 255 255
66 340 0 255 255 255 255
66 342 0 255 255 255 255
66 344 0 255 255 255 255
66 346 0 255 255 255 255
66 348 0 255 255 255 255
66 350 0 255 255 255 255
66 352 0 255 255 255 255
66 354 0 255 255 255 255
66 356 0 255 255 255 255
66 358 0 255 255 255 255
66 394 0 255 255 255 255
66 396 0 255 255 255 255
66 398 0 255 255 255 255
66 400 0 255 255 255 255
66 402 0 255 255 255 255
66 414 0 255 255 255 255
66 416 0 255 255 255 255
66 418 0 255 255 255 255
66 420 0 255 255 255 255
66 422 0 255 255 255 255
66 424 0 255 255 255 255
66 426 0 255 255 255 255
68 58 0 255 255 255 255
68 60 0 255 255 255 255
68 62 0 255 255 255 255
68 64 0 255 255 255 255
68 66 0 255 255 255 255
68 68 0 255 255 255 255
68 70 0 255 255 255 255
68 72 0 255 255 255 255
68 74 0 255 255 255 255
68 76 0 255 255 255 255
68 78 0 255 255 255 255
68 124 0 255 255 255 255
68 126 0 255 255 255 255
68 128 0 255 255 255 255
68 138 0 255 255 255 255
68 140 0 255 255 255 255
68 142 0 255 255 255 255
68 144 0 255 255 255 255
68 158 0 255 255 255 255
68 160 0 255 255 255 255
68 162 0 255 255 255 255
70 58 0 255 255 255 255
70 60 0 255 255 255 255
70 62 0 255 255 255 255
70 64 0 255 255 255 255
70 66 0 255 255 255 255
70 68 0 255 255 255 255
70 70 0 255 255 255 255
70 72 0 255 255 255 255
70 74 0 255 255 255 255
70 76 0 255 255 255 255
70 78 0 255 255 255 255
70 80 0 255 255 255 255
70 82 0 255 255 255 255
70 84 0 255 255 255 255
70 86 0 255 255 255 255
70 88 0 255 255 255 255
70 90 0 255 255 255 255
70 92 0 255 255 255 255
70 94 0 255 255 255 255
70 124 0 255 255 255 255
70 126 0 255 255 255 255
70 128 0 255 255 255 255
70 130 0 255 255 255 255
70 132 0 255 255 255 255
70 134 0 255 255 255 255
70 136 0 255 255 255 255
70 140 0 255 255 255 255
70 142 0 255 255 255 255
70 144 0 255 255 255 255
70 146 0 255 255 255 255
70 148 0 255 255 255 255
70 150 0 255 255 255 255
70 152 0 255 255 255 255
70 154 0 255 255 255 255
70 156 0 255 255 255 255
70 158 0 255 255 255 255
70 160 0 255 255 255 255
70 162 0 255 255 255 255
70 192 0 255 255 255 255
70 194 0 255 255 255 255
70 196 0 255 255 255 255
70 198 0 255 255 255 255
70 200 0 255 255 255 255
70 202 0 255 255 255 255
70 204 0 255 255 255 255
70 206 0 255 255 255 255
70 208 0 255 255 255 255
70 210 0 255 255 255 255
70 212 0 255 255 255 255
70 214 0 255 255 255 255
70 216 0 255 255 255 255
70 218 0 255 255 255 255
70 220 0 255 255 255 255
70 222 0 255 255 255 255
70 224 0 255 255 255 255
70 226 0 255 255 255 255
70 228 0 255 255 255 255
70 258 0 255 255 255 255
70 260 0 255 255 255 255
70 262 0 255 255 255 255
70 264 0 255 255 255 255
70 266 0 255 255 255 255
70 268 0 255 255 255 255
70 270 0 255 255 255 255
70 272 0 255 255 255 255
70 274 0 255 255 255 255
70 276 0 255 255 255 255
70 278 0 255 255 255 255
70 280 0 255 255 255 255
70 282 0 255 255 255 255
70 284 0 255 255 255 255
70 286 0 255 255 255 255
70 288 0 255 255 255 255
70 290 0 255 255 255 255
70 292 0 255 255 255 255
70 294 0 255 255 255 255
70 324 0 255 255 255 255
70 326 0 255 255 255 255
70 328 0 255 255 255 255
70 330 0 255 255 255 255
70 332 0 255 255 255 255
70 334 0 255 255 255 255
70 336 0 255 255 255 255
70 338 0 255 255 255 255
70 340 0 255 255 255 255
70 342 0 255 255 255 255
70 344 0 255 255 255 255
70 346 0 255 255 255 255
70 348 0 255 255 255 255
70 350 0 255 255 255 255
70 352 0 255 255 255 255
70 354 0 255 255 255 255
70 356 0 255 255 255 255
70 358 0 255 255 255 255
70 360 0 255 255 255 255
70 362 0 255 255 255 255
70 392 0 255 255 255 255
70 394 0 255 255 255 255
70 396 0 255 255 255 255
70 398 0 255 255 255 255
70 400 0 255 255 255 255
70 402 0 255 255 255 255
70 404 0 255 255 255 255
70 406 0 255 255 255 255
70 408 0 255 255 255 255
70 410 0 255 255 255 255
70 412 0 255 255 255 255
70 414 0 255 255 255 255
70 416 0 255 255 255 255
70 418 0 255 255 255 255
70 420 0 255 255 255 255
70 422 0 255 255 255 255
70 424 0 255 255 255 255
70 426 0 255 255 255 255
70 428 0 255 255 255 255
72 70 0 255 255 255 255
72 72 0 255 255 255 255
72 74 0 255 255 255 255
72 76 0 255 255 255 255
72 78 0 255 255 255 255
72 80 0 255 255 255 255
72 82 0 255 255 255 255
72 84 0 255 255 255 255
72 86 0 255 255 255 255
72 88 0 255 255 255 255
72 90 0 255 255 255 255
72 92 0 255 255 255 255
72 94 0 255 255 255 255
72 124 0 255 255 255 255
72 126 0 255 255 255 255
72 128 0 255 255 255 255
72 130 0 255 255 255 255
72 132 0 255 255 255 255
72 134 0 255 255 255 255
72 136 0 255 255 255 255
72 142 0 255 255 255 255
72 144 0 255 255 255 255
72 146 0 255 255 255 255
72 148 0 255 255 255 255
72 150 0 255 255 255 255
72 152 0 255 255 255 255
72 154 0 255 255 255 255
72 156 0 255 255 255 255
72 158 0 255 255 255 255
72 160 0 255 255 255 255
72 162 0 255 255 255 255
72 192 0 255 255 255 255
72 194 0 255 255 255 255
72 196 0 255 255 255 255
72 198 0 255 255 255 255
72 200 0 255 255 255 255
72 202 0 255 255 255 255
72 204 0 255 255 255 255
72 206 0 255 255 255 255
72 208 0 255 255 255 255
72 210 0 255 255 255 255
72 212 0 255 255 255 255
72 214 0 255 255 255 255
72 216 0 255 255 255 255
72 218 0 255 255 255 255
72 220 0 255 255 255 255
72 222 0 255 255 255 255
72 224 0 255 255 255 255
72 226 0 255 255 255 255
72 228 0 255 255 255 255
72 258 0 255 255 255 255
72 260 0 255 255 255 255
72 262 0 255 255 255 255
72 264 0 255 255 255 255
72 266 0 255 255 255 255
72 268 0 255 255 255 255
72 270 0 255 255 255 255
72 272 0 255 255 255 255
72 274 0 255 255 255 255
72 276 0 255 255 255 255
72 278 0 255 255 255 255
72 280 0 255 255 255 255
72 282 0 255 255 255 255
72 284 0 255 255 255 255
72 286 0 255 255 255 255
72 288 0 255 255 255 255
72 290 0 255 255 255 255
72 292 0 255 255 255 255
72 294 0 255 255 255 255
72 324 0 255 255 255 255
72 326 0 255 255 255 255
72 328 0 255 255 255 255
72 330 0 255 255 255 255
72 332 0 255 255 255 255
72 334 0 255 255 255 255
72 336 0 255 255 255 255
72 338 0 255 255 255 255
72 340 0 255 255 255 255
72 342 0 255 255 255 255
72 344 0 255 255 255 255
72 346 0 255 255 255 255
72 348 0 255 255 255 255
72 350 0 255 255 255 255
72 352 0 255 255 255 255
72 354 0 255 255 255 255
72 356 0 255 255 255 255
72 358 0 255 255 255 255
72 360 0 255 255 255 255
72 362 0 255 255 255 255
72 392 0 255 255 255 255
72 394 0 255 255 255 255
72 396 0 255 255 255 255
72 398 0 255 255 255 255
72 400 0 255 255 255 255
72 402 0 255 255 255 255
72 404 0 255 255 255 255
72 406 0 255 255 255 255
72 408 0 255 255 255 255
72 410 0 255 255 255 255
72 412 0 255 255 255 255
72 414 0 255 255 255 255
72 416 0 255 255 255 255
72 418 0 255 255 255 255
72 420 0 255 255 255 255
72 422 0 255 255 255 255
72 424 0 255 255 255 255
72 426 0 255 255 255 255
72 428 0 255 255 255 255
74 58 0 255 255 255 255
74 60 0 255 255 255 255
74 62 0 255 255 255 255
74 64 0 255 255 255 255
74 66 0 255 255 255 255
74 68 0 255 255 255 255
74 70 0 255 255 255 255
74 72 0 255 255 255 255
74 74 0 255 255 255 255
74 76 0 255 255 255 255
74 78 0 255 255 255 255
74 80 0 255 255 255 255
74 82 0 255 255 255 255
74 84 0 255 255 255 255
74 86 0 255 255 255 255
74 88 0 255 255 255 255
74 90 0 255 255 255 255
74 92 0 255 255 255 255
74 94 0 255 255 255 255
74 124 0 255 255 255 255
74 126 0 255 255 255 255
74 128 0 255 255 255 255
74 130 0 255 255 255 255
74 132 0 255 255 255 255
74 134 0 255 255 255 255
74 136 0 255 255 255 255
74 142 0 255 255 255 255
74 144 0 255 255 255 255
74 146 0 255 255 255 255
74 148 0 255 255 255 255
74 150 0 255 255 255 255
74 152 0 255 255 255 255
74 154 0 255 255 255 255
74 156 0 255 255 255 255
74 158 0 255 255 255 255
74 160 0 255 255 255 255
74 192 0 255 255 255 255
74 194 0 255 255 255 255
74 196 0 255 255 255 255
74 198 0 255 255 255 255
74 200 0 255 255 255 255
74 202 0 255 255 255 255
74 204 0 255 255 255 255
74 206 0 255 255 255 255
74 208 0 255 255 255 255
74 210 0 255 255 255 255
74 212 0 255 255 255 255
74 214 0 255 255 255 255
74 216 0 255 255 255 255
74 218 0 255 255 255 255
74 220 0 255 255 255 255
74 222 0 255 255 255 255
74 224 0 255 255 255 255
74 226 0 255 255 255 255
74 228 0 255 255 255 255
74 258 0 255 255 255 255
74 260 0 255 255 255 255
74 262 0 255 255 255 255
74 264 0 255 255 255 255
74 266 0 255 255 255 255
74 268 0 255 255 255 255
74 270 0 255 255 255 255
74 272 0 255 255 255 255
74 274 0 255 255 255 255
74 276 0 255 255 255 255
74 278 0 255 255 255 255
74 280 0 255 255 255 255
74 282 0 255 255 255 255
74 284 0 255 255 255 255
74 286 0 255 255 255 255
74 288 0 255 255 255 255
74 290 0 255 255 255 255
74 292 0 255 255 255 255
74 294 0 255 255 255 255
74 324 0 255 255 255 255
74 326 0 255 255 255 255
74 328 0 255 255 255 255
74 330 0 255 255 255 255
74 332 0 255 255 255 255
74 334 0 255 255 255 255
74 336 0 255 255 255 255
74 338 0 255 255 255 255
74 340 0 255 255 255 255
74 342 0 255 255 255 255
74 344 0 255 255 255 255
74 346 0 255 255 255 255
74 348 0 255 255 255 255
74 350 0 255 255 255 255
74 352 0 255 255 255 255
74 354 0 255 255 255 255
74 356 0 255 255 255 255
74 358 0 255 255 255 255
74 360 0 255 255 255 255
74 362 0 255 255 255 255
74 392 0 255 255 255 255
74 394 0 255 255 255 255
74 396 0 255 255 255 255
74 398 0 255 255 255 255
74 400 0 255 255 255 255
74 402 0 255 255 255 255
74 404 0 255 255 255 255
74 406 0 255 255 255 255
74 408 0 255 255 255 255
74 410 0 255 255 255 255
74 412 0 255 255 255 255
74 414 0 255 255 255 255
74 416 0 255 255 255 255
74 418 0 255 255 255 255
74 420 0 255 255 255 255
74 422 0 255 255 255 255
74 424 0 255 255 255 255
74 426 0 255 255 255 255
74 428 0 255 255 255 255
76 58 0 255 255 255 255
76 60 0 255 255 255 255
76 62 0 255 255 255 255
76 64 0 255 255 255 255
76 66 0 255 255 255 255
76 68 0 255 255 255 255
76 70 0 255 255 255 255
76 72 0 255 255 255 255
76 74 0 255 255 255 255
76 128 0 255 255 255 255
76 130 0 255 255 255 255
76 132 0 255 255 255 255
76 134 0 255 255 255 255
76 136 0 255 255 255 255
76 144 0 255 255 255 255
76 146 0 255 255 255 255
76 148 0 255 255 255 255
76 150 0 255 255 255 255
76 152 0 255 255 255 255
76 154 0 255 255 255 255
76 156 0 255 255 255 255
76 158 0 255 255 255 255
76 194 0 255 255 255 255
76 196 0 255 255 255 255
76 198 0 255 255 255 255
76 200 0 255 255 255 255
76 202 0 255 255 255 255
76 204 0 255 255 255 255
76 206 0 255 255 255 255
76 208 0 255 255 255 255
76 210 0 255 255 255 255
76 258 0 255 255 255 255
76 260 0 255 255 255 255
76 262 0 255 255 255 255
76 264 0 255 255 255 255
76 266 0 255 255 255 255
76 268 0 255 255 255 255
76 270 0 255 255 255 255
76 272 0 255 255 255 255
76 274 0 255 255 255 255
76 276 0 255 255 255 255
76 278 0 255 255 255 255
76 280 0 255 255 255 255
76 282 0 255 255 255 255
76 284 0 255 255 255 255
76 286 0 255 255 255 255
76 288 0 255 255 255 255
76 290 0 255 255 255 255
76 292 0 255 255 255 255
76 294 0 255 255 255 255
76 324 0 255 255 255 255
76 326 0 255 255 255 255
76 328 0 255 255 255 255
76 330 0 255 255 255 255
76 332 0 255 255 255 255
76 334 0 255 255 255 255
76 336 0 255 255 255 255
76 338 0 255 255 255 255
76 340 0 255 255 255 255
76 342 0 255 255 255 255
76 344 0 255 255 255 255
76 346 0 255 255 255 255
76 348 0 255 255 255 255
76 350 0 255 255 255 255
76 352 0 255 255 255 255
76 354 0 255 255 255 255
76 356 0 255 255 255 255
76 358 0 255 255 255 255
76 360 0 255 255 255 255
76 362 0 255 255 255 255
76 392 0 255 255 255 255
76 394 0 255 255 255 255
76 396 0 255 255 255 255
76 398 0 255 255 255 255
76 400 0 255 255 255 255
76 402 0 255 255 255 255
76 404 0 255 255 255 255
76 406 0 255 255 255 255
76 408 0 255 255 255 255
76 410 0 255 255 255 255
76 412 0 255 255 255 255
76 414 0 255 255 255 255
76 416 0 255 255 255 255
76 418 0 255 255 255 255
76 420 0 255 255 255 255
76 422 0 255 255 255 255
76 424 0 255 255 255 255
76 426 0 255 255 255 255
76 428 0 255 255 255 255
78 58 0 255 255 255 255
78 60 0 255 255 255 255
78 62 0 255 255 255 255
78 64 0 255 255 255 255
78 204 0 255 255 255 255
78 206 0 255 255 255 255
78 208 0 255 255 255 255
78 210 0 255 255 255 255
78 212 0 255 255 255 255
78 214 0 255 255 255 255
78 216 0 255 255 255 255
78 218 0 255 255 255 255
78 220 0 255 255 255 255
78 222 0 255 255 255 255
78 258 0 255 255 255 255
78 260 0 255 255 255 255
78 262 0 255 255 255 255
78 272 0 255 255 255 255
78 274 0 255 255 255 255
78 276 0 255 255 255 255
78 290 0 255 255 255 255
78 292 0 255 255 255 255
78 294 0 255 255 255 255
78 324 0 255 255 255 255
78 326 0 255 255 255 255
78 328 0 255 255 255 255
78 340 0 255 255 255 255
78 342 0 255 255 255 255
80 192 0 255 255 255 255
80 194 0 255 255 255 255
80 196 0 255 255 255 255
80 198 0 255 255 255 255
80 200 0 255 255 255 255
80 202 0 255 255 255 255
80 204 0 255 255 255 255
80 206 0 255 255 255 255
80 208 0 255 255 255 255
80 210 0 255 255 255 255
80 212 0 255 255 255 255
80 214 0 255 255 255 255
80 216 0 255 255 255 255
80 218 0 255 255 255 255
80 220 0 255 255 255 255
80 222 0 255 255 255 255
80 224 0 255 255 255 255
80 226 0 255 255 255 255
80 228 0 255 255 255 255
80 258 0 255 255 255 255
80 260 0 255 255 255 255
80 262 0 255 255 255 255
80 264 0 255 255 255 255
80 266 0 255 255 255 255
80 268 0 255 255 255 255
80 270 0 255 255 255 255
80 272 0 255 255 255 255
80 274 0 255 255 255 255
80 276 0 255 255 255 255
80 278 0 255 255 255 255
80 280 0 255 255 255 255
80 282 0 255 255 255 255
80 284 0 255 255 255 255
80 286 0 255 255 255 255
80 288 0 255 255 255 255
80 290 0 255 255 255 255
80 292 0 255 255 255 255
80 294 0 255 255 255 255
80 324 0 255 255 255 255
80 326 0 255 255 255 255
80 328 0 255 255 255 255
80 340 0 255 255 255 255
80 342 0 255 255 255 255
80 390 0 255 255 255 255
80 392 0 255 255 255 255
80 394 0 255 255 255 255
80 396 0 255 255 255 255
80 398 0 255 255 255 255
80 400 0 255 255 255 255
80 402 0 255 255 255 255
80 404 0 255 255 255 255
80 406 0 255 255 255 255
80 408 0 255 255 255 255
80 410 0 255 255 255 255
80 412 0 255 255 255 255
80 414 0 255 255 255 255
80 416 0 255 255 255 255
80 418 0 255 255 255 255
80 420 0 255 255 255 255
80 422 0 255 255 255 255
80 424 0 255 255 255 255
80 426 0 255 255 255 255
80 428 0 255 255 255 255
82 58 0 255 255 255 255
82 60 0 255 255 255 255
82 62 0 255 255 255 255
82 64 0 255 255 255 255
82 66 0 255 255 255 255
82 68 0 255 255 255 255
82 70 0 255 255 255 255
82 72 0 255 255 255 255
82 74 0 255 255 255 255
82 76 0 255 255 255 255
82 78 0 255 255 255 255
82 80 0 255 255 255 255
82 82 0 255 255 255 255
82 84 0 255 255 255 255
82 86 0 255 255 255 255
82 88 0 255 255 255 255
82 90 0 255 255 255 255
82 92 0 255 255 255 255
82 94 0 255 255 255 255
82 192 0 255 255 255 255
82 194 0 255 255 255 255
82 196 0 255 255 255 255
82 198 0 255 255 255 255
82 200 0 255 255 255 255
82 202 0 255 255 255 255
82 204 0 255 255 255 255
82 206 0 255 255 255 255
82 208 0 255 255 255 255
82 210 0 255 255 255 255
82 212 0 255 255 255 255
82 214 0 255 255 255 255
82 216 0 255 255 255 255
82 218 0 255 255 255 255
82 220 0 255 255 255 255
82 222 0 255 255 255 255
82 224 0 255 255 255 255
82 226 0 255 255 255 255
82 228 0 255 255 255 255
82 258 0 255 255 255 255
82 260 0 255 255 255 255
82 262 0 255 255 255 255
82 264 0 255 255 255 255
82 266 0 255 255 255 255
82 268 0 255 255 255 255
82 270 0 255 255 255 255
82 272 0 255 255 255 255
82 274 0 255 255 255 255
82 276 0 255 255 255 255
82 278 0 255 255 255 255
82 280 0 255 255 255 255
82 282 0 255 255 255 255
82 284 0 255 255 255 255
82 286 0 255 255 255 255
82 288 0 255 255 255 255
82 290 0 255 255 255 255
82 292 0 255 255 255 255
82 294 0 255 255 255 255
82 390 0 255 255 255 255
82 392 0 255 255 255 255
82 394 0 255 255 255 255
82 396 0 255 255 255 255
82 398 0 255 255 255 255
82 400 0 255 255 255 255
82 402 0 255 255 255 255
82 404 0 255 255 255 255
82 406 0 255 255 255 255
82 408 0 255 255 255 255
82 410 0 255 255 255 255
82 412 0 255 255 255 255
82 414 0 255 255 255 255
82 416 0 255 255 255 255
82 418 0 255 255 255 255
82 420 0 255 255 255 255
82 422 0 255 255 255 255
82 424 0 255 255 255 255
82 426 0 255 255 255 255
82 428 0 255 255 255 255
84 58 0 255 255 255 255
84 60 0 255 255 255 255
84 62 0 255 255 255 255
84 64 0 255 255 255 255
84 66 0 255 255 255 255
84 68 0 255 255 255 255
84 70 0 255 255 255 255
84 72 0 255 255 255 255
84 74 0 255 255 255 255
84 76 0 255 255 255 255
84 78 0 255 255 255 255
84 80 0 255 255 255 255
84 82 0 255 255 255 255
84 84 0 255 255 255 255
84 86 0 255 255 255 255
84 88 0 255 255 255 255
84 90 0 255 255 255 255
84 92 0 255 255 255 255
84 94 0 255 255 255 255
84 192 0 255 255 255 255
84 194 0 255 255 255 255
84 196 0 255 255 255 255
84 198 0 255 255 255 255
84 200 0 255 255 255 255
84 202 0 255 255 255 255
84 204 0 255 255 255 255
84 206 0 255 255 255 255
84 208 0 255 255 255 255
84 210 0 255 255 255 255
84 212 0 255 255 255 255
84 214 0 255 255 255 255
84 216 0 255 255 255 255
84 218 0 255 255 255 255
84 220 0 255 255 255 255
84 222 0 255 255 255 255
84 224 0 255 255 255 255
84 226 0 255 255 255 255
84 228 0 255 255 255 255
84 260 0 255 255 255 255
84 262 0 255 255 255 255
84 264 0 255 255 255 255
84 266 0 255 255 255 255
84 268 0 255 255 255 255
84 270 0 255 255 255 255
84 272 0 255 255 255 255
84 278 0 255 255 255 255
84 280 0 255 255 255 255
84 282 0 255 255 255 255
84 284 0 255 255 255 255
84 286 0 255 255 255 255
84 288 0 255 255 255 255
84 290 0 255 255 255 255
84 292 0 255 255 255 255
84 390 0 255 255 255 255
84 392 0 255 255 255 255
84 394 0 255 255 255 255
84 396 0 255 255 255 255
84 398 0 255 255 255 255
84 400 0 255 255 255 255
84 402 0 255 255 255 255
84 404 0 255 255 255 255
84 406 0 255 255 255 255
84 408 0 255 255 255 255
84 410 0 255 255 255 255
84 412 0 255 255 255 255
84 414 0 255 255 255 255
84 416 0 255 255 255 255
84 418 0 255 255 255 255
84 420 0 255 255 255 255
84 422 0 255 255 255 255
84 424 0 255 255 255 255
84 426 0 255 255 255 255
84 428 0 255 255 255 255
86 58 0 255 255 255 255
86 60 0 255 255 255 255
86 62 0 255 255 255 255
86 64 0 255 255 255 255
86 66 0 255 255 255 255
86 68 0 255 255 255 255
86 70 0 255 255 255 255
86 72 0 255 255 255 255
86 74 0 255 255 255 255
86 76 0 255 255 255 255
86 78 0 255 255 255 255
86 80 0 255 255 255 255
86 82 0 255 255 255 255
86 84 0 255 255 255 255
86 86 0 255 255 255 255
86 88 0 255 255 255 255
86 90 0 255 255 255 255
86 92 0 255 255 255 255
86 94 0 255 255 255 255
86 390 0 255 255 255 255
86 392 0 255 255 255 255
86 394 0 255 255 255 255
86 408 0 255 255 255 255
86 410 0 255 255 255 255
86 412 0 255 255 255 255
88 58 0 255 255 255 255
88 60 0 255 255 255 255
88 62 0 255 255 255 255
88 78 0 255 255 255 255
88 80 0 255 255 255 255
88 82 0 255 255 255 255
88 280 0 255 255 255 255
88 282 0 255 255 255 255
88 284 0 255 255 255 255
88 286 0 255 255 255 255
88 288 0 255 255 255 255
88 290 0 255 255 255 255
88 292 0 255 255 255 255
88 392 0 255 255 255 255
88 394 0 255 255 255 255
88 396 0 255 255 255 255
88 406 0 255 255 255 255
88 408 0 255 255 255 255
88 410 0 255 255 255 255
88 412 0 255 255 255 255
88 414 0 255 255 255 255
90 58 0 255 255 255 255
90 60 0 255 255 255 255
90 62 0 255 255 255 255
90 64 0 255 255 255 255
90 66 0 255 255 255 255
90 68 0 255 255 255 255
90 70 0 255 255 255 255
90 72 0 255 255 255 255
90 74 0 255 255 255 255
90 76 0 255 255 255 255
90 78 0 255 255 255 255
90 80 0 255 255 255 255
90 280 0 255 255 255 255
90 282 0 255 255 255 255
90 284 0 255 255 255 255
90 286 0 255 255 255 255
90 288 0 255 255 255 255
90 290 0 255 255 255 255
90 292 0 255 255 255 255
90 294 0 255 255 255 255
90 392 0 255 255 255 255
90 394 0 255 255 255 255
90 396 0 255 255 255 255
90 398 0 255 255 255 255
90 400 0 255 255 255 255
90 402 0 255 255 255 255
90 404 0 255 255 255 255
90 406 0 255 255 255 255
90 408 0 255 255 255 255
90 410 0 255 255 255 255
90 412 0 255 255 255 255
90 414 0 255 255 255 255
90 416 0 255 255 255 255
90 418 0 255 255 255 255
90 420 0 255 255 255 255
90 422 0 255 255 255 255
90 424 0 255 255 255 255
90 426 0 255 255 255 255
90 428 0 255 255 255 255
92 58 0 255 255 255 255
92 60 0 255 255 255 255
92 62 0 255 255 255 255
92 64 0 255 255 255 255
92 66 0 255 255 255 255
92 68 0 255 255 255 255
92 70 0 255 255 255 255
92 72 0 255 255 255 255
92 74 0 255 255 255 255
92 76 0 255 255 255 255
92 78 0 255 255 255 255
92 80 0 255 255 255 255
92 280 0 255 255 255 255
92 282 0 255 255 255 255
92 284 0 255 255 255 255
92 286 0 255 255 255 255
92 288 0 255 255 255 255
92 290 0 255 255 255 255
92 292 0 255 255 255 255
92 294 0 255 255 255 255
92 392 0 255 255 255 255
92 394 0 255 255 255 255
92 396 0 255 255 255 255
92 398 0 255 255 255 255
92 400 0 255 255 255 255
92 402 0 255 255 255 255
92 404 0 255 255 255 255
92 406 0 255 255 255 255
92 408 0 255 255 255 255
92 410 0 255 255 255 255
92 412 0 255 255 255 255
92 414 0 255 255 255 255
92 416 0 255 255 255 255
92 418 0 255 255 255 255
92 420 0 255 255 255 255
92 422 0 255 255 255 255
92 424 0 255 255 255 255
92 426 0 255 255 255 255
92 428 0 255 255 255 255
94 58 0 255 255 255 255
94 60 0 255 255 255 255
94 62 0 255 255 255 255
94 64 0 255 255 255 255
94 66 0 255 255 255 255
94 68 0 255 255 255 255
94 70 0 255 255 255 255
94 72 0 255 255 255 255
94 74 0 255 255 255 255
94 76 0 255 255 255 255
94 78 0 255 255 255 255
94 80 0 255 255 255 255
94 292 0 255 255 255 255
94 294 0 255 255 255 255
94 394 0 255 255 255 255
94 396 0 255 255 255 255
94 398 0 255 255 255 255
94 400 0 255 255 255 255
94 402 0 255 255 255 255
94 404 0 255 255 255 255
94 406 0 255 255 255 255
94 412 0 255 255 255 255
94 414 0 255 255 255 255
94 416 0 255 255 255 255
94 418 0 255 255 255 255
94 420 0 255 255 255 255
94 422 0 255 255 255 255
94 424 0 255 255 255 255
94 426 0 255 255 255 255
94 428 0 255 255 255 255
96 62 0 255 255 255 255
96 64 0 255 255 255 255
96 66 0 255 255 255 255
96 68 0 255 255 255 255
96 70 0 255 255 255 255
96 72 0 255 255 255 255
96 74 0 255 255 255 255
96 76 0 255 255 255 255
96 78 0 255 255 255 255
96 258 0 255 255 255 255
96 260 0 255 255 255 255
96 262 0 255 255 255 255
96 264 0 255 255 255 255
96 266 0 255 255 255 255
96 268 0 255 255 255 255
96 270 0 255 255 255 255
96 272 0 255 255 255 255
96 274 0 255 255 255 255
96 276 0 255 255 255 255
96 278 0 255 255 255 255
96 280 0 255 255 255 255
96 282 0 255 255 255 255
96 284 0 255 255 255 255
96 286 0 255 255 255 255
96 288 0 255 255 255 255
96 290 0 255 255 255 255
96 292 0 255 255 255 255
96 294 0 255 255 255 255
98 258 0 255 255 255 255
98 260 0 255 255 255 255
98 262 0 255 255 255 255
98 264 0 255 255 255 255
98 266 0 255 255 255 255
98 268 0 255 255 255 255
98 270 0 255 255 255 255
98 272 0 255 255 255 255
98 274 0 255 255 255 255
98 276 0 255 255 255 255
98 278 0 255 255 255 255
98 280 0 255 255 255 255
98 282 0 255 255 255 255
98 284 0 255 255 255 255
98 286 0 255 255 255 255
98 288 0 255 255 255 255
98 290 0 255 255 255 255
98 292 0 255 255 255 255
98 294 0 255 255 255 255
98 394 0 255 255 255 255
98 396 0 255 255 255 255
98 398 0 255 255 255 255
98 400 0 255 255 255 255
98 402 0 255 255 255 255
98 404 0 255 255 255 255
98 406 0 255 255 255 255
98 408 0 255 255 255 255
98 410 0 255 255 255 255
98 412 0 255 255 255 255
98 414 0 255 255 255 255
98 416 0 255 255 255 255
98 418 0 255 255 255 255
98 420 0 255 255 255 255
98 422 0 255 255 255 255
98 424 0 255 255 255 255
100 58 0 255 255 255 255
100 60 0 255 255 255 255
100 62 0 255 255 255 255
100 64 0 255 255 255 255
100 66 0 255 255 255 255
100 68 0 255 255 255 255
100 70 0 255 255 255 255
100 72 0 255 255 255 255
100 74 0 255 255 255 255
100 76 0 255 255 255 255
100 78 0 255 255 255 255
100 80 0 255 255 255 255
100 82 0 255 255 255 255
100 84 0 255 255 255 255
100 86 0 255 255 255 255
100 88 0 255 255 255 255
100 90 0 255 255 255 255
100 92 0 255 255 255 255
100 94 0 255 255 255 255
100 258 0 255 255 255 255
100 260 0 255 255 255 255
100 262 0 255 255 255 255
100 264 0 255 255 255 255
100 266 0 255 255 255 255
100 268 0 255 255 255 255
100 270 0 255 255 255 255
100 272 0 255 255 255 255
100 274 0 255 255 255 255
100 276 0 255 255 255 255
100 278 0 255 255 255 255
100 280 0 255 255 255 255
100 282 0 255 255 255 255
100 284 0 255 255 255 255
100 286 0 255 255 255 255
100 288 0 255 255 255 255
100 290 0 255 255 255 255
100 292 0 255 255 255 255
100 294 0 255 255 255 255
100 392 0 255 255 255 255
100 394 0 255 255 255 255
100 396 0 255 255 255 255
100 398 0 255 255 255 255
100 400 0 255 255 255 255
100 402 0 255 255 255 255
100 404 0 255 255 255 255
100 406 0 255 255 255 255
100 408 0 255 255 255 255
100 410 0 255 255 255 255
100 412 0 255 255 255 255
100 414 0 255 255 255 255
100 416 0 255 255 255 255
100 418 0 255 255 255 255
100 420 0 255 255 255 255
100 422 0 255 255 255 255
100 424 0 255 255 255 255
100 426 0 255 255 255 255
100 428 0 255 255 255 255
102 58 0 255 255 255 255
102 60 0 255 255 255 255
102 62 0 255 255 255 255
102 64 0 255 255 255 255
102 66 0 255 255 255 255
102 68 0 255 255 255 255
102 70 0 255 255 255 255
102 72 0 255 255 255 255
102 74 0 255 255 255 255
102 76 0 255 255 255 255
102 78 0 255 255 255 255
102 80 0 255 255 255 255
102 82 0 255 255 255 255
102 84 0 255 255 255 255
102 86 0 255 255 255 255
102 88 0 255 255 255 255
102 90 0 255 255 255 255
102 92 0 255 255 255 255
102 94 0 255 255 255 255
102 392 0 255 255 255 255
102 394 0 255 255 255 255
102 396 0 255 255 255 255
102 398 0 255 255 255 255
102 400 0 255 255 255 255
102 402 0 255 255 255 255
102 404 0 255 255 255 255
102 406 0 255 255 255 255
102 408 0 255 255 255 255
102 410 0 255 255 255 255
102 412 0 255 255 255 255
102 414 0 255 255 255 255
102 416 0 255 255 255 255
102 418 0 255 255 255 255
102 420 0 255 255 255 255
102 422 0 255 255 255 255
102 424 0 255 255 255 255
102 426 0 255 255 255 255
102 428 0 255 255 255 255
104 58 0 255 255 255 255
104 60 0 255 255 255 255
104 62 0 255 255 255 255
104 64 0 255 255 255 255
104 66 0 255 255 255 255
104 68 0 255 255 255 255
104 70 0 255 255 255 255
104 72 0 255 255 255 255
104 74 0 255 255 255 255
104 76 0 255 255 255 255
104 78 0 255 255 255 255
104 80 0 255 255 255 255
104 82 0 255 255 255 255
104 84 0 255 255 255 255
104 86 0 255 255 255 255
104 88 0 255 255 255 255
104 90 0 255 255 255 255
104 92 0 255 255 255 255
104 94 0 255 255 255 255
104 390 0 255 255 255 255
104 392 0 255 255 255 255
104 394 0 255 255 255 255
104 396 0 255 255 255 255
104 398 0 255 255 255 255
104 400 0 255 255 255 255
104 402 0 255 255 255 255
104 404 0 255 255 255 255
104 406 0 255 255 255 255
104 408 0 255 255 255 255
104 410 0 255 255 255 255
104 412 0 255 255 255 255
104 414 0 255 255 255 255
104 416 0 255 255 255 255
104 418 0 255 255 255 255
104 420 0 255 255 255 255
104 422 0 255 255 255 255
104 424 0 255 255 255 255
104 426 0 255 255 255 255
104 428 0 255 255 255 255
106 58 0 255 255 255 255
106 60 0 255 255 255 255
106 62 0 255 255 255 255
106 72 0 255 255 255 255
106 74 0 255 255 255 255
106 76 0 255 255 255 255
106 92 0 255 255 255 255
106 94 0 255 255 255 255
106 258 0 255 255 255 255
106 260 0 255 255 255 255
106 262 0 255 255 255 255
106 264 0 255 255 255 255
106 266 0 255 255 255 255
106 268 0 255 255 255 255
106 270 0 255 255 255 255
106 272 0 255 255 255 255
106 274 0 255 255 255 255
106 276 0 255 255 255 255
106 278 0 255 255 255 255
106 280 0 255 255 255 255
106 282 0 255 255 255 255
106 284 0 255 255 255 255
106 286 0 255 255 255 255
106 288 0 255 255 255 255
106 290 0 255 255 255 255
106 292 0 255 255 255 255
106 294 0 255 255 255 255
106 390 0 255 255 255 255
106 392 0 255 255 255 255
106 394 0 255 255 255 255
106 424 0 255 255 255 255
106 426 0 255 255 255 255
106 428 0 255 255 255 255
108 58 0 255 255 255 255
108 60 0 255 255 255 255
108 62 0 255 255 255 255
108 72 0 255 255 255 255
108 74 0 255 255 255 255
108 76 0 255 255 255 255
108 92 0 255 255 255 255
108 94 0 255 255 255 255
108 258 0 255 255 255 255
108 260 0 255 255 255 255
108 262 0 255 255 255 255
108 264 0 255 255 255 255
108 266 0 255 255 255 255
108 268 0 255 255 255 255
108 270 0 255 255 255 255
108 272 0 255 255 255 255
108 274 0 255 255 255 255
108 276 0 255 255 255 255
108 278 0 255 255 255 255
108 280 0 255 255 255 255
108 282 0 255 255 255 255
108 284 0 255 255 255 255
108 286 0 255 255 255 255
108 288 0 255 255 255 255
108 290 0 255 255 255 255
108 292 0 255 255 255 255
108 294 0 255 255 255 255
108 390 0 255 255 255 255
108 392 0 255 255 255 255
108 394 0 255 255 255 255
108 396 0 255 255 255 255
108 398 0 255 255 255 255
108 400 0 255 255 255 255
108 402 0 255 255 255 255
108 414 0 255 255 255 255
108 416 0 255 255 255 255
108 418 0 255 255 255 255
108 420 0 255 255 255 255
108 422 0 255 255 255 255
108 424 0 255 255 255 255
108 426 0 255 255 255 255
108 428 0 255 255 255 255
110 258 0 255 255 255 255
110 260 0 255 255 255 255
110 262 0 255 255 255 255
110 264 0 255 255 255 255
110 266 0 255 255 255 255
110 268 0 255 255 255 255
110 270 0 255 255 255 255
110 272 0 255 255 255 255
110 274 0 255 255 255 255
110 276 0 255 255 255 255
110 278 0 255 255 255 255
110 280 0 255 255 255 255
110 282 0 255 255 255 255
110 284 0 255 255 255 255
110 286 0 255 255 255 255
110 288 0 255 255 255 255
110 290 0 255 255 255 255
110 292 0 255 255 255 255
110 294 0 255 255 255 255
110 392 0 255 255 255 255
110 394 0 255 255 255 255
110 396 0 255 255 255 255
110 398 0 255 255 255 255
110 400 0 255 255 255 255
110 402 0 255 255 255 255
110 414 0 255 255 255 255
110 416 0 255 255 255 255
110 418 0 255 255 255 255
110 420 0 255 255 255 255
110 422 0 255 255 255 255
110 424 0 255 255 255 255
110 426 0 255 255 255 255
110 428 0 255 255 255 255
112 258 0 255 255 255 255
112 260 0 255 255 255 255
112 272 0 255 255 255 255
112 274 0 255 255 255 255
112 276 0 255 255 255 255
112 292 0 255 255 255 255
112 294 0 255 255 255 255
112 392 0 255 255 255 255
112 394 0 255 255 255 255
112 396 0 255 255 255 255
112 398 0 255 255 255 255
112 400 0 255 255 255 255
112 402 0 255 255 255 255
112 414 0 255 255 255 255
112 416 0 255 255 255 255
112 418 0 255 255 255 255
112 420 0 255 255 255 255
112 422 0 255 255 255 255
112 424 0 255 255 255 255
112 426 0 255 255 255 255
114 258 0 255 255 255 255
114 260 0 255 255 255 255
114 272 0 255 255 255 255
114 274 0 255 255 255 255
114 276 0 255 255 255 255
114 292 0 255 255 255 255
114 294 0 255 255 255 255
116 392 0 255 255 255 255
116 394 0 255 255 255 255
116 396 0 255 255 255 255
116 398 0 255 255 255 255
116 400 0 255 255 255 255
116 402 0 255 255 255 255
116 404 0 255 255 255 255
116 406 0 255 255 255 255
116 408 0 255 255 255 255
116 410 0 255 255 255 255
116 412 0 255 255 255 255
116 414 0 255 255 255 255
116 416 0 255 255 255 255
116 418 0 255 255 255 255
116 420 0 255 255 255 255
116 422 0 255 255 255 255
116 424 0 255 255 255 255
116 426 0 255 255 255 255
118 392 0 255 255 255 255
118 394 0 255 255 255 255
118 396 0 255 255 255 255
118 398 0 255 255 255 255
118 400 0 255 255 255 255
118 402 0 255 255 255 255
118 404 0 255 255 255 255
118 406 0 255 255 255 255
118 408 0 255 255 255 255
118 410 0 255 255 255 255
118 412 0 255 255 255 255
118 414 0 255 255 255 255
118 416 0 255 255 255 255
118 418 0 255 255 255 255
118 420 0 255 255 255 255
118 422 0 255 255 255 255
118 424 0 255 255 255 255
118 426 0 255 255 255 255
118 428 0 255 255 255 255
120 260 0 255 255 255 255
120 262 0 255 255 255 255
120 264 0 255 255 255 255
120 266 0 255 255 255 255
120 268 0 255 255 255 255
120 270 0 255 255 255 255
120 272 0 255 255 255 255
120 274 0 255 255 255 255
120 276 0 255 255 255 255
120 278 0 255 255 255 255
120 280 0 255 255 255 255
120 282 0 255 255 255 255
120 284 0 255 255 255 255
120 286 0 255 255 255 255
120 288 0 255 255 255 255
120 290 0 255 255 255 255
120 292 0 255 255 255 255
120 294 0 255 255 255 255
120 392 0 255 255 255 255
120 394 0 255 255 255 255
120 396 0 255 255 255 255
120 398 0 255 255 255 255
120 400 0 255 255 255 255
120 402 0 255 255 255 255
120 404 0 255 255 255 255
120 406 0 255 255 255 255
120 408 0 255 255 255 255
120 410 0 255 255 255 255
120 412 0 255 255 255 255
120 414 0 255 255 255 255
120 416 0 255 255 255 255
120 418 0 255 255 255 255
120 420 0 255 255 255 255
120 422 0 255 255 255 255
120 424 0 255 255 255 255
120 426 0 255 255 255 255
120 428 0 255 255 255 255
122 258 0 255 255 255 255
122 260 0 255 255 255 255
122 262 0 255 255 255 255
122 264 0 255 255 255 255
122 266 0 255 255 255 255
122 268 0 255 255 255 255
122 270 0 255 255 255 255
122 272 0 255 255 255 255
122 274 0 255 255 255 255
122 276 0 255 255 255 255
122 278 0 255 255 255 255
122 280 0 255 255 255 255
122 282 0 255 255 255 255
122 284 0 255 255 255 255
122 286 0 255 255 255 255
122 288 0 255 255 255 255
122 290 0 255 255 255 255
122 292 0 255 255 255 255
122 294 0 255 255 255 255
122 392 0 255 255 255 255
122 394 0 255 255 255 255
122 396 0 255 255 255 255
122 398 0 255 255 255 255
122 400 0 255 255 255 255
122 402 0 255 255 255 255
122 404 0 255 255 255 255
122 406 0 255 255 255 255
122 408 0 255 255 255 255
122 410 0 255 255 255 255
122 412 0 255 255 255 255
122 414 0 255 255 255 255
122 416 0 255 255 255 255
122 418 0 255 255 255 255
122 420 0 255 255 255 255
122 422 0 255 255 255 255
122 424 0 255 255 255 255
122 426 0 255 255 255 255
122 428 0 255 255 255 255
124 258 0 255 255 255 255
124 260 0 255 255 255 255
124 262 0 255 255 255 255
124 264 0 255 255 255 255
124 266 0 255 255 255 255
124 268 0 255 255 255 255
124 270 0 255 255 255 255
124 272 0 255 255 255 255
124 274 0 255 255 255 255
124 276 0 255 255 255 255
124 278 0 255 255 255 255
124 280 0 255 255 255 255
124 282 0 255 255 255 255
124 284 0 255 255 255 255
124 286 0 255 255 255 255
124 288 0 255 255 255 255
124 290 0 255 255 255 255
124 292 0 255 255 255 255
124 294 0 255 255 255 255
124 424 0 255 255 255 255
124 426 0 255 255 255 255
124 428 0 255 255 255 255
126 258 0 255 255 255 255
126 260 0 255 255 255 255
126 292 0 255 255 255 255
126 294 0 255 255 255 255
126 392 0 255 255 255 255
126 394 0 255 255 255 255
126 396 0 255 255 255 255
126 398 0 255 255 255 255
126 400 0 255 255 255 255
126 402 0 255 255 255 255
126 404 0 255 255 255 255
126 406 0 255 255 255 255
126 408 0 255 255 255 255
126 410 0 255 255 255 255
126 412 0 255 255 255 255
126 414 0 255 255 255 255
126 416 0 255 255 255 255
126 418 0 255 255 255 255
126 420 0 255 255 255 255
126 422 0 255 255 255 255
126 424 0 255 255 255 255
126 426 0 255 255 255 255
126 428 0 255 255 255 255
128 258 0 255 255 255 255
128 260 0 255 255 255 255
128 262 0 255 255 255 255
128 264 0 255 255 255 255
128 266 0 255 255 255 255
128 268 0 255 255 255 255
128 270 0 255 255 255 255
128 280 0 255 255 255 255
128 282 0 255 255 255 255
128 284 0 255 255 255 255
128 286 0 255 255 255 255
128 288 0 255 255 255 255
128 290 0 255 255 255 255
128 292 0 255 255 255 255
128 294 0 255 255 255 255
128 392 0 255 255 255 255
128 394 0 255 255 255 255
128 396 0 255 255 255 255
128 398 0 255 255 255 255
128 400 0 255 255 255 255
128 402 0 255 255 255 255
128 404 0 255 255 255 255
128 406 0 255 255 255 255
128 408 0 255 255 255 255
128 410 0 255 255 255 255
128 412 0 255 255 255 255
128 414 0 255 255 255 255
128 416 0 255 255 255 255
128 418 0 255 255 255 255
128 420 0 255 255 255 255
128 422 0 255 255 255 255
128 424 0 255 255 255 255
128 426 0 255 255 255 255
128 428 0 255 255 255 255
130 258 0 255 255 255 255
130 260 0 255 255 255 255
130 262 0 255 255 255 255
130 264 0 255 255 255 255
130 266 0 255 255 255 255
130 268 0 255 255 255 255
130 270 0 255 255 255 255
130 280 0 255 255 255 255
130 282 0 255 255 255 255
130 284 0 255 255 255 255
130 286 0 255 255 255 255
130 288 0 255 255 255 255
130 290 0 255 255 255 255
130 292 0 255 255 255 255
130 294 0 255 255 255 255
130 392 0 255 255 255 255
130 394 0 255 255 255 255
130 396 0 255 255 255 255
130 398 0 255 255 255 255
130 400 0 255 255 255 255
130 402 0 255 255 255 255
130 404 0 255 255 255 255
130 406 0 255 255 255 255
130 408 0 255 255 255 255
130 410 0 255 255 255 255
130 412 0 255 255 255 255
130 414 0 255 255 255 255
130 416 0 255 255 255 255
130 418 0 255 255 255 255
130 420 0 255 255 255 255
130 422 0 255 255 255 255
130 424 0 255 255 255 255
130 426 0 255 255 255 255
132 258 0 255 255 255 255
132 260 0 255 255 255 255
132 262 0 255 255 255 255
132 264 0 255 255 255 255
132 266 0 255 255 255 255
132 268 0 255 255 255 255
132 270 0 255 255 255 255
132 280 0 255 255 255 255
132 282 0 255 255 255 255
132 284 0 255 255 255 255
132 286 0 255 255 255 255
132 288 0 255 255 255 255
132 290 0 255 255 255 255
132 292 0 255 255 255 255
132 294 0 255 255 255 255
134 266 0 255 255 255 255
134 268 0 255 255 255 255
134 270 0 255 255 255 255
134 280 0 255 255 255 255
134 282 0 255 255 255 255
134 284 0 255 255 255 255
134 286 0 255 255 255 255
134 288 0 255 255 255 255
134 392 0 255 255 255 255
134 394 0 255 255 255 255
134 396 0 255 255 255 255
134 398 0 255 255 255 255
134 400 0 255 255 255 255
134 402 0 255 255 255 255
134 404 0 255 255 255 255
134 406 0 255 255 255 255
134 408 0 255 255 255 255
134 410 0 255 255 255 255
134 412 0 255 255 255 255
134 414 0 255 255 255 255
134 416 0 255 255 255 255
134 418 0 255 255 255 255
134 420 0 255 255 255 255
134 422 0 255 255 255 255
134 424 0 255 255 255 255
134 426 0 255 255 255 255
134 428 0 255 255 255 255
136 258 0 255 255 255 255
136 260 0 255 255 255 255
136 262 0 255 255 255 255
136 392 0 255 255 255 255
136 394 0 255 255 255 255
136 396 0 255 255 255 255
136 398 0 255 255 255 255
136 400 0 255 255 255 255
136 402 0 255 255 255 255
136 404 0 255 255 255 255
136 406 0 255 255 255 255
136 408 0 255 255 255 255
136 410 0 255 255 255 255
136 412 0 255 255 255 255
136 414 0 255 255 255 255
136 416 0 255 255 255 255
136 418 0 255 255 255 255
136 420 0 255 255 255 255
136 422 0 255 255 255 255
136 424 0 255 255 255 255
136 426 0 255 255 255 255
136 428 0 255 255 255 255
138 258 0 255 255 255 255
138 260 0 255 255 255 255
138 262 0 255 255 255 255
138 392 0 255 255 255 255
138 394 0 255 255 255 255
138 396 0 255 255 255 255
138 398 0 255 255 255 255
138 400 0 255 255 255 255
138 402 0 255 255 255 255
138 404 0 255 255 255 255
138 406 0 255 255 255 255
138 408 0 255 255 255 255
138 410 0 255 255 255 255
138 412 0 255 255 255 255
138 414 0 255 255 255 255
138 416 0 255 255 255 255
138 418 0 255 255 255 255
138 420 0 255 255 255 255
138 422 0 255 255 255 255
138 424 0 255 255 255 255
138 426 0 255 255 255 255
138 428 0 255 255 255 255
140 258 0 255 255 255 255
140 260 0 255 255 255 255
140 262 0 255 255 255 255
140 264 0 255 255 255 255
140 266 0 255 255 255 255
140 268 0 255 255 255 255
140 270 0 255 255 255 255
140 272 0 255 255 255 255
140 274 0 255 255 255 255
140 276 0 255 255 255 255
140 278 0 255 255 255 255
140 280 0 255 255 255 255
140 282 0 255 255 255 255
140 284 0 255 255 255 255
140 286 0 255 255 255 255
140 288 0 255 255 255 255
140 290 0 255 255 255 255
140 292 0 255 255 255 255
140 294 0 255 255 255 255
140 392 0 255 255 255 255
140 394 0 255 255 255 255
140 396 0 255 255 255 255
140 398 0 255 255 255 255
140 400 0 255 255 255 255
140 402 0 255 255 255 255
140 404 0 255 255 255 255
140 406 0 255 255 255 255
142 258 0 255 255 255 255
142 260 0 255 255 255 255
142 262 0 255 255 255 255
142 264 0 255 255 255 255
142 266 0 255 255 255 255
142 268 0 255 255 255 255
142 270 0 255 255 255 255
142 272 0 255 255 255 255
142 274 0 255 255 255 255
142 276 0 255 255 255 255
142 278 0 255 255 255 255
142 280 0 255 255 255 255
142 282 0 255 255 255 255
142 284 0 255 255 255 255
142 286 0 255 255 255 255
142 288 0 255 255 255 255
142 290 0 255 255 255 255
142 292 0 255 255 255 255
142 294 0 255 255 255 255
142 394 0 255 255 255 255
142 396 0 255 255 255 255
142 398 0 255 255 255 255
142 400 0 255 255 255 255
142 402 0 255 255 255 255
142 404 0 255 255 255 255
142 406 0 255 255 255 255
142 408 0 255 255 255 255
142 410 0 255 255 255 255
142 412 0 255 255 255 255
142 414 0 255 255 255 255
142 416 0 255 255 255 255
142 418 0 255 255 255 255
142 420 0 255 255 255 255
142 422 0 255 255 255 255
142 424 0 255 255 255 255
144 258 0 255 255 255 255
144 260 0 255 255 255 255
144 262 0 255 255 255 255
144 264 0 255 255 255 255
144 266 0 255 255 255 255
144 268 0 255 255 255 255
144 270 0 255 255 255 255
144 272 0 255 255 255 255
144 274 0 255 255 255 255
144 276 0 255 255 255 255
144 278 0 255 255 255 255
144 280 0 255 255 255 255
144 282 0 255 255 255 255
144 284 0 255 255 255 255
144 286 0 255 255 255 255
144 288 0 255 255 255 255
144 290 0 255 255 255 255
144 292 0 255 255 255 255
144 294 0 255 255 255 255
144 410 0 255 255 255 255
144 412 0 255 255 255 255
144 414 0 255 255 255 255
144 416 0 255 255 255 255
144 418 0 255 255 255 255
144 420 0 255 255 255 255
144 422 0 255 255 255 255
144 424 0 255 255 255 255
144 426 0 255 255 255 255
144 428 0 255 255 255 255
146 258 0 255 255 255 255
146 260 0 255 255 255 255
146 262 0 255 255 255 255
146 396 0 255 255 255 255
146 398 0 255 255 255 255
146 400 0 255 255 255 255
146 402 0 255 255 255 255
146 404 0 255 255 255 255
146 406 0 255 255 255 255
146 408 0 255 255 255 255
146 410 0 255 255 255 255
146 412 0 255 255 255 255
146 414 0 255 255 255 255
146 416 0 255 255 255 255
146 418 0 255 255 255 255
146 420 0 255 255 255 255
146 422 0 255 255 255 255
146 424 0 255 255 255 255
146 426 0 255 255 255 255
148 258 0 255 255 255 255
148 260 0 255 255 255 255
148 262 0 255 255 255 255
148 392 0 255 255 255 255
148 394 0 255 255 255 255
148 396 0 255 255 255 255
148 398 0 255 255 255 255
148 400 0 255 255 255 255
148 402 0 255 255 255 255
148 404 0 255 255 255 255
148 406 0 255 255 255 255
148 408 0 255 255 255 255
150 392 0 255 255 255 255
150 394 0 255 255 255 255
150 396 0 255 255 255 255
150 398 0 255 255 255 255
150 400 0 255 255 255 255
150 402 0 255 255 255 255
150 404 0 255 255 255 255
150 406 0 255 255 255 255
150 408 0 255 255 255 255
150 410 0 255 255 255 255
150 412 0 255 255 255 255
150 414 0 255 255 255 255
150 416 0 255 255 255 255
150 418 0 255 255 255 255
150 420 0 255 255 255 255
150 422 0 255 255 255 255
150 424 0 255 255 255 255
150 426 0 255 255 255 255
150 428 0 255 255 255 255
152 392 0 255 255 255 255
152 394 0 255 255 255 255
152 396 0 255 255 255 255
152 398 0 255 255 255 255
152 400 0 255 255 255 255
152 402 0 255 255 255 255
152 404 0 255 255 255 255
152 406 0 255 255 255 255
152 408 0 255 255 255 255
152 410 0 255 255 255 255
152 412 0 255 255 255 255
152 414 0 255 255 255 255
152 416 0 255 255 255 255
152 418 0 255 255 255 255
152 420 0 255 255 255 255
152 422 0 255 255 255 255
152 424 0 255 255 255 255
152 426 0 255 255 255 255
152 428 0 255 255 255 255
154 392 0 255 255 255 255
154 394 0 255 255 255 255
154 396 0 255 255 255 255
154 398 0 255 255 255 255
154 400 0 255 255 255 255
154 402 0 255 255 255 255
154 404 0 255 255 255 255
154 406 0 255 255 255 255
154 408 0 255 255 255 255
154 410 0 255 255 255 255
154 412 0 255 255 255 255
154 414 0 255 255 255 255
154 416 0 255 255 255 255
154 418 0 255 255 255 255
154 420 0 255 255 255 255
154 422 0 255 255 255 255
154 424 0 255 255 255 255
154 426 0 255 255 255 255
154 428 0 255 255 255 255
158 394 0 255 255 255 255
158 396 0 255 255 255 255
158 398 0 255 255 255 255
158 400 0 255 255 255 255
158 402 0 255 255 255 255
158 404 0 255 255 255 255
158 406 0 255 255 255 255
158 414 0 255 255 255 255
158 416 0 255 255 255 255
158 418 0 255 255 255 255
158 420 0 255 255 255 255
158 422 0 255 255 255 255
158 424 0 255 255 255 255
160 392 0 255 255 255 255
160 394 0 255 255 255 255
160 396 0 255 255 255 255
160 398 0 255 255 255 255
160 400 0 255 255 255 255
160 402 0 255 255 255 255
160 404 0 255 255 255 255
160 406 0 255 255 255 255
160 408 0 255 255 255 255
160 414 0 255 255 255 255
160 416 0 255 255 255 255
160 418 0 255 255 255 255
160 420 0 255 255 255 255
160 422 0 255 255 255 255
160 424 0 255 255 255 255
160 426 0 255 255 255 255
160 428 0 255 255 255 255
162 392 0 255 255 255 255
162 394 0 255 255 255 255
162 396 0 255 255 255 255
162 398 0 255 255 255 255
162 400 0 255 255 255 255
162 402 0 255 255 255 255
162 404 0 255 255 255 255
162 406 0 255 255 255 255
162 408 0 255 255 255 255
162 414 0 255 255 255 255
162 416 0 255 255 255 255
162 418 0 255 255 255 255
162 420 0 255 255 255 255
162 422 0 255 255 255 255
162 424 0 255 255 255 255
162 426 0 255 255 255 255
162 428 0 255 255 255 255
164 390 0 255 255 255 255
164 392 0 255 255 255 255
164 394 0 255 255 255 255
164 396 0 255 255 255 255
164 398 0 255 255 255 255
164 400 0 255 255 255 255
164 402 0 255 255 255 255
164 404 0 255 255 255 255
164 406 0 255 255 255 255
164 408 0 255 255 255 255
164 410 0 255 255 255 255
164 414 0 255 255 255 255
164 416 0 255 255 255 255
164 418 0 255 255 255 255
164 420 0 255 255 255 255
164 422 0 255 255 255 255
164 424 0 255 255 255 255
164 426 0 255 255 255 255
164 428 0 255 255 255 255
166 390 0 255 255 255 255
166 392 0 255 255 255 255
166 394 0 255 255 255 255
166 406 0 255 255 255 255
166 408 0 255 255 255 255
166 410 0 255 255 255 255
166 412 0 255 255 255 255
166 424 0 255 255 255 255
166 426 0 255 255 255 255
166 428 0 255 255 255 255
168 392 0 255 255 255 255
168 394 0 255 255 255 255
168 396 0 255 255 255 255
168 398 0 255 255 255 255
168 400 0 255 255 255 255
168 402 0 255 255 255 255
168 408 0 255 255 255 255
168 410 0 255 255 255 255
168 412 0 255 255 255 255
168 414 0 255 255 255 255
168 416 0 255 255 255 255
168 418 0 255 255 255 255
168 420 0 255 255 255 255
168 422 0 255 255 255 255
168 424 0 255 255 255 255
168 426 0 255 255 255 255
168 428 0 255 255 255 255
170 392 0 255 255 255 255
170 394 0 255 255 255 255
170 396 0 255 255 255 255
170 398 0 255 255 255 255
170 400 0 255 255 255 255
170 402 0 255 255 255 255
170 408 0 255 255 255 255
170 410 0 255 255 255 255
170 412 0 255 255 255 255
170 414 0 255 255 255 255
170 416 0 255 255 255 255
170 418 0 255 255 255 255
170 420 0 255 255 255 255
170 422 0 255 255 255 255
170 424 0 255 255 255 255
170 426 0 255 255 255 255
170 428 0 255 255 255 255
172 394 0 255 255 255 255
172 396 0 255 255 255 255
172 398 0 255 255 255 255
172 400 0 255 255 255 255
172 402 0 255 255 255 255
172 410 0 255 255 255 255
172 412 0 255 255 255 255
172 414 0 255 255 255 255
172 416 0 255 255 255 255
172 418 0 255 255 255 255
172 420 0 255 255 255 255
172 422 0 255 255 255 255
172 424 0 255 255 255 255
172 426 0 255 255 255 255
176 392 0 255 255 255 255
176 394 0 255 255 255 255
178 392 0 255 255 255 255
178 394 0 255 255 255 255
178 396 0 255 255 255 255
178 398 0 255 255 255 255
178 400 0 255 255 255 255
178 402 0 255 255 255 255
178 404 0 255 255 255 255
178 406 0 255 255 255 255
178 408 0 255 255 255 255
178 410 0 255 255 255 255
178 412 0 255 255 255 255
178 414 0 255 255 255 255
178 416 0 255 255 255 255
178 418 0 255 255 255 255
178 420 0 255 255 255 255
178 422 0 255 255 255 255
178 424 0 255 255 255 255
178 426 0 255 255 255 255
178 428 0 255 255 255 255
180 392 0 255 255 255 255
180 394 0 255 255 255 255
180 396 0 255 255 255 255
180 398 0 255 255 255 255
180 400 0 255 255 255 255
180 402 0 255 255 255 255
180 404 0 255 255 255 255
180 406 0 255 255 255 255
180 408 0 255 255 255 255
180 410 0 255 255 255 255
180 412 0 255 255 255 255
180 414 0 255 255 255 255
180 416 0 255 255 255 255
180 418 0 255 255 255 255
180 420 0 255 255 255 255
180 422 0 255 255 255 255
180 424 0 255 255 255 255
180 426 0 255 255 255 255
180 428 0 255 255 255 255
182 392 0 255 255 255 255
182 394 0 255 255 255 255
182 396 0 255 255 255 255
182 398 0 255 255 255 255
182 400 0 255 255 255 255
182 402 0 255 255 255 255
182 404 0 255 255 255 255
182 406 0 255 255 255 255
182 408 0 255 255 255 255
182 410 0 255 255 255 255
182 412 0 255 255 255 255
182 414 0 255 255 255 255
182 416 0 255 255 255 255
182 418 0 255 255 255 255
182 420 0 255 255 255 255
182 422 0 255 255 255 255
182 424 0 255 255 255 255
182 426 0 255 255 255 255
182 428 0 255 255 255 255
184 392 0 255 255 255 255
184 394 0 255 255 255 255
184 396 0 255 255 255 255
184 398 0 255 255 255 255
184 400 0 255 255 255 255
184 402 0 255 255 255 255
184 404 0 255 255 255 255
184 406 0 255 255 255 255
184 408 0 255 255 255 255
184 410 0 255 255 255 255
184 412 0 255 255 255 255
184 414 0 255 255 255 255
184 416 0 255 255 255 255
184 418 0 255 255 255 255
184 420 0 255 255 255 255
184 422 0 255 255 255 255
184 424 0 255 255 255 255
184 426 0 255 255 255 255
184 428 0 255 255 255 255
186 392 0 255 255 255 255
186 394 0 255 255 255 255
188 424 0 255 255 255 255
188 426 0 255 255 255 255
188 428 0 255 255 255 255
190 404 0 255 255 255 255
190 406 0 255 255 255 255
190 408 0 255 255 255 255
190 410 0 255 255 255 255
190 412 0 255 255 255 255
190 414 0 255 255 255 255
190 416 0 255 255 255 255
190 418 0 255 255 255 255
190 420 0 255 255 255 255
190 422 0 255 255 255 255
190 424 0 255 255 255 255
190 426 0 255 255 255 255
190 428 0 255 255 255 255
192 392 0 255 255 255 255
192 394 0 255 255 255 255
192 396 0 255 255 255 255
192 398 0 255 255 255 255
192 400 0 255 255 255 255
192 402 0 255 255 255 255
192 404 0 255 255 255 255
192 406 0 255 255 255 255
192 408 0 255 255 255 255
192 410 0 255 255 255 255
192 412 0 255 255 255 255
192 414 0 255 255 255 255
192 416 0 255 255 255 255
192 418 0 255 255 255 255
192 420 0 255 255 255 255
192 422 0 255 255 255 255
192 424 0 255 255 255 255
192 426 0 255 255 255 255
192 428 0 255 255 255 255
194 392 0 255 255 255 255
194 394 0 255 255 255 255
194 396 0 255 255 255 255
194 398 0 255 255 255 255
194 400 0 255 255 255 255
194 402 0 255 255 255 255
194 404 0 255 255 255 255
194 406 0 255 255 255 255
194 408 0 255 255 255 255
194 410 0 255 255 255 255
194 412 0 255 255 255 255
194 414 0 255 255 255 255
194 416 0 255 255 255 255
194 418 0 255 255 255 255
194 420 0 255 255 255 255
194 422 0 255 255 255 255
194 424 0 255 255 255 255
196 392 0 255 255 255 255
196 394 0 255 255 255 255
196 396 0 255 255 255 255
196 398 0 255 255 255 255
196 400 0 255 255 255 255
196 416 0 255 255 255 255
196 418 0 255 255 255 255
196 420 0 255 255 255 255
198 392 0 255 255 255 255
198 394 0 255 255 255 255
198 396 0 255 255 255 255
198 398 0 255 255 255 255
198 400 0 255 255 255 255
198 402 0 255 255 255 255
198 404 0 255 255 255 255
198 406 0 255 255 255 255
198 408 0 255 255 255 255
198 410 0 255 255 255 255
198 412 0 255 255 255 255
198 414 0 255 255 255 255
198 416 0 255 255 255 255
198 418 0 255 255 255 255
198 420 0 255 255 255 255
198 422 0 255 255 255 255
198 424 0 255 255 255 255
198 426 0 255 255 255 255
198 428 0 255 255 255 255
200 392 0 255 255 255 255
200 394 0 255 255 255 255
200 396 0 255 255 255 255
200 398 0 255 255 255 255
200 400 0 255 255 255 255
200 402 0 255 255 255 255
200 404 0 255 255 255 255
200 406 0 255 255 255 255
200 408 0 255 255 255 255
200 410 0 255 255 255 255
200 412 0 255 255 255 255
200 414 0 255 255 255 255
200 416 0 255 255 255 255
200 418 0 255 255 255 255
200 420 0 255 255 255 255
200 422 0 255 255 255 255
200 424 0 255 255 255 255
200 426 0 255 255 255 255
200 428 0 255 255 255 255
202 410 0 255 255 255 255
202 412 0 255 255 255 255
202 414 0 255 255 255 255
202 416 0 255 255 255 255
202 418 0 255 255 255 255
202 420 0 255 255 255 255
202 422 0 255 255 255 255
202 424 0 255 255 255 255
202 426 0 255 255 255 255
202 428 0 255 255 255 255
208 392 0 255 255 255 255
208 394 0 255 255 255 255
208 396 0 255 255 255 255
208 398 0 255 255 255 255
208 400 0 255 255 255 255
208 402 0 255 255 255 255
208 404 0 255 255 255 255
208 406 0 255 255 255 255
208 408 0 255 255 255 255
208 410 0 255 255 255 255
208 412 0 255 255 255 255
208 414 0 255 255 255 255
208 416 0 255 255 255 255
208 418 0 255 255 255 255
208 420 0 255 255 255 255
208 422 0 255 255 255 255
208 424 0 255 255 255 255
208 426 0 255 255 255 255
208 428 0 255 255 255 255
210 392 0 255 255 255 255
210 394 0 255 255 255 255
210 396 0 255 255 255 255
210 398 0 255 255 255 255
210 400 0 255 255 255 255
210 402 0 255 255 255 255
210 404 0 255 255 255 255
210 406 0 255 255 255 255
210 408 0 255 255 255 255
210 410 0 255 255 255 255
210 412 0 255 255 255 255
210 414 0 255 255 255 255
210 416 0 255 255 255 255
210 418 0 255 255 255 255
210 420 0 255 255 255 255
210 422 0 255 255 255 255
210 424 0 255 255 255 255
210 426 0 255 255 255 255
210 428 0 255 255 255 255
212 392 0 255 255 255 255
212 394 0 255 255 255 255
212 396 0 255 255 255 255
212 398 0 255 255 255 255
212 400 0 255 255 255 255
212 402 0 255 255 255 255
212 404 0 255 255 255 255
212 406 0 255 255 255 255
212 408 0 255 255 255 255
212 410 0 255 255 255 255
212 412 0 255 255 255 255
212 414 0 255 255 255 255
212 416 0 255 255 255 255
212 418 0 255 255 255 255
212 420 0 255 255 255 255
212 422 0 255 255 255 255
212 424 0 255 255 255 255
212 426 0 255 255 255 255
212 428 0 255 255 255 255
214 400 0 255 255 255 255
214 402 0 255 255 255 255
214 404 0 255 255 255 255
214 406 0 255 255 255 255
214 408 0 255 255 255 255
214 410 0 255 255 255 255
214 412 0 255 255 255 255
214 414 0 255 255 255 255
214 416 0 255 255 255 255
216 410 0 255 255 255 255
216 412 0 255 255 255 255
216 414 0 255 255 255 255
216 416 0 255 255 255 255
216 418 0 255 255 255 255
216 420 0 255 255 255 255
216 422 0 255 255 255 255
216 424 0 255 255 255 255
216 426 0 255 255 255 255
218 392 0 255 255 255 255
218 394 0 255 255 255 255
218 396 0 255 255 255 255
218 398 0 255 255 255 255
218 400 0 255 255 255 255
218 402 0 255 255 255 255
218 404 0 255 255 255 255
218 406 0 255 255 255 255
218 408 0 255 255 255 255
218 410 0 255 255 255 255
218 412 0 255 255 255 255
218 414 0 255 255 255 255
218 416 0 255 255 255 255
218 418 0 255 255 255 255
218 420 0 255 255 255 255
218 422 0 255 255 255 255
218 424 0 255 255 255 255
218 426 0 255 255 255 255
218 428 0 255 255 255 255
220 392 0 255 255 255 255
220 394 0 255 255 255 255
220 396 0 255 255 255 255
220 398 0 255 255 255 255
220 400 0 255 255 255 255
220 402 0 255 255 255 255
220 404 0 255 255 255 255
220 406 0 255 255 255 255
220 408 0 255 255 255 255
220 410 0 255 255 255 255
220 412 0 255 255 255 255
220 414 0 255 255 255 255
220 416 0 255 255 255 255
220 418 0 255 255 255 255
220 420 0 255 255 255 255
220 422 0 255 255 255 255
220 424 0 255 255 255 255
220 426 0 255 255 255 255
220 428 0 255 255 255 255
222 392 0 255 255 255 255
222 394 0 255 255 255 255
222 396 0 255 255 255 255
222 398 0 255 255 255 255
222 400 0 255 255 255 255
222 402 0 255 255 255 255
222 404 0 255 255 255 255
222 406 0 255 255 255 255
222 408 0 255 255 255 255
222 410 0 255 255 255 255
222 412 0 255 255 255 255
222 414 0 255 255 255 255
222 416 0 255 255 255 255
222 418 0 255 255 255 255
222 420 0 255 255 255 255
222 422 0 255 255 255 255
222 424 0 255 255 255 255
222 426 0 255 255 255 255
222 428 0 255 255 255 255
226 392 0 255 255 255 255
226 394 0 255 255 255 255
226 396 0 255 255 255 255
226 398 0 255 255 255 255
226 400 0 255 255 255 255
226 402 0 255 255 255 255
226 404 0 255 255 255 255
226 406 0 255 255 255 255
226 408 0 255 255 255 255
226 410 0 255 255 255 255
226 412 0 255 255 255 255
226 414 0 255 255 255 255
226 416 0 255 255 255 255
226 418 0 255 255 255 255
226 420 0 255 255 255 255
226 422 0 255 255 255 255
226 424 0 255 255 255 255
226 426 0 255 255 255 255
228 392 0 255 255 255 255
228 394 0 255 255 255 255
228 396 0 255 255 255 255
228 398 0 255 255 255 255
228 400 0 255 255 255 255
228 402 0 255 255 255 255
228 404 0 255 255 255 255
228 406 0 255 255 255 255
228 408 0 255 255 255 255
228 410 0 255 255 255 255
228 412 0 255 255 255 255
228 414 0 255 255 255 255
228 416 0 255 255 255 255
228 418 0 255 255 255 255
228 420 0 255 255 255 255
228 422 0 255 255 255 255
228 424 0 255 255 255 255
228 426 0 255 255 255 255
228 428 0 255 255 255 255
230 392 0 255 255 255 255
230 394 0 255 255 255 255
230 396 0 255 255 255 255
230 398 0 255 255 255 255
230 400 0 255 255 255 255
230 402 0 255 255 255 255
230 404 0 255 255 255 255
230 406 0 255 255 255 255
230 408 0 255 255 255 255
230 410 0 255 255 255 255
230 412 0 255 255 255 255
230 414 0 255 255 255 255
230 416 0 255 255 255 255
230 418 0 255 255 255 255
230 420 0 255 255 255 255
230 422 0 255 255 255 255
230 424 0 255 255 255 255
230 426 0 255 255 255 255
230 428 0 255 255 255 255
232 390 0 255 255 255 255
232 392 0 255 255 255 255
232 394 0 255 255 255 255
232 424 0 255 255 255 255
232 426 0 255 255 255 255
232 428 0 255 255 255 255
234 390 0 255 255 255 255
234 392 0 255 255 255 255
234 394 0 255 255 255 255
234 396 0 255 255 255 255
234 398 0 255 255 255 255
234 400 0 255 255 255 255
234 402 0 255 255 255 255
234 414 0 255 255 255 255
234 416 0 255 255 255 255
234 418 0 255 255 255 255
234 420 0 255 255 255 255
234 422 0 255 255 255 255
234 424 0 255 255 255 255
234 426 0 255 255 255 255
234 428 0 255 255 255 255
236 392 0 255 255 255 255
236 394 0 255 255 255 255
236 396 0 255 255 255 255
236 398 0 255 255 255 255
236 400 0 255 255 255 255
236 402 0 255 255 255 255
236 414 0 255 255 255 255
236 416 0 255 255 255 255
236 418 0 255 255 255 255
236 420 0 255 255 255 255
236 422 0 255 255 255 255
236 424 0 255 255 255 255
236 426 0 255 255 255 255
236 428 0 255 255 255 255
238 392 0 255 255 255 255
238 394 0 255 255 255 255
238 396 0 255 255 255 255
238 398 0 255 255 255 255
238 400 0 255 255 255 255
238 402 0 255 255 255 255
238 414 0 255 255 255 255
238 416 0 255 255 255 255
238 418 0 255 255 255 255
238 420 0 255 255 255 255
238 422 0 255 255 255 255
238 424 0 255 255 255 255
238 426 0 255 255 255 255
238 428 0 255 255 255 255
240 394 0 255 255 255 255
240 396 0 255 255 255 255
240 398 0 255 255 255 255
240 400 0 255 255 255 255
240 402 0 255 255 255 255
240 414 0 255 255 255 255
240 416 0 255 255 255 255
240 418 0 255 255 255 255
240 420 0 255 255 255 255
240 422 0 255 255 255 255
240 424 0 255 255 255 255
244 392 0 255 255 255 255
244 394 0 255 255 255 255
244 396 0 255 255 255 255
244 398 0 255 255 255 255
244 400 0 255 255 255 255
244 402 0 255 255 255 255
244 404 0 255 255 255 255
244 406 0 255 255 255 255
244 408 0 255 255 255 255
244 410 0 255 255 255 255
244 412 0 255 255 255 255
244 414 0 255 255 255 255
244 416 0 255 255 255 255
244 418 0 255 255 255 255
244 420 0 255 255 255 255
244 422 0 255 255 255 255
244 424 0 255 255 255 255
244 426 0 255 255 255 255
244 428 0 255 255 255 255
246 392 0 255 255 255 255
246 394 0 255 255 255 255
246 396 0 255 255 255 255
246 398 0 255 255 255 255
246 400 0 255 255 255 255
246 402 0 255 255 255 255
246 404 0 255 255 255 255
246 406 0 255 255 255 255
246 408 0 255 255 255 255
246 410 0 255 255 255 255
246 412 0 255 255 255 255
246 414 0 255 255 255 255
246 416 0 255 255 255 255
246 418 0 255 255 255 255
246 420 0 255 255 255 255
246 422 0 255 255 255 255
246 424 0 255 255 255 255
246 426 0 255 255 255 255
246 428 0 255 255 255 255
248 392 0 255 255 255 255
248 394 0 255 255 255 255
248 396 0 255 255 255 255
248 398 0 255 255 255 255
248 400 0 255 255 255 255
248 402 0 255 255 255 255
248 404 0 255 255 255 255
248 406 0 255 255 255 255
248 408 0 255 255 255 255
248 410 0 255 255 255 255
248 412 0 255 255 255 255
248 414 0 255 255 255 255
248 416 0 255 255 255 255
248 418 0 255 255 255 255
248 420 0 255 255 255 255
248 422 0 255 255 255 255
248 424 0 255 255 255 255
248 426 0 255 255 255 255
248 428 0 255 255 255 255
250 392 0 255 255 255 255
250 394 0 255 255 255 255
250 406 0 255 255 255 255
250 408 0 255 255 255 255
250 410 0 255 255 255 255
250 424 0 255 255 255 255
250 426 0 255 255 255 255
250 428 0 255 255 255 255
252 392 0 255 255 255 255
252 394 0 255 255 255 255
252 406 0 255 255 255 255
252 408 0 255 255 255 255
252 410 0 255 255 255 255
252 424 0 255 255 255 255
252 426 0 255 255 255 255
252 428 0 255 255 255 255
3 0 1 2
3 3 4 5
3 6 7 8
3 9 10 11
3 12 13 14
3 15 16 17
3 18 19 20
3 21 22 23
3 24 25 26
3 27 28 29
3 30 31 32
3 33 34 35
3 36 37 38
3 39 40 41
3 42 43 44
3 45 46 47
3 48 49 50
3 51 52 53
3 54 55 56
3 57 58 59
3 60 61 62
3 63 64 65
3 66 67 68
3 69 70 71
3 72 73 74
3 75 76 77
3 78 79 80
3 81 82 83
3 84 85 86
3 87 88 89
3 90 91 92
3 93 94 95
3 96 97 98
3 99 100 101
3 102 103 104
3 105 106 107
3 108 109 110
3 111 112 113
3 114 115 116
3 117 118 119
3 120 121 122
3 123 124 125
3 126 127 128
3 129 130 131
3 132 133 134
3 135 136 137
3 138 139 140
3 141 142 143
3 144 145 146
3 147 148 149
3 150 151 152
3 153 154 155
3 156 157 158
3 159 160 161
3 162 163 164
3 165 166 167
3 168 169 170
3 171 172 173
3 174 175 176
3 177 178 179
3 180 181 182
3 183 184 185
3 186 187 188
3 189 190 191
3 192 193 194
3 195 196 197
3 198 199 200
3 201 202 203
3 204 205 206
3 207 208 209
3 210 211 212
3 213 214 215
3 216 217 218
3 219 220 221
3 222 223 224
3 225 226 227
3 228 229 230
3 231 232 233
3 234 235 236
3 237 238 239
3 240 241 242
3 243 244 245
3 246 247 248
3 249 250 251
3 252 253 254
3 255 256 257
3 258 259 260
3 261 262 263
3 264 265 266
3 267 268 269
3 270 271 272
3 273 274 275
3 276 277 278
3 279 280 281
3 282 283 284
3 285 286 287
3 288 289 290
3 291 292 293
3 294 295 296
3 297 298 299
3 300 301 302
3 303 304 305
3 306 307 308
3 309 310 311
3 312 313 314
3 315 316 317
3 318 319 320
3 321 322 323
3 324 325 326
3 327 328 329
3 330 331 332
3 333 334 335
3 336 337 338
3 339 340 341
3 342 343 344
3 345 346 347
3 348 349 350
3 351 352 353
3 354 355 356
3 357 358 359
3 360 361 362
3 363 364 365
3 366 367 368
3 369 370 371
3 372 373 374
3 375 376 377
3 378 379 380
3 381 382 383
3 384 385 386
3 387 388 389
3 390 391 392
3 393 394 395
3 396 397 398
3 399 400 401
3 402 403 404
3 405 406 407
3 408 409 410
3 411 412 413
3 414 415 416
3 417 418 419
3 420 421 422
3 423 424 425
3 426 427 428
3 429 430 431
3 432 433 434
3 435 436 437
3 438 439 440
3 441 442 443
3 444 445 446
3 447 448 449
3 450 451 452
3 453 454 455
3 456 457 458
3 459 460 461
3 462 463 464
3 465 466 467
3 468 469 470
3 471 472 473
3 474 475 476
3 477 478 479
3 480 481 482
3 483 484 485
3 486 487 488
3 489 490 491
3 492 493 494
3 495 496 497
3 498 499 500
3 501 502 503
3 504 505 506
3 507 508 509
3 510 511 512
3 513 514 515
3 516 517 518
3 519 520 521
3 522 523 524
3 525 526 527
3 528 529 530
3 531 532 533
3 534 535 536
3 537 538 539
3 540 541 542
3 543 544 545
3 546 547 548
3 549 550 551
3 552 553 554
3 555 556 557
3 558 559 560
3 561 562 563
3 564 565 566
3 567 568 569
3 570 571 572
3 573 574 575
3 576 577 578
3 579 580 581
3 582 583 584
3 585 586 587
3 588 589 590
3 591 592 593
3 594 595 596
3 597 598 599
3 600 601 602
3 603 604 605
3 606 607 608
3 609 610 611
3 612 613 614
3 615 616 617
3 618 619 620
3 621 622 623
3 624 625 626
3 627 628 629
3 630 631 632
3 633 634 635
3 636 637 638
3 639 640 641
3 642 643 644
3 645 646 647
3 648 649 650
3 651 652 653
3 654 655 656
3 657 658 659
3 660 661 662
3 663 664 665
3 666 667 668
3 669 670 671
3 672 673 674
3 675 676 677
3 678 679 680
3 681 682 683
3 684 685 686
3 687 688 689
3 690 691 692
3 693 694 695
3 696 697 698
3 699 700 701
3 702 703 704
3 705 706 707
3 708 709 710
3 711 712 713
3 714 715 716
3 717 718 719
3 720 721 722
3 723 724 725
3 726 727 728
3 729 730 731
3 732 733 734
3 735 736 737
3 738 739 740
3 741 742 743
3 744 745 746
3 747 748 749
3 750 751 752
3 753 754 755
3 756 757 758
3 759 760 761
3 762 763 764
3 765 766 767
3 768 769 770
3 771 772 773
3 774 775 776
3 777 778 779
3 780 781 782
3 783 784 785
3 786 787 788
3 789 790 791
3 792 793 794
3 795 796 797
3 798 799 800
3 801 802 803
3 804 805 806
3 807 808 809
3 810 811 812
3 813 814 815
3 816 817 818
3 819 820 821
3 822 823 824
3 825 826 827
3 828 829 830
3 831 832 833
3 834 835 836
3 837 838 839
3 840 841 842
3 843 844 845
3 846 847 848
3 849 850 851
3 852 853 854
3 855 856 857
3 858 859 860
3 861 862 863
3 864 865 866
3 867 868 869
3 870 871 872
3 873 874 875
3 876 877 878
3 879 880 881
3 882 883 884
3 885 886 887
3 888 889 890
3 891 892 893
3 894 895 896
3 897 898 899
3 900 901 902
3 903 904 905
3 906 907 908
3 909 910 911
3 912 913 914
3 915 916 917
3 918 919 920
3 921 922 923
3 924 925 926
3 927 928 929
3 930 931 932
3 933 934 935
3 936 937 938
3 939 940 941
3 942 943 944
3 945 946 947
3 948 949 950
3 951 952 953
3 954 955 956
3 957 958 959
3 960 961 962
3 963 964 965
3 966 967 968
3 969 970 971
3 972 973 974
3 975 976 977
3 978 979 980
3 981 982 983
3 984 985 986
3 987 988 989
3 990 991 992
3 993 994 995
3 996 997 998
3 999 1000 1001
3 1002 1003 1004
3 1005 1006 1007
3 1008 1009 1010
3 1011 1012 1013
3 1014 1015 1016
3 1017 1018 1019
3 1020 1021 1022
3 1023 1024 1025
3 1026 1027 1028
3 1029 1030 1031
3 1032 1033 1034
3 1035 1036 1037
3 1038 1039 1040
3 1041 1042 1043
3 1044 1045 1046
3 1047 1048 1049
3 1050 1051 1052
3 1053 1054 1055
3 1056 1057 1058
3 1059 1060 1061
3 1062 1063 1064
3 1065 1066 1067
3 1068 1069 1070
3 1071 1072 1073
3 1074 1075 1076
3 1077 1078 1079
3 1080 1081 1082
3 1083 1084 1085
3 1086 1087 1088
3 1089 1090 1091
3 1092 1093 1094
3 1095 1096 1097
3 1098 1099 1100
3 1101 1102 1103
3 1104 1105 1106
3 1107 1108 1109
3 1110 1111 1112
3 1113 1114 1115
3 1116 1117 1118
3 1119 1120 1121
3 1122 1123 1124
3 1125 1126 1127
3 1128 1129 1130
3 1131 1132 1133
3 1134 1135 1136
3 1137 1138 1139
3 1140 1141 1142
3 1143 1144 1145
3 1146 1147 1148
3 1149 1150 1151
3 1152 1153 1154
3 1155 1156 1157
3 1158 1159 1160
3 1161 1162 1163
3 1164 1165 1166
3 1167 1168 1169
3 1170 1171 1172
3 1173 1174 1175
3 1176 1177 1178
3 1179 1180 1181
3 1182 1183 1184
3 1185 1186 1187
3 1188 1189 1190
3 1191 1192 1193
3 1194 1195 1196
3 1197 1198 1199
3 1200 1201 1202
3 1203 1204 1205
3 1206 1207 1208
3 1209 1210 1211
3 1212 1213 1214
3 1215 1216 1217
3 1218 1219 1220
3 1221 1222 1223
3 1224 1225 1226
3 1227 1228 1229
3 1230 1231 1232
3 1233 1234 1235
3 1236 1237 1238
3 1239 1240 1241
3 1242 1243 1244
3 1245 1246 1247
3 1248 1249 1250
3 1251 1252 1253
3 1254 1255 1256
3 1257 1258 1259
3 1260 1261 1262
3 1263 1264 1265
3 1266 1267 1268
3 1269 1270 1271
3 1272 1273 1274
3 1275 1276 1277
3 1278 1279 1280
3 1281 1282 1283
3 1284 1285 1286
3 1287 1288 1289
3 1290 1291 1292
3 1293 1294 1295
3 1296 1297 1298
3 1299 1300 1301
3 1302 1303 1304
3 1305 1306 1307
3 1308 1309 1310
3 1311 1312 1313
3 1314 1315 1316
3 1317 1318 1319
3 1320 1321 1322
3 1323 1324 1325
3 1326 1327 1328
3 1329 1330 1331
3 1332 1333 1334
3 1335 1336 1337
3 1338 1339 1340
3 1341 1342 1343
3 1344 1345 1346
3 1347 1348 1349
3 1350 1351 1352
3 1353 1354 1355
3 1356 1357 1358
3 1359 1360 1361
3 1362 1363 1364
3 1365 1366 1367
3 1368 1369 1370
3 1371 1372 1373
3 1374 1375 1376
3 1377 1378 1379
3 1380 1381 1382
3 1383 1384 1385
3 1386 1387 1388
3 1389 1390 1391
3 1392 1393 1394
3 1395 1396 1397
3 1398 1399 1400
3 1401 1402 1403
3 1404 1405 1406
3 1407 1408 1409
3 1410 1411 1412
3 1413 1414 1415
3 1416 1417 1418
3 1419 1420 1421
3 1422 1423 1424
3 1425 1426 1427
3 1428 1429 1430
3 1431 1432 1433
3 1434 1435 1436
3 1437 1438 1439
3 1440 1441 1442
3 1443 1444 1445
3 1446 1447 1448
3 1449 1450 1451
3 1452 1453 1454
3 1455 1456 1457
3 1458 1459 1460
3 1461 1462 1463
3 1464 1465 1466
3 1467 1468 1469
3 1470 1471 1472
3 1473 1474 1475
3 1476 1477 1478
3 1479 1480 1481
3 1482 1483 1484
3 1485 1486 1487
3 1488 1489 1490
3 1491 1492 1493
3 1494 1495 1496
3 1497 1498 1499
3 1500 1501 1502
3 1503 1504 1505
3 1506 1507 1508
3 1509 1510 1511
3 1512 1513 1514
3 1515 1516 1517
3 1518 1519 1520
3 1521 1522 1523
3 1524 1525 1526
3 1527 1528 1529
3 1530 1531 1532
3 1533 1534 1535
3 1536 1537 1538
3 1539 1540 1541
3 1542 1543 1544
3 1545 1546 1547
3 1548 1549 1550
3 1551 1552 1553
3 1554 1555 1556
3 1557 1558 1559
3 1560 1561 1562
3 1563 1564 1565
3 1566 1567 1568
3 1569 1570 1571
3 1572 1573 1574
3 1575 1576 1577
3 1578 1579 1580
3 1581 1582 1583
3 1584 1585 1586
3 1587 1588 1589
3 1590 1591 1592
3 1593 1594 1595
3 1596 1597 1598
3 1599 1600 1601
3 1602 1603 1604
3 1605 1606 1607
3 1608 1609 1610
3 1611 1612 1613
3 1614 1615 1616
3 1617 1618 1619
3 1620 1621 1622
3 1623 1624 1625
3 1626 1627 1628
3 1629 1630 1631
3 1632 1633 1634
3 1635 1636 1637
3 1638 1639 1640
3 1641 1642 1643
3 1644 1645 1646
3 1647 1648 1649
3 1650 1651 1652
3 1653 1654 1655
3 1656 1657 1658
3 1659 1660 1661
3 1662 1663 1664
3 1665 1666 1667
3 1668 1669 1670
3 1671 1672 1673
3 1674 1675 1676
3 1677 1678 1679
3 1680 1681 1682
3 1683 1684 1685
3 1686 1687 1688
3 1689 1690 1691
3 1692 1693 1694
3 1695 1696 1697
3 1698 1699 1700
3 1701 1702 1703
3 1704 1705 1706
3 1707 1708 1709
3 1710 1711 1712
3 1713 1714 1715
3 1716 1717 1718
3 1719 1720 1721
3 1722 1723 1724
3 1725 1726 1727
3 1728 1729 1730
3 1731 1732 1733
3 1734 1735 1736
3 1737 1738 1739
3 1740 1741 1742
3 1743 1744 1745
3 1746 1747 1748
3 1749 1750 1751
3 1752 1753 1754
3 1755 1756 1757
3 1758 1759 1760
3 1761 1762 1763
3 1764 1765 1766
3 1767 1768 1769
3 1770 1771 1772
3 1773 1774 1775
3 1776 1777 1778
3 1779 1780 1781
3 1782 1783 1784
3 1785 1786 1787
3 1788 1789 1790
3 1791 1792 1793
3 1794 1795 1796
3 1797 1798 1799
3 1800 1801 1802
3 1803 1804 1805
3 1806 1807 1808
3 1809 1810 1811
3 1812 1813 1814
3 1815 1816 1817
3 1818 1819 1820
3 1821 1822 1823
3 1824 1825 1826
3 1827 1828 1829
3 1830 1831 1832
3 1833 1834 1835
3 1836 1837 1838
3 1839 1840 1841
3 1842 1843 1844
3 1845 1846 1847
3 1848 1849 1850
3 1851 1852 1853
3 1854 1855 1856
3 1857 1858 1859
3 1860 1861 1862
3 1863 1864 1865
3 1866 1867 1868
3 1869 1870 1871
3 1872 1873 1874
3 1875 1876 1877
3 1878 1879 1880
3 1881 1882 1883
3 1884 1885 1886
3 1887 1888 1889
3 1890 1891 1892
3 1893 1894 1895
3 1896 1897 1898
3 1899 1900 1901
3 1902 1903 1904
3 1905 1906 1907
3 1908 1909 1910
3 1911 1912 1913
3 1914 1915 1916
3 1917 1918 1919
3 1920 1921 1922
3 1923 1924 1925
3 1926 1927 1928
3 1929 1930 1931
3 1932 1933 1934
3 1935 1936 1937
3 1938 1939 1940
3 1941 1942 1943
3 1944 1945 1946
3 1947 1948 1949
3 1950 1951 1952
3 1953 1954 1955
3 1956 1957 1958
3 1959 1960 1961
3 1962 1963 1964
3 1965 1966 1967
3 1968 1969 1970
3 1971 1972 1973
3 1974 1975 1976
3 1977 1978 1979
3 1980 1981 1982
3 1983 1984 1985
3 1986 1987 1988
3 1989 1990 1991
3 1992 1993 1994
3 1995 1996 1997
3 1998 1999 2000
3 2001 2002 2003
3 2004 2005 2006
3 2007 2008 2009
3 2010 2011 2012
3 2013 2014 2015
3 2016 2017 2018
3 2019 2020 2021
3 2022 2023 2024
3 2025 2026 2027
3 2028 2029 2030
3 2031 2032 2033
3 2034 2035 2036
3 2037 2038 2039
3 2040 2041 2042
3 2043 2044 2045
3 2046 2047 2048
3 2049 2050 2051
3 2052 2053 2054
3 2055 2056 2057
3 2058 2059 2060
3 2061 2062 2063
3 2064 2065 2066
3 2067 2068 2069
3 2070 2071 2072
3 2073 2074 2075
3 2076 2077 2078
3 2079 2080 2081
3 2082 2083 2084
3 2085 2086 2087
3 2088 2089 2090
3 2091 2092 2093
3 2094 2095 2096
3 2097 2098 2099
3 2100 2101 2102
3 2103 2104 2105
3 2106 2107 2108
3 2109 2110 2111
3 2112 2113 2114
3 2115 2116 2117
3 2118 2119 2120
3 2121 2122 2123
3 2124 2125 2126
3 2127 2128 2129
3 2130 2131 2132
3 2133 2134 2135
3 2136 2137 2138
3 2139 2140 2141
3 2142 2143 2144
3 2145 2146 2147
3 2148 2149 2150
3 2151 2152 2153
3 2154 2155 2156
3 2157 2158 2159
3 2160 2161 2162
3 2163 2164 2165
3 2166 2167 2168
3 2169 2170 2171
3 2172 2173 2174
3 2175 2176 2177
3 2178 2179 2180
3 2181 2182 2183
3 2184 2185 2186
3 2187 2188 2189
3 2190 2191 2192
3 2193 2194 2195
3 2196 2197 2198
3 2199 2200 2201
3 2202 2203 2204
3 2205 2206 2207
3 2208 2209 2210
3 2211 2212 2213
3 2214 2215 2216
3 2217 2218 2219
3 2220 2221 2222
3 2223 2224 2225
3 2226 2227 2228
3 2229 2230 2231
3 2232 2233 2234
3 2235 2236 2237
3 2238 2239 2240
3 2241 2242 2243
3 2244 2245 2246
3 2247 2248 2249
3 2250 2251 2252
3 2253 2254 2255
3 2256 2257 2258
3 2259 2260 2261
3 2262 2263 2264
3 2265 2266 2267
3 2268 2269 2270
3 2271 2272 2273
3 2274 2275 2276
3 2277 2278 2279
3 2280 2281 2282
3 2283 2284 2285
3 2286 2287 2288
3 2289 2290 2291
3 2292 2293 2294
3 2295 2296 2297
3 2298 2299 2300
3 2301 2302 2303
3 2304 2305 2306
3 2307 2308 2309
3 2310 2311 2312
3 2313 2314 2315
3 2316 2317 2318
3 2319 2320 2321
3 2322 2323 2324
3 2325 2326 2327
3 2328 2329 2330
3 2331 2332 2333
3 2334 2335 2336
3 2337 2338 2339
3 2340 2341 2342
3 2343 2344 2345
3 2346 2347 2348
3 2349 2350 2351
3 2352 2353 2354
3 2355 2356 2357
3 2358 2359 2360
3 2361 2362 2363
3 2364 2365 2366
3 2367 2368 2369
3 2370 2371 2372
3 2373 2374 2375
3 2376 2377 2378
3 2379 2380 2381
3 2382 2383 2384
3 2385 2386 2387
3 2388 2389 2390
3 2391 2392 2393
3 2394 2395 2396
3 2397 2398 2399
3 2400 2401 2402
3 2403 2404 2405
3 2406 2407 2408
3 2409 2410 2411
3 2412 2413 2414
3 2415 2416 2417
3 2418 2419 2420
3 2421 2422 2423
3 2424 2425 2426
3 2427 2428 2429
3 2430 2431 2432
3 2433 2434 2435
3 2436 2437 2438
3 2439 2440 2441
3 2442 2443 2444
3 2445 2446 2447
3 2448 2449 2450
3 2451 2452 2453
3 2454 2455 2456
3 2457 2458 2459
3 2460 2461 2462
3 2463 2464 2465
3 2466 2467 2468
3 2469 2470 2471
3 2472 2473 2474
3 2475 2476 2477
3 2478 2479 2480
3 2481 2482 2483
3 2484 2485 2486
3 2487 2488 2489
3 2490 2491 2492
3 2493 2494 2495
3 2496 2497 2498
3 2499 2500 2501
3 2502 2503 2504
3 2505 2506 2507
3 2508 2509 2510
3 2511 2512 2513
3 2514 2515 2516
3 2517 2518 2519
3 2520 2521 2522
3 2523 2524 2525
3 2526 2527 2528
3 2529 2530 2531
3 2532 2533 2534
3 2535 2536 2537
3 2538 2539 2540
3 2541 2542 2543
3 2544 2545 2546
3 2547 2548 2549
3 2550 2551 2552
3 2553 2554 2555
3 2556 2557 2558
3 2559 2560 2561
3 2562 2563 2564
3 2565 2566 2567
3 2568 2569 2570
3 2571 2572 2573
3 2574 2575 2576
3 2577 2578 2579
3 2580 2581 2582
3 2583 2584 2585
3 2586 2587 2588
3 2589 2590 2591
3 2592 2593 2594
3 2595 2596 2597
3 2598 2599 2600
3 2601 2602 2603
3 2604 2605 2606
3 2607 2608 2609
3 2610 2611 2612
3 2613 2614 2615
3 2616 2617 2618
3 2619 2620 2621
3 2622 2623 2624
3 2625 2626 2627
3 2628 2629 2630
3 2631 2632 2633
3 2634 2635 2636
3 2637 2638 2639
3 2640 2641 2642
3 2643 2644 2645
3 2646 2647 2648
3 2649 2650 2651
3 2652 2653 2654
3 2655 2656 2657
3 2658 2659 2660
3 2661 2662 2663
3 2664 2665 2666
3 2667 2668 2669
3 2670 2671 2672
3 2673 2674 2675
3 2676 2677 2678
3 2679 2680 2681
3 2682 2683 2684
3 2685 2686 2687
3 2688 2689 2690
3 2691 2692 2693
3 2694 2695 2696
3 2697 2698 2699
3 2700 2701 2702
3 2703 2704 2705
3 2706 2707 2708
3 2709 2710 2711
3 2712 2713 2714
3 2715 2716 2717
3 2718 2719 2720
3 2721 2722 2723
3 2724 2725 2726
3 2727 2728 2729
3 2730 2731 2732
3 2733 2734 2735
3 2736 2737 2738
3 2739 2740 2741
3 2742 2743 2744
3 2745 2746 2747
3 2748 2749 2750
3 2751 2752 2753
3 2754 2755 2756
3 2757 2758 2759
3 2760 2761 2762
3 2763 2764 2765
3 2766 2767 2768
3 2769 2770 2771
3 2772 2773 2774
3 2775 2776 2777
3 2778 2779 2780
3 2781 2782 2783
3 2784 2785 2786
3 2787 2788 2789
3 2790 2791 2792
3 2793 2794 2795
3 2796 2797 2798
3 2799 2800 2801
3 2802 2803 2804
3 2805 2806 2807
3 2808 2809 2810
3 2811 2812 2813
3 2814 2815 2816
3 2817 2818 2819
3 2820 2821 2822
3 2823 2824 2825
3 2826 2827 2828
3 2829 2830 2831
3 2832 2833 2834
3 2835 2836 2837
3 2838 2839 2840
3 2841 2842 2843
3 2844 2845 2846
3 2847 2848 2849
3 2850 2851 2852
3 2853 2854 2855
3 2856 2857 2858
3 2859 2860 2861
3 2862 2863 2864
3 2865 2866 2867
3 2868 2869 2870
3 2871 2872 2873
3 2874 2875 2876
3 2877 2878 2879
3 2880 2881 2882
3 2883 2884 2885
3 2886 2887 2888
3 2889 2890 2891
3 2892 2893 2894
3 2895 2896 2897
3 2898 2899 2900
3 2901 2902 2903
3 2904 2905 2906
3 2907 2908 2909
3 2910 2911 2912
3 2913 2914 2915
3 2916 2917 2918
3 2919 2920 2921
3 2922 2923 2924
3 2925 2926 2927
3 2928 2929 2930
3 2931 2932 2933
3 2934 2935 2936
3 2937 2938 2939
3 2940 2941 2942
3 2943 2944 2945
3 2946 2947 2948
3 2949 2950 2951
3 2952 2953 2954
3 2955 2956 2957
3 2958 2959 2960
3 2961 2962 2963
3 2964 2965 2966
3 2967 2968 2969
3 2970 2971 2972
3 2973 2974 2975
3 2976 2977 2978
3 2979 2980 2981
3 2982 2983 2984
3 2985 2986 2987
3 2988 2989 2990
3 2991 2992 2993
3 2994 2995 2996
3 2997 2998 2999
3 3000 3001 3002
3 3003 3004 3005
3 3006 3007 3008
3 3009 3010 3011
3 3012 3013 3014
