ply
format ascii 1.0
element vertex 1403
property float x
property float y
property float z
property uchar red
property uchar green
property uchar blue
property uchar alpha
element face 467
property list uchar int vertex_indices
end_header
162.1 246.3 0 255 255 255 255
162.1 244.3 0 255 255 255 255
162.1 242.3 0 255 255 255 255
162.1 240.3 0 255 255 255 255
162.1 238.3 0 255 255 255 255
162.1 236.3 0 255 255 255 255
162.1 234.3 0 255 255 255 255
162.1 232.3 0 255 255 255 255
162.1 230.3 0 255 255 255 255
162.1 228.3 0 255 255 255 255
162.1 226.3 0 255 255 255 255
162.1 224.3 0 255 255 255 255
162.1 222.3 0 255 255 255 255
162.1 220.3 0 255 255 255 255
162.1 218.3 0 255 255 255 255
162.1 216.3 0 255 255 255 255
162.1 214.3 0 255 255 255 255
162.1 212.3 0 255 255 255 255
162.1 210.3 0 255 255 255 255
162.1 208.3 0 255 255 255 255
162.1 206.3 0 255 255 255 255
162.1 204.3 0 255 255 255 255
162.1 202.3 0 255 255 255 255
162.1 200.3 0 255 255 255 255
162.1 198.3 0 255 255 255 255
162.1 196.3 0 255 255 255 255
162.1 194.3 0 255 255 255 255
162.1 192.3 0 255 255 255 255
162.1 190.3 0 255 255 255 255
162.1 188.3 0 255 255 255 255
162.1 186.3 0 255 255 255 255
162.1 184.3 0 255 255 255 255
162.1 182.3 0 255 255 255 255
162.1 180.3 0 255 255 255 255
162.1 178.3 0 255 255 255 255
162.1 176.3 0 255 255 255 255
162.1 174.3 0 255 255 255 255
162.1 172.3 0 255 255 255 255
162.1 170.3 0 255 255 255 255
162.1 168.3 0 255 255 255 255
163.1 167.3 0 255 255 255 255
165.1 167.3 0 255 255 255 255
167.1 167.3 0 255 255 255 255
169.1 167.3 0 255 255 255 255
171.1 167.3 0 255 255 255 255
173.1 167.3 0 255 255 255 255
175.1 167.3 0 255 255 255 255
177.1 167.3 0 255 255 255 255
179.1 167.3 0 255 255 255 255
181.1 167.3 0 255 255 255 255
183.1 167.3 0 255 255 255 255
185.1 167.3 0 255 255 255 255
187.1 167.3 0 255 255 255 255
189.1 167.3 0 255 255 255 255
191.1 167.3 0 255 255 255 255
193.1 167.3 0 255 255 255 255
195.1 167.3 0 255 255 255 255
197.1 167.3 0 255 255 255 255
199.1 167.3 0 255 255 255 255
201.1 167.3 0 255 255 255 255
203.1 167.3 0 255 255 255 255
205.1 167.3 0 255 255 255 255
207.1 167.3 0 255 255 255 255
209.1 167.3 0 255 255 255 255
211.1 167.3 0 255 255 255 255
213.1 167.3 0 255 255 255 255
215.1 167.3 0 255 255 255 255
217.1 167.3 0 255 255 255 255
219.1 167.3 0 255 255 255 255
221.1 167.3 0 255 255 255 255
223.1 167.3 0 255 255 255 255
225.1 167.3 0 255 255 255 255
227.1 167.3 0 255 255 255 255
227.2 169.2 0 255 255 255 255
227.2 171.2 0 255 255 255 255
227.2 173.2 0 255 255 255 255
227.2 175.2 0 255 255 255 255
227.2 177.2 0 255 255 255 255
227.2 179.2 0 255 255 255 255
227.2 181.2 0 255 255 255 255
227.2 183.2 0 255 255 255 255
227.2 185.2 0 255 255 255 255
227.2 187.2 0 255 255 255 255
227.2 189.2 0 255 255 255 255
225.4 189.4 0 255 255 255 255
223.4 189.4 0 255 255 255 255
221.4 189.4 0 255 255 255 255
219.4 189.4 0 255 255 255 255
217.4 189.4 0 255 255 255 255
215.4 189.4 0 255 255 255 255
213.4 189.4 0 255 255 255 255
211.4 189.4 0 255 255 255 255
209.4 189.4 0 255 255 255 255
207.4 189.4 0 255 255 255 255
205.4 189.4 0 255 255 255 255
203.4 189.4 0 255 255 255 255
201.4 189.4 0 255 255 255 255
199.4 189.4 0 255 255 255 255
197.4 189.4 0 255 255 255 255
195.4 189.4 0 255 255 255 255
193.4 189.4 0 255 255 255 255
191.9 189.9 0 255 255 255 255
191.9 191.9 0 255 255 255 255
191.9 193.9 0 255 255 255 255
191.9 195.9 0 255 255 255 255
192.3 197.5 0 255 255 255 255
194.3 197.5 0 255 255 255 255
196.3 197.5 0 255 255 255 255
198.3 197.5 0 255 255 255 255
200.3 197.5 0 255 255 255 255
202.3 197.5 0 255 255 255 255
204.3 197.5 0 255 255 255 255
206.3 197.5 0 255 255 255 255
208.3 197.5 0 255 255 255 255
210.3 197.5 0 255 255 255 255
212.3 197.5 0 255 255 255 255
214.3 197.5 0 255 255 255 255
216.3 197.5 0 255 255 255 255
218.3 197.5 0 255 255 255 255
220.3 197.5 0 255 255 255 255
222.3 197.5 0 255 255 255 255
224.3 197.5 0 255 255 255 255
226.1 197.7 0 255 255 255 255
226.1 199.7 0 255 255 255 255
226.1 201.7 0 255 255 255 255
226.1 203.7 0 255 255 255 255
226.1 205.7 0 255 255 255 255
226.1 207.7 0 255 255 255 255
226.1 209.7 0 255 255 255 255
226.1 211.7 0 255 255 255 255
226.1 213.7 0 255 255 255 255
226.1 215.7 0 255 255 255 255
224.7 216.3 0 255 255 255 255
222.7 216.3 0 255 255 255 255
220.7 216.3 0 255 255 255 255
218.7 216.3 0 255 255 255 255
216.7 216.3 0 255 255 255 255
214.7 216.3 0 255 255 255 255
212.7 216.3 0 255 255 255 255
210.7 216.3 0 255 255 255 255
208.7 216.3 0 255 255 255 255
206.7 216.3 0 255 255 255 255
204.7 216.3 0 255 255 255 255
202.7 216.3 0 255 255 255 255
200.7 216.3 0 255 255 255 255
198.7 216.3 0 255 255 255 255
196.7 216.3 0 255 255 255 255
194.7 216.3 0 255 255 255 255
192.7 216.3 0 255 255 255 255
191.9 217.5 0 255 255 255 255
191.9 219.5 0 255 255 255 255
191.9 221.5 0 255 255 255 255
191.9 223.5 0 255 255 255 255
193.2 224.2 0 255 255 255 255
195.2 224.2 0 255 255 255 255
197.2 224.2 0 255 255 255 255
199.2 224.2 0 255 255 255 255
201.2 224.2 0 255 255 255 255
203.2 224.2 0 255 255 255 255
205.2 224.2 0 255 255 255 255
207.2 224.2 0 255 255 255 255
209.2 224.2 0 255 255 255 255
211.2 224.2 0 255 255 255 255
213.2 224.2 0 255 255 255 255
215.2 224.2 0 255 255 255 255
217.2 224.2 0 255 255 255 255
219.2 224.2 0 255 255 255 255
221.2 224.2 0 255 255 255 255
223.2 224.2 0 255 255 255 255
225.2 224.2 0 255 255 255 255
227.2 224.2 0 255 255 255 255
227.2 226.2 0 255 255 255 255
227.2 228.2 0 255 255 255 255
227.2 230.2 0 255 255 255 255
227.2 232.2 0 255 255 255 255
227.2 234.2 0 255 255 255 255
227.2 236.2 0 255 255 255 255
227.2 238.2 0 255 255 255 255
227.2 240.2 0 255 255 255 255
227.2 242.2 0 255 255 255 255
227.2 244.2 0 255 255 255 255
227.2 246.2 0 255 255 255 255
225.3 246.3 0 255 255 255 255
223.3 246.3 0 255 255 255 255
221.3 246.3 0 255 255 255 255
219.3 246.3 0 255 255 255 255
217.3 246.3 0 255 255 255 255
215.3 246.3 0 255 255 255 255
213.3 246.3 0 255 255 255 255
211.3 246.3 0 255 255 255 255
209.3 246.3 0 255 255 255 255
207.3 246.3 0 255 255 255 255
205.3 246.3 0 255 255 255 255
203.3 246.3 0 255 255 255 255
201.3 246.3 0 255 255 255 255
199.3 246.3 0 255 255 255 255
197.3 246.3 0 255 255 255 255
195.3 246.3 0 255 255 255 255
193.3 246.3 0 255 255 255 255
191.3 246.3 0 255 255 255 255
189.3 246.3 0 255 255 255 255
187.3 246.3 0 255 255 255 255
185.3 246.3 0 255 255 255 255
183.3 246.3 0 255 255 255 255
181.3 246.3 0 255 255 255 255
179.3 246.3 0 255 255 255 255
177.3 246.3 0 255 255 255 255
175.3 246.3 0 255 255 255 255
173.3 246.3 0 255 255 255 255
171.3 246.3 0 255 255 255 255
169.3 246.3 0 255 255 255 255
167.3 246.3 0 255 255 255 255
165.3 246.3 0 255 255 255 255
163.3 246.3 0 255 255 255 255
161.6 415.3 0 255 255 255 255
161.6 413.3 0 255 255 255 255
161.6 411.3 0 255 255 255 255
161.6 409.3 0 255 255 255 255
161.6 407.3 0 255 255 255 255
161.6 405.3 0 255 255 255 255
161.6 403.3 0 255 255 255 255
161.6 401.3 0 255 255 255 255
161.6 399.3 0 255 255 255 255
161.6 397.3 0 255 255 255 255
161.6 395.3 0 255 255 255 255
161.6 393.3 0 255 255 255 255
161.6 391.3 0 255 255 255 255
161.6 389.3 0 255 255 255 255
161.6 387.3 0 255 255 255 255
161.6 385.3 0 255 255 255 255
161.6 383.3 0 255 255 255 255
161.6 381.3 0 255 255 255 255
161.6 379.3 0 255 255 255 255
161.6 377.3 0 255 255 255 255
161.6 375.3 0 255 255 255 255
161.6 373.3 0 255 255 255 255
161.6 371.3 0 255 255 255 255
161.6 369.3 0 255 255 255 255
161.6 367.3 0 255 255 255 255
161.628 365.3 0 255 255 255 255
161.684 363.301 0 255 255 255 255
161.857 361.309 0 255 255 255 255
162.097 359.324 0 255 255 255 255
162.415 357.35 0 255 255 255 255
162.873 355.403 0 255 255 255 255
163.436 353.486 0 255 255 255 255
164.108 351.604 0 255 255 255 255
164.897 349.767 0 255 255 255 255
165.85 348.008 0 255 255 255 255
166.937 346.331 0 255 255 255 255
168.149 344.744 0 255 255 255 255
169.483 343.256 0 255 255 255 255
170.929 341.875 0 255 255 255 255
172.509 340.649 0 255 255 255 255
174.174 339.545 0 255 255 255 255
175.909 338.554 0 255 255 255 255
177.701 337.667 0 255 255 255 255
179.564 336.94 0 255 255 255 255
181.459 336.305 0 255 255 255 255
183.379 335.744 0 255 255 255 255
185.333 335.322 0 255 255 255 255
187.299 334.96 0 255 255 255 255
189.279 334.673 0 255 255 255 255
191.268 334.477 0 255 255 255 255
193.261 334.314 0 255 255 255 255
195.26 334.253 0 255 255 255 255
197.26 334.201 0 255 255 255 255
199.259 334.252 0 255 255 255 255
201.258 334.314 0 255 255 255 255
203.251 334.481 0 255 255 255 255
205.239 334.686 0 255 255 255 255
207.218 334.979 0 255 255 255 255
209.18 335.36 0 255 255 255 255
211.13 335.801 0 255 255 255 255
213.044 336.384 0 255 255 255 255
214.925 337.058 0 255 255 255 255
216.769 337.828 0 255 255 255 255
218.549 338.741 0 255 255 255 255
220.249 339.79 0 255 255 255 255
221.87 340.958 0 255 255 255 255
223.396 342.247 0 255 255 255 255
224.815 343.656 0 255 255 255 255
226.079 345.206 0 255 255 255 255
227.214 346.851 0 255 255 255 255
228.218 348.578 0 255 255 255 255
229.095 350.374 0 255 255 255 255
229.851 352.225 0 255 255 255 255
230.444 354.135 0 255 255 255 255
230.933 356.073 0 255 255 255 255
231.33 358.032 0 255 255 255 255
231.629 360.01 0 255 255 255 255
231.814 362.001 0 255 255 255 255
231.938 363.996 0 255 255 255 255
231.992 365.995 0 255 255 255 255
232 367.995 0 255 255 255 255
232 369.995 0 255 255 255 255
232 371.995 0 255 255 255 255
232 373.995 0 255 255 255 255
232 375.995 0 255 255 255 255
232 377.995 0 255 255 255 255
232 379.995 0 255 255 255 255
232 381.995 0 255 255 255 255
232 383.995 0 255 255 255 255
232 385.995 0 255 255 255 255
232 387.995 0 255 255 255 255
232 389.995 0 255 255 255 255
232 391.995 0 255 255 255 255
232 393.995 0 255 255 255 255
232 395.995 0 255 255 255 255
232 397.995 0 255 255 255 255
232 399.995 0 255 255 255 255
232 401.995 0 255 255 255 255
232 403.995 0 255 255 255 255
232 405.995 0 255 255 255 255
232 407.995 0 255 255 255 255
232 409.995 0 255 255 255 255
232 411.995 0 255 255 255 255
232 413.995 0 255 255 255 255
231.305 415.3 0 255 255 255 255
229.305 415.3 0 255 255 255 255
227.305 415.3 0 255 255 255 255
225.305 415.3 0 255 255 255 255
223.305 415.3 0 255 255 255 255
221.305 415.3 0 255 255 255 255
219.305 415.3 0 255 255 255 255
217.305 415.3 0 255 255 255 255
215.305 415.3 0 255 255 255 255
213.305 415.3 0 255 255 255 255
211.305 415.3 0 255 255 255 255
209.305 415.3 0 255 255 255 255
207.305 415.3 0 255 255 255 255
205.305 415.3 0 255 255 255 255
204.884 413.705 0 255 255 255 255
204.863 411.705 0 255 255 255 255
204.843 409.705 0 255 255 255 255
204.822 407.705 0 255 255 255 255
204.802 405.705 0 255 255 255 255
204.781 403.705 0 255 255 255 255
204.761 401.705 0 255 255 255 255
204.74 399.706 0 255 255 255 255
204.72 397.706 0 255 255 255 255
204.606 395.8 0 255 255 255 255
202.606 395.8 0 255 255 255 255
200.606 395.8 0 255 255 255 255
198.606 395.8 0 255 255 255 255
196.606 395.8 0 255 255 255 255
194.606 395.8 0 255 255 255 255
192.606 395.8 0 255 255 255 255
190.606 395.8 0 255 255 255 255
188.897 396.094 0 255 255 255 255
188.876 398.094 0 255 255 255 255
188.856 400.094 0 255 255 255 255
188.835 402.094 0 255 255 255 255
188.815 404.094 0 255 255 255 255
188.794 406.094 0 255 255 255 255
188.774 408.094 0 255 255 255 255
188.753 410.093 0 255 255 255 255
188.733 412.093 0 255 255 255 255
188.712 414.093 0 255 255 255 255
187.907 415.3 0 255 255 255 255
185.907 415.3 0 255 255 255 255
183.907 415.3 0 255 255 255 255
181.907 415.3 0 255 255 255 255
179.907 415.3 0 255 255 255 255
177.907 415.3 0 255 255 255 255
175.907 415.3 0 255 255 255 255
173.907 415.3 0 255 255 255 255
171.907 415.3 0 255 255 255 255
169.907 415.3 0 255 255 255 255
167.907 415.3 0 255 255 255 255
165.907 415.3 0 255 255 255 255
163.907 415.3 0 255 255 255 255
161.907 415.3 0 255 255 255 255
189 377.9 0 255 255 255 255
191 377.9 0 255 255 255 255
193 377.9 0 255 255 255 255
195 377.9 0 255 255 255 255
197 377.9 0 255 255 255 255
199 377.9 0 255 255 255 255
201 377.9 0 255 255 255 255
203 377.9 0 255 255 255 255
204.496 377.4 0 255 255 255 255
204.482 375.4 0 255 255 255 255
204.467 373.4 0 255 255 255 255
204.453 371.4 0 255 255 255 255
204.438 369.4 0 255 255 255 255
204.423 367.4 0 255 255 255 255
204.409 365.4 0 255 255 255 255
204.359 363.401 0 255 255 255 255
203.983 361.441 0 255 255 255 255
203.132 359.64 0 255 255 255 255
201.749 358.21 0 255 255 255 255
199.981 357.292 0 255 255 255 255
198.032 356.866 0 255 255 255 255
196.035 356.827 0 255 255 255 255
194.066 357.154 0 255 255 255 255
192.237 357.945 0 255 255 255 255
190.749 359.265 0 255 255 255 255
189.771 360.999 0 255 255 255 255
189.298 362.936 0 255 255 255 255
189.189 364.932 0 255 255 255 255
189.16 366.932 0 255 255 255 255
189.131 368.931 0 255 255 255 255
189.102 370.931 0 255 255 255 255
189.073 372.931 0 255 255 255 255
189.043 374.931 0 255 255 255 255
189.014 376.931 0 255 255 255 255
95 162.5 0 255 255 255 255
95 160.5 0 255 255 255 255
95 158.5 0 255 255 255 255
95 156.5 0 255 255 255 255
95 154.5 0 255 255 255 255
95 152.5 0 255 255 255 255
95 150.5 0 255 255 255 255
95 148.5 0 255 255 255 255
95 146.5 0 255 255 255 255
95 144.5 0 255 255 255 255
95 142.5 0 255 255 255 255
95 140.5 0 255 255 255 255
95 138.5 0 255 255 255 255
95 136.5 0 255 255 255 255
95 134.5 0 255 255 255 255
95 132.5 0 255 255 255 255
95 130.5 0 255 255 255 255
95 128.5 0 255 255 255 255
95 126.5 0 255 255 255 255
95 124.5 0 255 255 255 255
95 122.5 0 255 255 255 255
95 120.5 0 255 255 255 255
95 118.5 0 255 255 255 255
95 116.5 0 255 255 255 255
95 114.5 0 255 255 255 255
95 112.5 0 255 255 255 255
95 110.5 0 255 255 255 255
95 108.5 0 255 255 255 255
95 106.5 0 255 255 255 255
95 104.5 0 255 255 255 255
95 102.5 0 255 255 255 255
95 100.5 0 255 255 255 255
95 98.5 0 255 255 255 255
95 96.5 0 255 255 255 255
95 94.5 0 255 255 255 255
95 92.5 0 255 255 255 255
95 90.5 0 255 255 255 255
95 88.5 0 255 255 255 255
95 86.5 0 255 255 255 255
95 84.5 0 255 255 255 255
96 83.5 0 255 255 255 255
98 83.5 0 255 255 255 255
100 83.5 0 255 255 255 255
102 83.5 0 255 255 255 255
104 83.5 0 255 255 255 255
106 83.5 0 255 255 255 255
108 83.5 0 255 255 255 255
110 83.5 0 255 255 255 255
112 83.5 0 255 255 255 255
114 83.5 0 255 255 255 255
116 83.5 0 255 255 255 255
118 83.5 0 255 255 255 255
120 83.5 0 255 255 255 255
122 83.5 0 255 255 255 255
124 83.5 0 255 255 255 255
126 83.5 0 255 255 255 255
128 83.5 0 255 255 255 255
130 83.5 0 255 255 255 255
132 83.5 0 255 255 255 255
134 83.5 0 255 255 255 255
136 83.5 0 255 255 255 255
138 83.5 0 255 255 255 255
140 83.5 0 255 255 255 255
142 83.5 0 255 255 255 255
144 83.5 0 255 255 255 255
146 83.5 0 255 255 255 255
148 83.5 0 255 255 255 255
150 83.5 0 255 255 255 255
152 83.5 0 255 255 255 255
154 83.5 0 255 255 255 255
156 83.5 0 255 255 255 255
157.4 84.1 0 255 255 255 255
157.4 86.1 0 255 255 255 255
157.4 88.1 0 255 255 255 255
157.4 90.1 0 255 255 255 255
157.4 92.1 0 255 255 255 255
157.4 94.1 0 255 255 255 255
157.4 96.1 0 255 255 255 255
157.4 98.1 0 255 255 255 255
157.4 100.1 0 255 255 255 255
157.4 102.1 0 255 255 255 255
157.4 104.1 0 255 255 255 255
156.9 105.6 0 255 255 255 255
154.9 105.6 0 255 255 255 255
152.9 105.6 0 255 255 255 255
150.9 105.6 0 255 255 255 255
148.9 105.6 0 255 255 255 255
146.9 105.6 0 255 255 255 255
144.9 105.6 0 255 255 255 255
142.9 105.6 0 255 255 255 255
140.9 105.6 0 255 255 255 255
138.9 105.6 0 255 255 255 255
136.9 105.6 0 255 255 255 255
134.9 105.6 0 255 255 255 255
132.9 105.6 0 255 255 255 255
130.9 105.6 0 255 255 255 255
128.9 105.6 0 255 255 255 255
126.9 105.6 0 255 255 255 255
124.9 105.6 0 255 255 255 255
123.6 106.3 0 255 255 255 255
123.6 108.3 0 255 255 255 255
123.6 110.3 0 255 255 255 255
123.6 112.3 0 255 255 255 255
124.2 113.7 0 255 255 255 255
126.2 113.7 0 255 255 255 255
128.2 113.7 0 255 255 255 255
130.2 113.7 0 255 255 255 255
132.2 113.7 0 255 255 255 255
134.2 113.7 0 255 255 255 255
136.2 113.7 0 255 255 255 255
138.2 113.7 0 255 255 255 255
140.2 113.7 0 255 255 255 255
142.2 113.7 0 255 255 255 255
144.2 113.7 0 255 255 255 255
146.2 113.7 0 255 255 255 255
148.2 113.7 0 255 255 255 255
150.2 113.7 0 255 255 255 255
152.2 113.7 0 255 255 255 255
154.2 113.7 0 255 255 255 255
156.2 113.7 0 255 255 255 255
156.4 115.5 0 255 255 255 255
156.4 117.5 0 255 255 255 255
156.4 119.5 0 255 255 255 255
156.4 121.5 0 255 255 255 255
156.4 123.5 0 255 255 255 255
156.4 125.5 0 255 255 255 255
156.4 127.5 0 255 255 255 255
156.4 129.5 0 255 255 255 255
156.4 131.5 0 255 255 255 255
155.4 132.5 0 255 255 255 255
153.4 132.5 0 255 255 255 255
151.4 132.5 0 255 255 255 255
149.4 132.5 0 255 255 255 255
147.4 132.5 0 255 255 255 255
145.4 132.5 0 255 255 255 255
143.4 132.5 0 255 255 255 255
141.4 132.5 0 255 255 255 255
139.4 132.5 0 255 255 255 255
137.4 132.5 0 255 255 255 255
135.4 132.5 0 255 255 255 255
133.4 132.5 0 255 255 255 255
131.4 132.5 0 255 255 255 255
129.4 132.5 0 255 255 255 255
127.4 132.5 0 255 255 255 255
125.4 132.5 0 255 255 255 255
123.6 132.7 0 255 255 255 255
123.6 134.7 0 255 255 255 255
123.6 136.7 0 255 255 255 255
123.6 138.7 0 255 255 255 255
123.9 140.4 0 255 255 255 255
125.9 140.4 0 255 255 255 255
127.9 140.4 0 255 255 255 255
129.9 140.4 0 255 255 255 255
131.9 140.4 0 255 255 255 255
133.9 140.4 0 255 255 255 255
135.9 140.4 0 255 255 255 255
137.9 140.4 0 255 255 255 255
139.9 140.4 0 255 255 255 255
141.9 140.4 0 255 255 255 255
143.9 140.4 0 255 255 255 255
145.9 140.4 0 255 255 255 255
147.9 140.4 0 255 255 255 255
149.9 140.4 0 255 255 255 255
151.9 140.4 0 255 255 255 255
153.9 140.4 0 255 255 255 255
155.9 140.4 0 255 255 255 255
157.4 140.9 0 255 255 255 255
157.4 142.9 0 255 255 255 255
157.4 144.9 0 255 255 255 255
157.4 146.9 0 255 255 255 255
157.4 148.9 0 255 255 255 255
157.4 150.9 0 255 255 255 255
157.4 152.9 0 255 255 255 255
157.4 154.9 0 255 255 255 255
157.4 156.9 0 255 255 255 255
157.4 158.9 0 255 255 255 255
157.4 160.9 0 255 255 255 255
157 162.5 0 255 255 255 255
155 162.5 0 255 255 255 255
153 162.5 0 255 255 255 255
151 162.5 0 255 255 255 255
149 162.5 0 255 255 255 255
147 162.5 0 255 255 255 255
145 162.5 0 255 255 255 255
143 162.5 0 255 255 255 255
141 162.5 0 255 255 255 255
139 162.5 0 255 255 255 255
137 162.5 0 255 255 255 255
135 162.5 0 255 255 255 255
133 162.5 0 255 255 255 255
131 162.5 0 255 255 255 255
129 162.5 0 255 255 255 255
127 162.5 0 255 255 255 255
125 162.5 0 255 255 255 255
123 162.5 0 255 255 255 255
121 162.5 0 255 255 255 255
119 162.5 0 255 255 255 255
117 162.5 0 255 255 255 255
115 162.5 0 255 255 255 255
113 162.5 0 255 255 255 255
111 162.5 0 255 255 255 255
109 162.5 0 255 255 255 255
107 162.5 0 255 255 255 255
105 162.5 0 255 255 255 255
103 162.5 0 255 255 255 255
101 162.5 0 255 255 255 255
99 162.5 0 255 255 255 255
97 162.5 0 255 255 255 255
95 330.1 0 255 255 255 255
95 328.1 0 255 255 255 255
95 326.1 0 255 255 255 255
95 324.1 0 255 255 255 255
95 322.1 0 255 255 255 255
95 320.1 0 255 255 255 255
95 318.1 0 255 255 255 255
95 316.1 0 255 255 255 255
95 314.1 0 255 255 255 255
95 312.1 0 255 255 255 255
95 310.1 0 255 255 255 255
95 308.1 0 255 255 255 255
95 306.1 0 255 255 255 255
95 304.1 0 255 255 255 255
95 302.1 0 255 255 255 255
95 300.1 0 255 255 255 255
95 298.1 0 255 255 255 255
95 296.1 0 255 255 255 255
95 294.1 0 255 255 255 255
95 292.1 0 255 255 255 255
95 290.1 0 255 255 255 255
95 288.1 0 255 255 255 255
95 286.1 0 255 255 255 255
95 284.1 0 255 255 255 255
95 282.1 0 255 255 255 255
95 280.1 0 255 255 255 255
95 278.1 0 255 255 255 255
95 276.1 0 255 255 255 255
95 274.1 0 255 255 255 255
95 272.1 0 255 255 255 255
95 270.1 0 255 255 255 255
95 268.1 0 255 255 255 255
95 266.1 0 255 255 255 255
95 264.1 0 255 255 255 255
95 262.1 0 255 255 255 255
95 260.1 0 255 255 255 255
95 258.1 0 255 255 255 255
95 256.1 0 255 255 255 255
95 254.1 0 255 255 255 255
95 252.1 0 255 255 255 255
96 251.1 0 255 255 255 255
98 251.1 0 255 255 255 255
100 251.1 0 255 255 255 255
102 251.1 0 255 255 255 255
104 251.1 0 255 255 255 255
106 251.1 0 255 255 255 255
108 251.1 0 255 255 255 255
110 251.1 0 255 255 255 255
112 251.1 0 255 255 255 255
114 251.1 0 255 255 255 255
116 251.1 0 255 255 255 255
118 251.1 0 255 255 255 255
120 251.1 0 255 255 255 255
122 251.1 0 255 255 255 255
124 251.1 0 255 255 255 255
126 251.1 0 255 255 255 255
128 251.1 0 255 255 255 255
130 251.1 0 255 255 255 255
132 251.1 0 255 255 255 255
134 251.1 0 255 255 255 255
136 251.1 0 255 255 255 255
138 251.1 0 255 255 255 255
140 251.1 0 255 255 255 255
142 251.1 0 255 255 255 255
144 251.1 0 255 255 255 255
146 251.1 0 255 255 255 255
148 251.1 0 255 255 255 255
150 251.1 0 255 255 255 255
152 251.1 0 255 255 255 255
154 251.1 0 255 255 255 255
156 251.1 0 255 255 255 255
157.4 251.7 0 255 255 255 255
157.4 253.7 0 255 255 255 255
157.4 255.7 0 255 255 255 255
157.4 257.7 0 255 255 255 255
157.4 259.7 0 255 255 255 255
157.4 261.7 0 255 255 255 255
157.4 263.7 0 255 255 255 255
157.4 265.7 0 255 255 255 255
157.4 267.7 0 255 255 255 255
157.4 269.7 0 255 255 255 255
157.4 271.7 0 255 255 255 255
156.9 273.2 0 255 255 255 255
154.9 273.2 0 255 255 255 255
152.9 273.2 0 255 255 255 255
150.9 273.2 0 255 255 255 255
148.9 273.2 0 255 255 255 255
146.9 273.2 0 255 255 255 255
144.9 273.2 0 255 255 255 255
142.9 273.2 0 255 255 255 255
140.9 273.2 0 255 255 255 255
138.9 273.2 0 255 255 255 255
136.9 273.2 0 255 255 255 255
134.9 273.2 0 255 255 255 255
132.9 273.2 0 255 255 255 255
130.9 273.2 0 255 255 255 255
128.9 273.2 0 255 255 255 255
126.9 273.2 0 255 255 255 255
124.9 273.2 0 255 255 255 255
123.6 273.9 0 255 255 255 255
123.6 275.9 0 255 255 255 255
123.6 277.9 0 255 255 255 255
123.6 279.9 0 255 255 255 255
124.2 281.3 0 255 255 255 255
126.2 281.3 0 255 255 255 255
128.2 281.3 0 255 255 255 255
130.2 281.3 0 255 255 255 255
132.2 281.3 0 255 255 255 255
134.2 281.3 0 255 255 255 255
136.2 281.3 0 255 255 255 255
138.2 281.3 0 255 255 255 255
140.2 281.3 0 255 255 255 255
142.2 281.3 0 255 255 255 255
144.2 281.3 0 255 255 255 255
146.2 281.3 0 255 255 255 255
148.2 281.3 0 255 255 255 255
150.2 281.3 0 255 255 255 255
152.2 281.3 0 255 255 255 255
154.2 281.3 0 255 255 255 255
156.2 281.3 0 255 255 255 255
156.4 283.1 0 255 255 255 255
156.4 285.1 0 255 255 255 255
156.4 287.1 0 255 255 255 255
156.4 289.1 0 255 255 255 255
156.4 291.1 0 255 255 255 255
156.4 293.1 0 255 255 255 255
156.4 295.1 0 255 255 255 255
156.4 297.1 0 255 255 255 255
156.4 299.1 0 255 255 255 255
155.4 300.1 0 255 255 255 255
153.4 300.1 0 255 255 255 255
151.4 300.1 0 255 255 255 255
149.4 300.1 0 255 255 255 255
147.4 300.1 0 255 255 255 255
145.4 300.1 0 255 255 255 255
143.4 300.1 0 255 255 255 255
141.4 300.1 0 255 255 255 255
139.4 300.1 0 255 255 255 255
137.4 300.1 0 255 255 255 255
135.4 300.1 0 255 255 255 255
133.4 300.1 0 255 255 255 255
131.4 300.1 0 255 255 255 255
129.4 300.1 0 255 255 255 255
127.4 300.1 0 255 255 255 255
125.4 300.1 0 255 255 255 255
123.6 300.3 0 255 255 255 255
123.6 302.3 0 255 255 255 255
123.6 304.3 0 255 255 255 255
123.6 306.3 0 255 255 255 255
123.9 308 0 255 255 255 255
125.9 308 0 255 255 255 255
127.9 308 0 255 255 255 255
129.9 308 0 255 255 255 255
131.9 308 0 255 255 255 255
133.9 308 0 255 255 255 255
135.9 308 0 255 255 255 255
137.9 308 0 255 255 255 255
139.9 308 0 255 255 255 255
141.9 308 0 255 255 255 255
143.9 308 0 255 255 255 255
145.9 308 0 255 255 255 255
147.9 308 0 255 255 255 255
149.9 308 0 255 255 255 255
151.9 308 0 255 255 255 255
153.9 308 0 255 255 255 255
155.9 308 0 255 255 255 255
157.4 308.5 0 255 255 255 255
157.4 310.5 0 255 255 255 255
157.4 312.5 0 255 255 255 255
157.4 314.5 0 255 255 255 255
157.4 316.5 0 255 255 255 255
157.4 318.5 0 255 255 255 255
157.4 320.5 0 255 255 255 255
157.4 322.5 0 255 255 255 255
157.4 324.5 0 255 255 255 255
157.4 326.5 0 255 255 255 255
157.4 328.5 0 255 255 255 255
157 330.1 0 255 255 255 255
155 330.1 0 255 255 255 255
153 330.1 0 255 255 255 255
151 330.1 0 255 255 255 255
149 330.1 0 255 255 255 255
147 330.1 0 255 255 255 255
145 330.1 0 255 255 255 255
143 330.1 0 255 255 255 255
141 330.1 0 255 255 255 255
139 330.1 0 255 255 255 255
137 330.1 0 255 255 255 255
135 330.1 0 255 255 255 255
133 330.1 0 255 255 255 255
131 330.1 0 255 255 255 255
129 330.1 0 255 255 255 255
127 330.1 0 255 255 255 255
125 330.1 0 255 255 255 255
123 330.1 0 255 255 255 255
121 330.1 0 255 255 255 255
119 330.1 0 255 255 255 255
117 330.1 0 255 255 255 255
115 330.1 0 255 255 255 255
113 330.1 0 255 255 255 255
111 330.1 0 255 255 255 255
109 330.1 0 255 255 255 255
107 330.1 0 255 255 255 255
105 330.1 0 255 255 255 255
103 330.1 0 255 255 255 255
101 330.1 0 255 255 255 255
99 330.1 0 255 255 255 255
97 330.1 0 255 255 255 255
162.1 330.1 0 255 255 255 255
162.1 328.1 0 255 255 255 255
162.1 326.1 0 255 255 255 255
162.1 324.1 0 255 255 255 255
162.1 322.1 0 255 255 255 255
162.1 320.1 0 255 255 255 255
162.1 318.1 0 255 255 255 255
162.1 316.1 0 255 255 255 255
162.1 314.1 0 255 255 255 255
162.1 312.1 0 255 255 255 255
162.1 310.1 0 255 255 255 255
162.1 308.1 0 255 255 255 255
162.1 306.1 0 255 255 255 255
162.1 304.1 0 255 255 255 255
162.1 302.1 0 255 255 255 255
162.1 300.1 0 255 255 255 255
162.1 298.1 0 255 255 255 255
162.1 296.1 0 255 255 255 255
162.1 294.1 0 255 255 255 255
162.1 292.1 0 255 255 255 255
162.1 290.1 0 255 255 255 255
162.1 288.1 0 255 255 255 255
162.1 286.1 0 255 255 255 255
162.1 284.1 0 255 255 255 255
162.1 282.1 0 255 255 255 255
162.1 280.1 0 255 255 255 255
162.1 278.1 0 255 255 255 255
162.1 276.1 0 255 255 255 255
162.1 274.1 0 255 255 255 255
162.1 272.1 0 255 255 255 255
162.1 270.1 0 255 255 255 255
162.1 268.1 0 255 255 255 255
162.1 266.1 0 255 255 255 255
162.1 264.1 0 255 255 255 255
162.1 262.1 0 255 255 255 255
162.1 260.1 0 255 255 255 255
162.1 258.1 0 255 255 255 255
162.1 256.1 0 255 255 255 255
162.1 254.1 0 255 255 255 255
162.1 252.1 0 255 255 255 255
163.1 251.1 0 255 255 255 255
165.1 251.1 0 255 255 255 255
167.1 251.1 0 255 255 255 255
169.1 251.1 0 255 255 255 255
171.1 251.1 0 255 255 255 255
173.1 251.1 0 255 255 255 255
175.1 251.1 0 255 255 255 255
177.1 251.1 0 255 255 255 255
179.1 251.1 0 255 255 255 255
181.1 251.1 0 255 255 255 255
183.1 251.1 0 255 255 255 255
185.1 251.1 0 255 255 255 255
187.1 251.1 0 255 255 255 255
189.1 251.1 0 255 255 255 255
191.1 251.1 0 255 255 255 255
193.1 251.1 0 255 255 255 255
195.1 251.1 0 255 255 255 255
197.1 251.1 0 255 255 255 255
199.1 251.125 0 255 255 255 255
201.099 251.172 0 255 255 255 255
203.095 251.304 0 255 255 255 255
205.086 251.49 0 255 255 255 255
207.07 251.732 0 255 255 255 255
209.042 252.067 0 255 255 255 255
210.997 252.488 0 255 255 255 255
212.931 252.992 0 255 255 255 255
214.839 253.591 0 255 255 255 255
216.71 254.297 0 255 255 255 255
218.525 255.135 0 255 255 255 255
220.274 256.105 0 255 255 255 255
221.939 257.211 0 255 255 255 255
223.5 258.459 0 255 255 255 255
224.931 259.853 0 255 255 255 255
226.209 261.389 0 255 255 255 255
227.312 263.055 0 255 255 255 255
228.222 264.834 0 255 255 255 255
228.93 266.703 0 255 255 255 255
229.435 268.637 0 255 255 255 255
229.744 270.611 0 255 255 255 255
229.873 272.605 0 255 255 255 255
229.863 274.604 0 255 255 255 255
229.729 276.599 0 255 255 255 255
229.474 278.582 0 255 255 255 255
229.076 280.542 0 255 255 255 255
228.527 282.464 0 255 255 255 255
227.83 284.338 0 255 255 255 255
226.972 286.143 0 255 255 255 255
225.943 287.857 0 255 255 255 255
224.759 289.467 0 255 255 255 255
223.419 290.95 0 255 255 255 255
221.933 292.287 0 255 255 255 255
220.324 293.472 0 255 255 255 255
218.603 294.49 0 255 255 255 255
218.52 296.015 0 255 255 255 255
219.306 297.854 0 255 255 255 255
220.093 299.693 0 255 255 255 255
220.88 301.532 0 255 255 255 255
221.666 303.37 0 255 255 255 255
222.453 305.209 0 255 255 255 255
223.239 307.048 0 255 255 255 255
224.026 308.887 0 255 255 255 255
224.812 310.726 0 255 255 255 255
225.599 312.565 0 255 255 255 255
226.386 314.403 0 255 255 255 255
227.172 316.242 0 255 255 255 255
227.959 318.081 0 255 255 255 255
228.745 319.92 0 255 255 255 255
229.532 321.759 0 255 255 255 255
230.318 323.597 0 255 255 255 255
231.105 325.436 0 255 255 255 255
231.892 327.275 0 255 255 255 255
232.678 329.114 0 255 255 255 255
232.172 330.1 0 255 255 255 255
230.172 330.1 0 255 255 255 255
228.172 330.1 0 255 255 255 255
226.172 330.1 0 255 255 255 255
224.172 330.1 0 255 255 255 255
222.172 330.1 0 255 255 255 255
220.172 330.1 0 255 255 255 255
218.172 330.1 0 255 255 255 255
216.172 330.1 0 255 255 255 255
214.172 330.1 0 255 255 255 255
212.172 330.1 0 255 255 255 255
210.172 330.1 0 255 255 255 255
208.172 330.1 0 255 255 255 255
206.172 330.1 0 255 255 255 255
204.172 330.1 0 255 255 255 255
202.172 330.1 0 255 255 255 255
200.976 329.02 0 255 255 255 255
200.4 327.105 0 255 255 255 255
199.825 325.189 0 255 255 255 255
199.25 323.274 0 255 255 255 255
198.674 321.358 0 255 255 255 255
198.099 319.443 0 255 255 255 255
197.524 317.527 0 255 255 255 255
196.948 315.612 0 255 255 255 255
196.373 313.696 0 255 255 255 255
195.798 311.781 0 255 255 255 255
195.222 309.865 0 255 255 255 255
194.647 307.95 0 255 255 255 255
194.072 306.034 0 255 255 255 255
193.497 304.119 0 255 255 255 255
192.921 302.204 0 255 255 255 255
191.221 301.8 0 255 255 255 255
189.6 302.179 0 255 255 255 255
189.6 304.179 0 255 255 255 255
189.6 306.179 0 255 255 255 255
189.6 308.179 0 255 255 255 255
189.6 310.179 0 255 255 255 255
189.6 312.179 0 255 255 255 255
189.6 314.179 0 255 255 255 255
189.6 316.179 0 255 255 255 255
189.6 318.179 0 255 255 255 255
189.6 320.179 0 255 255 255 255
189.6 322.179 0 255 255 255 255
189.6 324.179 0 255 255 255 255
189.6 326.179 0 255 255 255 255
189.6 328.179 0 255 255 255 255
189.521 330.1 0 255 255 255 255
187.521 330.1 0 255 255 255 255
185.521 330.1 0 255 255 255 255
183.521 330.1 0 255 255 255 255
181.521 330.1 0 255 255 255 255
179.521 330.1 0 255 255 255 255
177.521 330.1 0 255 255 255 255
175.521 330.1 0 255 255 255 255
173.521 330.1 0 255 255 255 255
171.521 330.1 0 255 255 255 255
169.521 330.1 0 255 255 255 255
167.521 330.1 0 255 255 255 255
165.521 330.1 0 255 255 255 255
163.521 330.1 0 255 255 255 255
194.6 282.1 0 255 255 255 255
196.593 281.962 0 255 255 255 255
198.528 281.472 0 255 255 255 255
200.251 280.478 0 255 255 255 255
201.461 278.907 0 255 255 255 255
201.968 276.984 0 255 255 255 255
201.881 274.992 0 255 255 255 255
201.157 273.142 0 255 255 255 255
199.748 271.744 0 255 255 255 255
197.931 270.928 0 255 255 255 255
195.968 270.563 0 255 255 255 255
193.97 270.5 0 255 255 255 255
191.97 270.5 0 255 255 255 255
189.97 270.5 0 255 255 255 255
189.5 272.03 0 255 255 255 255
189.5 274.031 0 255 255 255 255
189.5 276.031 0 255 255 255 255
189.5 278.03 0 255 255 255 255
189.5 280.03 0 255 255 255 255
189.5 282.03 0 255 255 255 255
191.43 282.1 0 255 255 255 255
193.43 282.1 0 255 255 255 255
234.7 330.1 0 255 255 255 255
234.7 328.1 0 255 255 255 255
234.7 326.1 0 255 255 255 255
234.7 324.1 0 255 255 255 255
234.7 322.1 0 255 255 255 255
234.7 320.1 0 255 255 255 255
234.7 318.1 0 255 255 255 255
234.7 316.1 0 255 255 255 255
234.7 314.1 0 255 255 255 255
234.7 312.1 0 255 255 255 255
234.7 310.1 0 255 255 255 255
234.7 308.1 0 255 255 255 255
234.7 306.1 0 255 255 255 255
234.7 304.1 0 255 255 255 255
234.7 302.1 0 255 255 255 255
234.7 300.1 0 255 255 255 255
234.7 298.1 0 255 255 255 255
234.7 296.1 0 255 255 255 255
234.7 294.1 0 255 255 255 255
234.7 292.1 0 255 255 255 255
234.7 290.1 0 255 255 255 255
234.7 288.1 0 255 255 255 255
234.7 286.1 0 255 255 255 255
234.7 284.1 0 255 255 255 255
234.7 282.1 0 255 255 255 255
234.728 280.1 0 255 255 255 255
234.784 278.101 0 255 255 255 255
234.957 276.109 0 255 255 255 255
235.197 274.124 0 255 255 255 255
235.515 272.15 0 255 255 255 255
235.973 270.203 0 255 255 255 255
236.536 268.286 0 255 255 255 255
237.208 266.404 0 255 255 255 255
237.997 264.567 0 255 255 255 255
238.95 262.808 0 255 255 255 255
240.037 261.131 0 255 255 255 255
241.249 259.544 0 255 255 255 255
242.583 258.056 0 255 255 255 255
244.029 256.675 0 255 255 255 255
245.609 255.449 0 255 255 255 255
247.274 254.345 0 255 255 255 255
249.009 253.354 0 255 255 255 255
250.801 252.467 0 255 255 255 255
252.664 251.74 0 255 255 255 255
254.559 251.105 0 255 255 255 255
256.479 250.544 0 255 255 255 255
258.433 250.122 0 255 255 255 255
260.399 249.76 0 255 255 255 255
262.379 249.473 0 255 255 255 255
264.368 249.277 0 255 255 255 255
266.361 249.114 0 255 255 255 255
268.36 249.053 0 255 255 255 255
270.36 249.001 0 255 255 255 255
272.359 249.052 0 255 255 255 255
274.358 249.114 0 255 255 255 255
276.351 249.281 0 255 255 255 255
278.339 249.486 0 255 255 255 255
280.318 249.779 0 255 255 255 255
282.28 250.16 0 255 255 255 255
284.23 250.601 0 255 255 255 255
286.143 251.184 0 255 255 255 255
288.025 251.858 0 255 255 255 255
289.869 252.628 0 255 255 255 255
291.649 253.541 0 255 255 255 255
293.349 254.59 0 255 255 255 255
294.97 255.758 0 255 255 255 255
296.496 257.048 0 255 255 255 255
297.915 258.456 0 255 255 255 255
299.18 260.006 0 255 255 255 255
300.314 261.651 0 255 255 255 255
301.318 263.378 0 255 255 255 255
302.195 265.174 0 255 255 255 255
302.951 267.025 0 255 255 255 255
303.544 268.935 0 255 255 255 255
304.033 270.873 0 255 255 255 255
304.43 272.832 0 255 255 255 255
304.729 274.81 0 255 255 255 255
304.914 276.801 0 255 255 255 255
305.038 278.796 0 255 255 255 255
305.092 280.795 0 255 255 255 255
305.1 282.795 0 255 255 255 255
305.1 284.795 0 255 255 255 255
305.1 286.795 0 255 255 255 255
305.1 288.795 0 255 255 255 255
305.1 290.795 0 255 255 255 255
305.1 292.795 0 255 255 255 255
305.1 294.795 0 255 255 255 255
305.1 296.795 0 255 255 255 255
305.1 298.795 0 255 255 255 255
305.1 300.795 0 255 255 255 255
305.1 302.795 0 255 255 255 255
305.1 304.795 0 255 255 255 255
305.1 306.795 0 255 255 255 255
305.1 308.795 0 255 255 255 255
305.1 310.795 0 255 255 255 255
305.1 312.795 0 255 255 255 255
305.1 314.795 0 255 255 255 255
305.1 316.795 0 255 255 255 255
305.1 318.795 0 255 255 255 255
305.1 320.795 0 255 255 255 255
305.1 322.795 0 255 255 255 255
305.1 324.795 0 255 255 255 255
305.1 326.795 0 255 255 255 255
305.1 328.795 0 255 255 255 255
304.405 330.1 0 255 255 255 255
302.405 330.1 0 255 255 255 255
300.405 330.1 0 255 255 255 255
298.405 330.1 0 255 255 255 255
296.405 330.1 0 255 255 255 255
294.405 330.1 0 255 255 255 255
292.405 330.1 0 255 255 255 255
290.405 330.1 0 255 255 255 255
288.405 330.1 0 255 255 255 255
286.405 330.1 0 255 255 255 255
284.405 330.1 0 255 255 255 255
282.405 330.1 0 255 255 255 255
280.405 330.1 0 255 255 255 255
278.405 330.1 0 255 255 255 255
277.984 328.505 0 255 255 255 255
277.963 326.505 0 255 255 255 255
277.943 324.505 0 255 255 255 255
277.922 322.505 0 255 255 255 255
277.902 320.505 0 255 255 255 255
277.881 318.505 0 255 255 255 255
277.861 316.505 0 255 255 255 255
277.84 314.506 0 255 255 255 255
277.82 312.506 0 255 255 255 255
277.706 310.6 0 255 255 255 255
275.706 310.6 0 255 255 255 255
273.706 310.6 0 255 255 255 255
271.706 310.6 0 255 255 255 255
269.706 310.6 0 255 255 255 255
267.706 310.6 0 255 255 255 255
265.706 310.6 0 255 255 255 255
263.706 310.6 0 255 255 255 255
261.997 310.894 0 255 255 255 255
261.976 312.894 0 255 255 255 255
261.956 314.894 0 255 255 255 255
261.935 316.894 0 255 255 255 255
261.915 318.894 0 255 255 255 255
261.894 320.894 0 255 255 255 255
261.874 322.894 0 255 255 255 255
261.853 324.893 0 255 255 255 255
261.833 326.893 0 255 255 255 255
261.812 328.893 0 255 255 255 255
261.007 330.1 0 255 255 255 255
259.007 330.1 0 255 255 255 255
257.007 330.1 0 255 255 255 255
255.007 330.1 0 255 255 255 255
253.007 330.1 0 255 255 255 255
251.007 330.1 0 255 255 255 255
249.007 330.1 0 255 255 255 255
247.007 330.1 0 255 255 255 255
245.007 330.1 0 255 255 255 255
243.007 330.1 0 255 255 255 255
241.007 330.1 0 255 255 255 255
239.007 330.1 0 255 255 255 255
237.007 330.1 0 255 255 255 255
235.007 330.1 0 255 255 255 255
262.1 292.7 0 255 255 255 255
264.1 292.7 0 255 255 255 255
266.1 292.7 0 255 255 255 255
268.1 292.7 0 255 255 255 255
270.1 292.7 0 255 255 255 255
272.1 292.7 0 255 255 255 255
274.1 292.7 0 255 255 255 255
276.1 292.7 0 255 255 255 255
277.596 292.2 0 255 255 255 255
277.582 290.2 0 255 255 255 255
277.567 288.2 0 255 255 255 255
277.553 286.2 0 255 255 255 255
277.538 284.2 0 255 255 255 255
277.523 282.2 0 255 255 255 255
277.509 280.2 0 255 255 255 255
277.459 278.201 0 255 255 255 255
277.083 276.241 0 255 255 255 255
276.232 274.44 0 255 255 255 255
274.849 273.01 0 255 255 255 255
273.081 272.092 0 255 255 255 255
271.132 271.666 0 255 255 255 255
269.135 271.627 0 255 255 255 255
267.166 271.954 0 255 255 255 255
265.337 272.745 0 255 255 255 255
263.849 274.065 0 255 255 255 255
262.871 275.799 0 255 255 255 255
262.398 277.736 0 255 255 255 255
262.289 279.732 0 255 255 255 255
262.26 281.732 0 255 255 255 255
262.231 283.732 0 255 255 255 255
262.202 285.731 0 255 255 255 255
262.173 287.731 0 255 255 255 255
262.143 289.731 0 255 255 255 255
262.114 291.731 0 255 255 255 255
234.7 498.1 0 255 255 255 255
234.7 496.1 0 255 255 255 255
234.7 494.1 0 255 255 255 255
234.7 492.1 0 255 255 255 255
234.7 490.1 0 255 255 255 255
234.7 488.1 0 255 255 255 255
234.7 486.1 0 255 255 255 255
234.7 484.1 0 255 255 255 255
234.7 482.1 0 255 255 255 255
234.7 480.1 0 255 255 255 255
234.7 478.1 0 255 255 255 255
234.7 476.1 0 255 255 255 255
234.7 474.1 0 255 255 255 255
234.7 472.1 0 255 255 255 255
234.7 470.1 0 255 255 255 255
234.7 468.1 0 255 255 255 255
234.7 466.1 0 255 255 255 255
234.7 464.1 0 255 255 255 255
234.7 462.1 0 255 255 255 255
234.7 460.1 0 255 255 255 255
234.7 458.1 0 255 255 255 255
234.7 456.1 0 255 255 255 255
234.7 454.1 0 255 255 255 255
234.7 452.1 0 255 255 255 255
234.7 450.1 0 255 255 255 255
234.728 448.1 0 255 255 255 255
234.784 446.101 0 255 255 255 255
234.957 444.109 0 255 255 255 255
235.197 442.124 0 255 255 255 255
235.515 440.15 0 255 255 255 255
235.973 438.203 0 255 255 255 255
236.536 436.286 0 255 255 255 255
237.208 434.404 0 255 255 255 255
237.997 432.567 0 255 255 255 255
238.95 430.808 0 255 255 255 255
240.037 429.131 0 255 255 255 255
241.249 427.544 0 255 255 255 255
242.583 426.056 0 255 255 255 255
244.029 424.675 0 255 255 255 255
245.609 423.449 0 255 255 255 255
247.274 422.345 0 255 255 255 255
249.009 421.354 0 255 255 255 255
250.801 420.467 0 255 255 255 255
252.664 419.74 0 255 255 255 255
254.559 419.105 0 255 255 255 255
256.478 418.544 0 255 255 255 255
258.433 418.122 0 255 255 255 255
260.399 417.76 0 255 255 255 255
262.379 417.473 0 255 255 255 255
264.368 417.277 0 255 255 255 255
266.361 417.114 0 255 255 255 255
268.36 417.053 0 255 255 255 255
270.36 417.001 0 255 255 255 255
272.359 417.052 0 255 255 255 255
274.358 417.114 0 255 255 255 255
276.351 417.281 0 255 255 255 255
278.339 417.486 0 255 255 255 255
280.318 417.779 0 255 255 255 255
282.28 418.16 0 255 255 255 255
284.23 418.601 0 255 255 255 255
286.143 419.184 0 255 255 255 255
288.025 419.858 0 255 255 255 255
289.869 420.628 0 255 255 255 255
291.649 421.541 0 255 255 255 255
293.349 422.59 0 255 255 255 255
294.97 423.758 0 255 255 255 255
296.496 425.047 0 255 255 255 255
297.915 426.456 0 255 255 255 255
299.18 428.006 0 255 255 255 255
300.314 429.651 0 255 255 255 255
301.318 431.378 0 255 255 255 255
302.195 433.174 0 255 255 255 255
302.951 435.025 0 255 255 255 255
303.544 436.935 0 255 255 255 255
304.033 438.873 0 255 255 255 255
304.43 440.832 0 255 255 255 255
304.729 442.81 0 255 255 255 255
304.914 444.801 0 255 255 255 255
305.038 446.796 0 255 255 255 255
305.092 448.795 0 255 255 255 255
305.1 450.795 0 255 255 255 255
305.1 452.795 0 255 255 255 255
305.1 454.795 0 255 255 255 255
305.1 456.795 0 255 255 255 255
305.1 458.795 0 255 255 255 255
305.1 460.795 0 255 255 255 255
305.1 462.795 0 255 255 255 255
305.1 464.795 0 255 255 255 255
305.1 466.795 0 255 255 255 255
305.1 468.795 0 255 255 255 255
305.1 470.795 0 255 255 255 255
305.1 472.795 0 255 255 255 255
305.1 474.795 0 255 255 255 255
305.1 476.795 0 255 255 255 255
305.1 478.795 0 255 255 255 255
305.1 480.795 0 255 255 255 255
305.1 482.795 0 255 255 255 255
305.1 484.795 0 255 255 255 255
305.1 486.795 0 255 255 255 255
305.1 488.795 0 255 255 255 255
305.1 490.795 0 255 255 255 255
305.1 492.795 0 255 255 255 255
305.1 494.795 0 255 255 255 255
305.1 496.795 0 255 255 255 255
304.405 498.1 0 255 255 255 255
302.405 498.1 0 255 255 255 255
300.405 498.1 0 255 255 255 255
298.405 498.1 0 255 255 255 255
296.405 498.1 0 255 255 255 255
294.405 498.1 0 255 255 255 255
292.405 498.1 0 255 255 255 255
290.405 498.1 0 255 255 255 255
288.405 498.1 0 255 255 255 255
286.405 498.1 0 255 255 255 255
284.405 498.1 0 255 255 255 255
282.405 498.1 0 255 255 255 255
280.405 498.1 0 255 255 255 255
278.405 498.1 0 255 255 255 255
277.984 496.505 0 255 255 255 255
277.963 494.505 0 255 255 255 255
277.943 492.505 0 255 255 255 255
277.922 490.505 0 255 255 255 255
277.902 488.505 0 255 255 255 255
277.881 486.505 0 255 255 255 255
277.861 484.505 0 255 255 255 255
277.84 482.506 0 255 255 255 255
277.82 480.506 0 255 255 255 255
277.706 478.6 0 255 255 255 255
275.706 478.6 0 255 255 255 255
273.706 478.6 0 255 255 255 255
271.706 478.6 0 255 255 255 255
269.706 478.6 0 255 255 255 255
267.706 478.6 0 255 255 255 255
265.706 478.6 0 255 255 255 255
263.706 478.6 0 255 255 255 255
261.997 478.894 0 255 255 255 255
261.976 480.894 0 255 255 255 255
261.956 482.894 0 255 255 255 255
261.935 484.894 0 255 255 255 255
261.915 486.894 0 255 255 255 255
261.894 488.894 0 255 255 255 255
261.874 490.894 0 255 255 255 255
261.853 492.893 0 255 255 255 255
261.833 494.893 0 255 255 255 255
261.812 496.893 0 255 255 255 255
261.007 498.1 0 255 255 255 255
259.007 498.1 0 255 255 255 255
257.007 498.1 0 255 255 255 255
255.007 498.1 0 255 255 255 255
253.007 498.1 0 255 255 255 255
251.007 498.1 0 255 255 255 255
249.007 498.1 0 255 255 255 255
247.007 498.1 0 255 255 255 255
245.007 498.1 0 255 255 255 255
243.007 498.1 0 255 255 255 255
241.007 498.1 0 255 255 255 255
239.007 498.1 0 255 255 255 255
237.007 498.1 0 255 255 255 255
235.007 498.1 0 255 255 255 255
262.1 460.7 0 255 255 255 255
264.1 460.7 0 255 255 255 255
266.1 460.7 0 255 255 255 255
268.1 460.7 0 255 255 255 255
270.1 460.7 0 255 255 255 255
272.1 460.7 0 255 255 255 255
274.1 460.7 0 255 255 255 255
276.1 460.7 0 255 255 255 255
277.596 460.2 0 255 255 255 255
277.582 458.2 0 255 255 255 255
277.567 456.2 0 255 255 255 255
277.553 454.2 0 255 255 255 255
277.538 452.2 0 255 255 255 255
277.523 450.2 0 255 255 255 255
277.509 448.2 0 255 255 255 255
277.459 446.201 0 255 255 255 255
277.083 444.241 0 255 255 255 255
276.232 442.44 0 255 255 255 255
274.849 441.01 0 255 255 255 255
273.081 440.092 0 255 255 255 255
271.132 439.666 0 255 255 255 255
269.135 439.627 0 255 255 255 255
267.166 439.954 0 255 255 255 255
265.337 440.745 0 255 255 255 255
263.849 442.065 0 255 255 255 255
262.871 443.799 0 255 255 255 255
262.398 445.736 0 255 255 255 255
262.289 447.732 0 255 255 255 255
262.26 449.732 0 255 255 255 255
262.231 451.732 0 255 255 255 255
262.202 453.731 0 255 255 255 255
262.173 455.731 0 255 255 255 255
262.143 457.731 0 255 255 255 255
262.114 459.731 0 255 255 255 255
3 0 1 2
3 3 4 5
3 6 7 8
3 9 10 11
3 12 13 14
3 15 16 17
3 18 19 20
3 21 22 23
3 24 25 26
3 27 28 29
3 30 31 32
3 33 34 35
3 36 37 38
3 39 40 41
3 42 43 44
3 45 46 47
3 48 49 50
3 51 52 53
3 54 55 56
3 57 58 59
3 60 61 62
3 63 64 65
3 66 67 68
3 69 70 71
3 72 73 74
3 75 76 77
3 78 79 80
3 81 82 83
3 84 85 86
3 87 88 89
3 90 91 92
3 93 94 95
3 96 97 98
3 99 100 101
3 102 103 104
3 105 106 107
3 108 109 110
3 111 112 113
3 114 115 116
3 117 118 119
3 120 121 122
3 123 124 125
3 126 127 128
3 129 130 131
3 132 133 134
3 135 136 137
3 138 139 140
3 141 142 143
3 144 145 146
3 147 148 149
3 150 151 152
3 153 154 155
3 156 157 158
3 159 160 161
3 162 163 164
3 165 166 167
3 168 169 170
3 171 172 173
3 174 175 176
3 177 178 179
3 180 181 182
3 183 184 185
3 186 187 188
3 189 190 191
3 192 193 194
3 195 196 197
3 198 199 200
3 201 202 203
3 204 205 206
3 207 208 209
3 210 211 212
3 213 214 215
3 216 217 218
3 219 220 221
3 222 223 224
3 225 226 227
3 228 229 230
3 231 232 233
3 234 235 236
3 237 238 239
3 240 241 242
3 243 244 245
3 246 247 248
3 249 250 251
3 252 253 254
3 255 256 257
3 258 259 260
3 261 262 263
3 264 265 266
3 267 268 269
3 270 271 272
3 273 274 275
3 276 277 278
3 279 280 281
3 282 283 284
3 285 286 287
3 288 289 290
3 291 292 293
3 294 295 296
3 297 298 299
3 300 301 302
3 303 304 305
3 306 307 308
3 309 310 311
3 312 313 314
3 315 316 317
3 318 319 320
3 321 322 323
3 324 325 326
3 327 328 329
3 330 331 332
3 333 334 335
3 336 337 338
3 339 340 341
3 342 343 344
3 345 346 347
3 348 349 350
3 351 352 353
3 354 355 356
3 357 358 359
3 360 361 362
3 363 364 365
3 366 367 368
3 369 370 371
3 372 373 374
3 375 376 377
3 378 379 380
3 381 382 383
3 384 385 386
3 387 388 389
3 390 391 392
3 393 394 395
3 396 397 398
3 399 400 401
3 402 403 404
3 405 406 407
3 408 409 410
3 411 412 413
3 414 415 416
3 417 418 419
3 420 421 422
3 423 424 425
3 426 427 428
3 429 430 431
3 432 433 434
3 435 436 437
3 438 439 440
3 441 442 443
3 444 445 446
3 447 448 449
3 450 451 452
3 453 454 455
3 456 457 458
3 459 460 461
3 462 463 464
3 465 466 467
3 468 469 470
3 471 472 473
3 474 475 476
3 477 478 479
3 480 481 482
3 483 484 485
3 486 487 488
3 489 490 491
3 492 493 494
3 495 496 497
3 498 499 500
3 501 502 503
3 504 505 506
3 507 508 509
3 510 511 512
3 513 514 515
3 516 517 518
3 519 520 521
3 522 523 524
3 525 526 527
3 528 529 530
3 531 532 533
3 534 535 536
3 537 538 539
3 540 541 542
3 543 544 545
3 546 547 548
3 549 550 551
3 552 553 554
3 555 556 557
3 558 559 560
3 561 562 563
3 564 565 566
3 567 568 569
3 570 571 572
3 573 574 575
3 576 577 578
3 579 580 581
3 582 583 584
3 585 586 587
3 588 589 590
3 591 592 593
3 594 595 596
3 597 598 599
3 600 601 602
3 603 604 605
3 606 607 608
3 609 610 611
3 612 613 614
3 615 616 617
3 618 619 620
3 621 622 623
3 624 625 626
3 627 628 629
3 630 631 632
3 633 634 635
3 636 637 638
3 639 640 641
3 642 643 644
3 645 646 647
3 648 649 650
3 651 652 653
3 654 655 656
3 657 658 659
3 660 661 662
3 663 664 665
3 666 667 668
3 669 670 671
3 672 673 674
3 675 676 677
3 678 679 680
3 681 682 683
3 684 685 686
3 687 688 689
3 690 691 692
3 693 694 695
3 696 697 698
3 699 700 701
3 702 703 704
3 705 706 707
3 708 709 710
3 711 712 713
3 714 715 716
3 717 718 719
3 720 721 722
3 723 724 725
3 726 727 728
3 729 730 731
3 732 733 734
3 735 736 737
3 738 739 740
3 741 742 743
3 744 745 746
3 747 748 749
3 750 751 752
3 753 754 755
3 756 757 758
3 759 760 761
3 762 763 764
3 765 766 767
3 768 769 770
3 771 772 773
3 774 775 776
3 777 778 779
3 780 781 782
3 783 784 785
3 786 787 788
3 789 790 791
3 792 793 794
3 795 796 797
3 798 799 800
3 801 802 803
3 804 805 806
3 807 808 809
3 810 811 812
3 813 814 815
3 816 817 818
3 819 820 821
3 822 823 824
3 825 826 827
3 828 829 830
3 831 832 833
3 834 835 836
3 837 838 839
3 840 841 842
3 843 844 845
3 846 847 848
3 849 850 851
3 852 853 854
3 855 856 857
3 858 859 860
3 861 862 863
3 864 865 866
3 867 868 869
3 870 871 872
3 873 874 875
3 876 877 878
3 879 880 881
3 882 883 884
3 885 886 887
3 888 889 890
3 891 892 893
3 894 895 896
3 897 898 899
3 900 901 902
3 903 904 905
3 906 907 908
3 909 910 911
3 912 913 914
3 915 916 917
3 918 919 920
3 921 922 923
3 924 925 926
3 927 928 929
3 930 931 932
3 933 934 935
3 936 937 938
3 939 940 941
3 942 943 944
3 945 946 947
3 948 949 950
3 951 952 953
3 954 955 956
3 957 958 959
3 960 961 962
3 963 964 965
3 966 967 968
3 969 970 971
3 972 973 974
3 975 976 977
3 978 979 980
3 981 982 983
3 984 985 986
3 987 988 989
3 990 991 992
3 993 994 995
3 996 997 998
3 999 1000 1001
3 1002 1003 1004
3 1005 1006 1007
3 1008 1009 1010
3 1011 1012 1013
3 1014 1015 1016
3 1017 1018 1019
3 1020 1021 1022
3 1023 1024 1025
3 1026 1027 1028
3 1029 1030 1031
3 1032 1033 1034
3 1035 1036 1037
3 1038 1039 1040
3 1041 1042 1043
3 1044 1045 1046
3 1047 1048 1049
3 1050 1051 1052
3 1053 1054 1055
3 1056 1057 1058
3 1059 1060 1061
3 1062 1063 1064
3 1065 1066 1067
3 1068 1069 1070
3 1071 1072 1073
3 1074 1075 1076
3 1077 1078 1079
3 1080 1081 1082
3 1083 1084 1085
3 1086 1087 1088
3 1089 1090 1091
3 1092 1093 1094
3 1095 1096 1097
3 1098 1099 1100
3 1101 1102 1103
3 1104 1105 1106
3 1107 1108 1109
3 1110 1111 1112
3 1113 1114 1115
3 1116 1117 1118
3 1119 1120 1121
3 1122 1123 1124
3 1125 1126 1127
3 1128 1129 1130
3 1131 1132 1133
3 1134 1135 1136
3 1137 1138 1139
3 1140 1141 1142
3 1143 1144 1145
3 1146 1147 1148
3 1149 1150 1151
3 1152 1153 1154
3 1155 1156 1157
3 1158 1159 1160
3 1161 1162 1163
3 1164 1165 1166
3 1167 1168 1169
3 1170 1171 1172
3 1173 1174 1175
3 1176 1177 1178
3 1179 1180 1181
3 1182 1183 1184
3 1185 1186 1187
3 1188 1189 1190
3 1191 1192 1193
3 1194 1195 1196
3 1197 1198 1199
3 1200 1201 1202
3 1203 1204 1205
3 1206 1207 1208
3 1209 1210 1211
3 1212 1213 1214
3 1215 1216 1217
3 1218 1219 1220
3 1221 1222 1223
3 1224 1225 1226
3 1227 1228 1229
3 1230 1231 1232
3 1233 1234 1235
3 1236 1237 1238
3 1239 1240 1241
3 1242 1243 1244
3 1245 1246 1247
3 1248 1249 1250
3 1251 1252 1253
3 1254 1255 1256
3 1257 1258 1259
3 1260 1261 1262
3 1263 1264 1265
3 1266 1267 1268
3 1269 1270 1271
3 1272 1273 1274
3 1275 1276 1277
3 1278 1279 1280
3 1281 1282 1283
3 1284 1285 1286
3 1287 1288 1289
3 1290 1291 1292
3 1293 1294 1295
3 1296 1297 1298
3 1299 1300 1301
3 1302 1303 1304
3 1305 1306 1307
3 1308 1309 1310
3 1311 1312 1313
3 1314 1315 1316
3 1317 1318 1319
3 1320 1321 1322
3 1323 1324 1325
3 1326 1327 1328
3 1329 1330 1331
3 1332 1333 1334
3 1335 1336 1337
3 1338 1339 1340
3 1341 1342 1343
3 1344 1345 1346
3 1347 1348 1349
3 1350 1351 1352
3 1353 1354 1355
3 1356 1357 1358
3 1359 1360 1361
3 1362 1363 1364
3 1365 1366 1367
3 1368 1369 1370
3 1371 1372 1373
3 1374 1375 1376
3 1377 1378 1379
3 1380 1381 1382
3 1383 1384 1385
3 1386 1387 1388
3 1389 1390 1391
3 1392 1393 1394
3 1395 1396 1397
3 1398 1399 1400
3 1401 1402 22958080
